2000 1998 239 872
1329 419
1979 1608
1651 674
1558 1547
1294 1064
1155 759
1195 576
1508 1294
1734 1315
314 156
544 140
1890 1181
1304 630
788 67
1425 1373
1028 114
550 241
864 386
1795 1127
1294 458
1499 1311
543 42
1941 1032
1420 572
1364 348
1564 511
1918 1375
834 85
1781 382
1378 1303
1825 410
1101 812
1892 1625
1925 88
1627 138
1671 1014
1924 1315
1101 68
427 109
1471 1048
1051 296
1398 16
1979 64
709 425
1096 294
1206 956
424 250
1325 957
1641 207
1137 1014
1437 655
1088 368
1170 27
1173 196
1389 1376
1834 564
1220 924
1890 1010
1477 1446
1755 636
1551 1428
607 561
577 168
1375 495
1501 957
1322 500
1292 766
1142 958
619 234
1515 994
248 43
1883 982
1903 1721
1403 210
1689 801
620 375
1752 1595
330 96
1067 855
1046 187
911 51
1330 1246
1453 1081
1037 213
1310 465
881 496
1821 1577
1440 262
1360 962
962 693
1926 180
686 363
1996 439
1707 651
688 78
1761 707
1733 348
1573 1301
1280 682
1573 1427
1787 151
1956 308
733 644
1328 1039
1322 802
1117 732
1568 219
1531 1263
103 52
1403 475
1657 1644
1893 1063
1327 1264
1284 860
1991 36
743 349
1893 922
793 341
1018 603
1963 225
1849 1482
53 42
1489 1267
1501 137
1280 1171
1000 762
1941 1555
1751 80
812 535
1923 1857
1476 1249
1315 1269
1522 186
1975 1651
778 245
1066 408
1188 999
1339 596
1184 788
1220 610
1333 704
1372 613
1320 56
1777 766
1313 146
1419 686
1745 1524
1806 1028
1079 1052
1565 144
416 156
1626 561
427 417
1274 1252
1671 530
981 836
1708 344
1012 62
1715 1122
1708 1572
1617 627
1470 1367
1514 838
1640 316
504 125
1789 1318
1422 352
1362 1070
1138 604
1987 1051
947 661
1926 227
653 368
1932 519
1282 596
1452 1120
1868 1706
1277 256
707 487
1745 258
618 118
1986 1021
617 221
1038 513
1044 365
1843 1654
900 457
1649 132
1547 1459
1724 442
1188 886
1202 409
880 313
1635 618
1334 910
1942 497
1114 325
317 37
1664 412
1006 140
1738 1281
391 182
1387 560
913 814
1376 1039
898 783
895 509
944 694
1645 1130
1046 503
696 166
1945 666
1270 797
549 446
1191 1070
1910 1521
1093 369
1729 155
1722 1011
1566 10
1492 260
1334 794
1718 1652
1775 1511
1459 542
1783 1438
982 512
672 356
1942 751
560 90
1869 947
838 365
911 286
1970 1820
1913 459
1996 1600
962 377
1007 20
676 486
1275 103
1822 1668
1884 1349
1769 407
1552 240
840 570
1617 846
1485 661
1226 1031
1933 1883
1084 842
1617 832
1702 1274
1792 1593
1230 1169
1317 686
1524 1037
1340 273
1784 556
258 236
1946 946
1473 892
798 295
441 314
1075 32
964 172
1556 840
886 500
1888 168
1138 243
1175 295
1357 837
1263 822
1495 1461
357 5
1414 1033
1336 1166
816 134
1952 1263
1204 794
543 523
1878 880
1155 1021
1312 1107
803 535
798 425
1937 532
1132 44
1368 983
1150 68
412 281
689 314
1768 794
711 615
1999 221
1693 78
1233 1071
1947 1475
975 924
1190 591
1492 1355
1733 1655
610 542
445 364
1468 1440
1873 1116
646 380
1422 171
1896 1541
1591 1463
1408 329
1475 163
1344 629
1356 414
1168 452
814 421
926 395
1669 1183
1738 931
1916 767
1313 173
590 287
1526 923
1941 1671
1298 410
784 309
1478 1198
1023 1013
1913 1066
844 752
1286 681
1747 1359
1004 899
359 302
471 453
182 171
1834 932
1659 1449
1920 1070
1081 863
1637 132
1787 735
1794 897
1877 544
295 199
1900 874
314 312
1559 1004
1167 552
1871 1388
925 121
1741 1475
1855 123
764 335
1891 1485
1739 976
1651 874
1052 1025
1895 1202
1783 713
981 127
1634 36
1622 579
1369 194
1810 735
1192 370
1472 1331
1972 962
1830 477
1411 1097
1602 1110
1048 764
1657 1578
625 508
1799 1486
1907 1156
990 616
1213 1074
1567 1063
1220 446
1473 127
1823 1068
1768 692
1575 665
367 271
1880 766
825 804
1838 1419
1148 504
1762 1077
1392 100
1740 304
1846 1794
1808 748
422 227
285 267
1304 583
751 683
1188 579
982 210
880 269
1128 636
1019 331
1974 16
1856 347
1916 1791
1201 11
1905 1645
733 312
794 641
1196 527
1061 133
1288 402
1227 897
1307 761
1251 297
213 201
1207 402
1828 1252
1836 1253
1922 1726
793 390
1198 64
1329 203
893 683
1946 1432
1352 963
1371 1052
283 43
839 746
1059 178
1031 362
1887 196
1914 921
1285 457
829 451
1351 177
1665 1241
610 164
1678 750
1539 719
1269 235
1758 814
896 818
968 246
1857 570
1005 85
943 683
605 269
1945 1595
1597 1016
600 97
480 72
1879 416
1365 468
1387 320
1035 408
1762 249
1584 1402
458 269
1601 599
1409 1387
1109 652
1337 372
1494 523
880 61
1408 480
1713 457
904 80
1815 1747
1900 1434
1083 204
1202 919
1425 1330
1257 966
1181 1016
1928 113
1885 7
1193 409
565 527
1712 1344
1848 1187
697 680
686 217
846 391
1082 224
1681 816
834 623
1110 783
1378 681
1134 231
1669 534
775 332
891 277
1625 1095
1934 1838
1543 1204
1906 1894
1209 1077
1390 1053
1644 1
1856 1290
1033 77
1680 1599
1098 528
596 151
1881 1305
1460 1161
1768 273
597 573
1585 1093
316 153
1481 309
1661 1216
1842 46
1261 682
1927 1655
906 558
932 280
429 15
1686 1036
466 44
554 138
664 493
1650 1486
1647 1177
1466 193
1815 1570
957 164
734 222
1075 252
1869 298
1436 245
239 156
318 175
1647 1502
1984 659
1359 282
1301 135
1956 1609
1965 797
1458 301
1889 264
691 542
1577 362
721 258
1805 1567
1636 1009
1376 222
1966 1715
1947 884
563 151
1761 1040
1876 1510
754 577
1803 276
1714 585
1920 1086
1186 1095
1909 432
1079 691
1517 1393
501 18
1000 866
971 455
255 249
1994 173
1144 896
1672 715
1052 648
1680 1124
1023 994
1881 998
1486 510
242 200
431 176
1103 390
749 71
1807 434
1827 325
1404 128
1334 259
1830 501
1873 126
335 160
465 306
1793 1307
568 455
1808 173
1820 1511
1856 887
1219 624
1867 1652
1058 271
706 232
1166 424
1899 1788
570 290
1856 779
829 146
814 296
1413 548
651 92
1836 819
1746 1073
1555 817
947 47
1038 138
1800 831
1076 194
1665 631
963 658
1404 336
1947 433
1547 521
1418 561
1446 1008
1462 1161
822 678
1326 1049
1113 289
1633 107
1192 338
1231 150
1907 323
1497 57
1759 965
1266 996
1066 920
1998 1196
345 19
1620 1403
1334 193
1599 148
877 795
1695 188
1074 59
1562 1285
1292 146
1972 740
779 286
1636 1510
1704 1353
944 730
1452 639
1523 834
1011 399
1732 31
1635 879
890 703
1501 1278
1684 48
772 723
1346 350
1153 796
1397 1377
505 146
1456 190
1190 529
1460 592
1810 1055
1917 1590
1895 717
920 640
1006 509
783 671
1231 399
1729 1703
253 53
932 269
1638 857
630 401
1634 140
1246 1112
896 856
1910 915
662 621
1225 408
1221 669
853 729
1886 1388
1282 144
1143 310
1788 490
400 174
1307 1079
1513 774
1728 1680
1216 334
1761 1122
1822 819
1132 1027
1467 49
1290 292
1563 158
808 146
421 344
846 307
1834 924
1511 302
265 110
1859 1378
1805 421
272 153
1981 675
1951 337
1706 811
1686 319
1664 228
1171 1131
1796 1262
1620 1345
1300 664
1014 330
1729 1527
1672 69
1780 1061
1645 96
759 90
395 109
1889 1661
693 9
1317 747
1763 1663
1418 321
1308 1260
1369 1053
609 92
1976 639
1900 1497
1875 781
1532 1515
1439 101
1678 298
924 545
1956 777
1765 994
1350 611
1735 686
1899 1487
857 689
1094 950
1965 1184
1146 182
1683 222
1548 910
1204 291
709 175
1446 556
1517 1453
1901 974
1351 383
1975 72
1278 443
1781 1349
669 421
1952 22
1604 1323
1891 883
740 633
1831 485
1186 674
1804 543
1598 517
1993 126
1551 516
1676 44
845 405
1715 1036
1098 1050
1524 583
1581 1123
513 200
590 549
1158 803
1610 888
555 103
1513 848
823 258
1079 19
1164 365
1317 561
1231 617
1181 649
1746 1588
1708 1422
1043 551
1860 105
1136 607
1786 1455
1734 820
1418 767
1626 210
1990 303
628 243
1772 225
568 439
1537 1059
1357 857
1638 1031
1973 1238
1206 6
1642 542
1338 1285
1824 802
993 777
773 583
1291 696
988 945
753 239
840 223
1248 499
912 440
236 154
657 508
1375 369
1904 1888
1599 1192
1406 811
933 827
410 226
979 320
1334 1024
1445 1283
1860 924
575 241
718 226
1453 920
1902 1230
1506 1374
1978 1204
1701 1700
959 145
1472 1140
1215 586
1542 915
1721 1496
1870 376
794 692
762 204
1463 869
1591 402
1772 656
1393 235
1163 594
1224 273
1519 287
889 453
544 177
1708 31
1583 1006
1675 127
1385 396
1708 1250
1957 1231
1642 745
1511 982
1157 69
1424 989
1902 1686
1923 209
1993 1924
468 363
1424 598
1695 964
1417 1303
1328 191
1745 674
1590 703
1597 1535
943 614
1079 607
1770 822
590 527
1188 115
1056 503
1677 222
1834 1294
1623 406
1604 708
1494 410
1188 487
1435 814
1539 569
1921 539
260 234
1769 1755
1210 255
1572 908
1914 1597
681 364
1056 630
1570 1429
1950 81
1822 591
208 177
1044 597
821 211
136 24
813 308
1094 529
900 636
1076 219
1580 1246
1070 444
392 382
1669 46
560 155
396 365
1154 950
1834 412
1139 968
1786 1073
1548 1102
1577 1048
1011 23
1957 1895
1675 743
1629 543
1216 385
1501 1412
1816 1495
1089 827
1965 427
1481 1163
1068 106
255 26
1356 1309
1601 670
1819 1190
538 155
538 240
1100 1095
1635 1274
1588 538
352 294
1415 662
1832 740
248 23
1790 1323
1548 1300
964 207
1905 739
1779 221
1791 693
1936 530
1667 620
1175 578
982 412
1498 1368
1208 926
843 757
1872 1285
1683 766
1862 880
1309 990
1655 1563
1425 900
850 340
1867 1566
1989 999
1718 1131
1637 1420
1863 1842
1228 404
1689 1149
1466 378
899 823
1899 1782
420 410
1828 55
1529 806
1206 1142
1495 446
1739 1621
1645 1571
1427 833
1680 1637
1970 837
1018 84
463 437
967 862
533 357
1673 1478
1316 550
537 472
1932 328
809 68
814 565
1498 271
1148 622
1712 880
1601 1335
1698 1137
1575 1306
1290 742
1338 583
208 178
1812 627
140 114
1969 1207
1386 618
795 697
1222 531
1733 944
1548 439
1509 377
199 28
358 171
1498 1376
1558 486
842 160
1171 924
1628 1217
396 313
1460 454
1679 51
1057 252
904 130
1920 151
1642 654
1030 89
1556 922
1416 1071
1863 1475
1204 534
1568 561
1401 302
1796 1560
1115 484
532 21
1211 628
528 498
217 190
1737 353
1680 1130
1106 906
1465 645
1702 1375
613 276
1225 414
1637 784
1605 1099
1974 1432
1823 1140
1299 117
1985 222
1000 105
930 328
1218 403
1331 1102
1758 942
1047 982
1265 1121
665 541
1716 815
1023 983
771 20
1559 910
1642 23
1679 546
959 863
1208 839
1447 106
220 100
292 239
1461 1405
1791 1440
1690 224
1621 1604
888 580
1835 147
1843 930
469 53
1885 1767
1772 1070
782 564
824 703
1991 329
1064 113
1668 391
1672 150
720 323
1936 500
1344 1314
1378 1075
762 229
1570 755
1967 1534
1757 103
695 118
1597 677
1777 1354
1383 1054
654 155
1597 1054
1012 424
1922 815
389 132
1005 467
1730 1019
1882 107
1396 489
1785 167
445 225
1023 595
1106 316
362 76
1535 252
1147 94
339 5
1988 453
912 479
1694 1575
1236 134
1958 244
1753 792
927 843
1750 448
1697 10
419 155
1014 520
912 535
849 542
1934 535
1826 650
1355 105
1275 1117
1718 521
942 819
1538 1360
1438 872
1216 735
1586 386
692 403
1035 619
1595 1450
1267 1158
747 135
923 738
1856 1815
1200 98
1361 99
778 224
1478 919
1644 548
1960 1546
1866 457
1454 1293
1214 901
1539 754
867 619
1140 807
1930 383
1970 748
1951 1022
1783 1482
179 10
864 480
1725 1184
981 573
1896 626
1768 1348
1698 838
1462 943
462 219
1499 1004
588 512
1559 839
158 115
1406 1013
1511 1488
683 111
1925 1668
873 203
1882 1738
1477 35
1463 366
1887 1680
1073 336
1896 1343
1342 120
1505 1329
1046 452
300 24
854 476
975 882
1825 343
1780 71
529 160
1537 120
491 248
1536 238
1542 543
1590 885
951 690
1887 1667
1588 621
1366 834
1077 560
979 322
1984 1154
1028 915
1616 812
1820 1556
1586 401
1874 797
523 228
1757 1471
1953 68
1987 1429
683 94
950 363
1708 561
1627 709
1828 1245
1307 1095
1325 906
300 295
515 284
318 109
1822 111
1349 259
1940 980
1829 236
1856 1026
1218 217
1310 1212
1278 395
736 153
1687 332
1090 188
1620 1013
872 154
1511 1125
1210 311
1348 865
1464 1217
292 266
1469 565
1998 1426
1282 658
1917 1629
1422 555
1540 1332
1991 915
430 14
1964 1027
1942 1211
1052 95
1785 1474
1681 639
1603 633
368 48
244 67
1790 726
1493 822
1878 444
1733 235
1504 467
1815 85
1186 601
1674 75
1293 812
1736 201
324 139
1652 835
1109 826
1530 543
1260 998
1127 173
1531 520
1025 450
1447 138
1433 196
423 28
1197 173
1516 1222
1680 253
668 196
1520 1119
945 888
833 228
1509 802
1652 1055
1999 23
1831 983
1142 528
1974 452
1888 1467
1903 15
1798 775
1746 824
1896 844
1664 1067
1717 452
964 924
1321 351
726 459
1731 290
1853 1148
1512 465
472 459
975 452
1207 209
1630 724
1966 294
1967 589
1564 229
1927 723
1146 706
871 835
1708 915
1705 627
1961 322
817 330
1435 631
1620 1234
1739 253
1911 40
1491 244
764 544
1173 500
313 42
1136 85
426 25
1642 663
932 104
1571 1385
1496 150
1503 405
1754 483
1737 440
629 358
1970 1678
1180 350
1750 719
1337 379
1864 1001
1337 935
1584 1270
600 109
1753 214
1560 1110
1104 412
1581 1185
1371 1353
1302 388
1287 975
1573 1344
1599 667
1997 1028
872 828
1097 342
1594 1235
1416 390
1000 562
493 134
1989 1508
951 81
1939 561
1000 561
626 385
1915 1210
1584 536
1924 183
1686 108
1931 71
1396 540
907 824
1516 478
1261 778
1453 804
1883 375
1682 680
1782 851
952 591
1174 757
1800 236
927 122
1176 698
1301 71
1639 1413
1561 917
1741 129
1356 689
1803 1710
1532 414
1754 779
1593 1302
1777 1208
1050 176
1081 1060
1472 425
1556 869
1899 171
1851 1730
910 547
1915 1555
142 30
1539 1050
1590 521
216 130
1504 1326
1307 700
1843 598
1368 1221
1300 1073
1921 1107
1790 1179
703 576
1875 1566
1804 811
1915 1414
1667 285
660 312
1564 1041
1567 447
1197 112
341 279
1606 366
825 65
872 320
545 138
1032 828
1630 655
859 727
903 433
1907 1367
1843 195
1024 847
1668 881
1778 716
1333 524
1829 1518
1688 1405
1894 122
1027 86
1929 1311
249 196
1178 1132
1846 187
1508 917
1891 1811
1673 1318
1330 319
694 277
1472 887
917 259
1261 660
604 563
1610 1374
1964 1691
649 620
314 260
1478 1268
757 712
436 352
1090 324
1728 1467
1585 1245
268 108
827 128
1175 1108
1402 636
1997 764
750 61
1691 386
1592 51
782 325
1397 1010
1773 617
598 38
1305 1230
1331 804
1969 1414
850 309
1402 342
1785 1442
166 1
1451 814
1181 822
935 411
1470 244
776 139
1140 481
1782 17
988 899
1521 1126
513 292
1917 1643
1133 449
1665 356
1901 804
1320 189
1497 1321
1795 104
514 252
1915 1879
1449 236
1108 546
1355 557
904 633
1158 689
1637 232
969 61
1899 264
1237 46
975 204
1082 204
1878 1787
1311 904
1593 962
1177 1018
1827 1352
1582 129
1254 847
1742 1479
1063 464
1253 844
1101 741
1420 944
1242 207
1872 346
1977 948
1517 1496
491 490
596 188
732 637
1467 525
525 455
1724 1535
558 26
1304 932
1972 528
1477 650
503 311
1584 213
775 463
1651 1408
1680 575
1945 1830
1011 959
1455 1271
1899 1704
1930 1547
878 528
1860 1416
1265 901
1524 590
1366 572
1069 354
1737 740
611 250
1202 977
1722 132
1531 1435
1223 200
1363 766
1398 294
1975 357
1763 1191
1135 465
1694 246
1561 1368
1258 831
1761 1160
1573 89
1025 935
1825 375
970 880
1651 1053
961 825
1860 1690
1813 480
1731 859
1940 197
1962 88
1946 591
272 240
1935 306
1909 803
706 185
1440 301
784 120
1978 1535
1164 924
1955 805
1905 147
221 135
1530 1002
967 833
611 184
1060 394
1913 1704
995 544
1397 1200
1900 713
1985 300
383 291
979 927
1944 26
1899 1580
1368 1192
1308 1265
1253 37
1499 706
1559 435
1574 1505
1590 748
1822 486
1278 633
941 627
1270 916
1945 1772
1948 523
1936 1044
1557 583
1599 382
406 221
826 652
1243 554
1437 1074
832 247
1575 192
300 166
299 272
704 437
1569 604
674 73
1613 199
1166 611
1919 1831
1765 905
547 360
1039 42
1537 260
1337 756
1749 44
727 72
1885 731
1448 1179
1446 568
548 113
1636 1128
490 213
1953 300
1954 879
1896 223
774 331
1473 1034
1774 1672
933 118
1687 917
828 815
878 123
1152 862
1602 276
1846 1671
1966 352
1390 1204
566 494
1599 1363
538 199
1170 688
1200 1153
1572 781
1214 947
659 584
530 198
600 519
564 147
1017 556
1984 587
1170 672
1745 913
1933 943
1733 1036
1134 6
983 9
1714 971
1788 944
1295 785
1958 1655
763 123
1703 27
1119 437
914 229
1740 173
953 177
1579 516
735 105
1769 368
1704 1464
1595 750
263 138
459 457
1176 27
1825 753
1611 791
1276 401
1011 709
897 533
1240 227
973 421
368 182
670 278
1952 218
1742 170
1423 906
1068 49
1870 602
615 292
1452 11
1345 298
1300 782
1124 399
1348 232
1180 160
634 577
458 412
1739 1649
761 585
1919 92
1224 278
548 178
1370 844
978 158
719 1
1500 1402
1917 803
1636 726
1948 1493
1389 1268
1346 325
1643 1530
1671 1501
1590 689
1770 1537
1580 1296
1990 890
1735 452
1945 1024
1024 687
1047 648
1561 176
1603 1381
1308 646
1957 1765
513 144
1868 1355
1398 673
1662 1209
1451 1199
1162 161
1796 1659
1955 1083
1160 1150
1976 898
901 302
1355 212
1956 1562
851 292
370 341
1885 2
1038 45
1744 737
757 28
767 95
1513 964
1122 1010
1481 577
1980 1323
1204 836
959 253
1528 621
1833 1476
1612 53
1567 1057
880 342
464 230
1322 130
1747 1734
1872 41
673 455
1953 703
1300 1070
1509 413
1048 405
1549 433
1647 211
751 337
1537 1080
1871 1403
1146 572
634 524
1704 1311
1798 130
413 368
1506 701
1879 1657
668 250
663 258
1220 708
885 237
763 517
998 93
1750 1148
1204 97
938 736
2000 1195
1496 1174
1251 338
1033 236
1798 894
723 170
997 979
676 668
477 275
978 28
1355 449
1820 10
279 179
973 32
1593 912
953 168
1780 1651
1032 176
761 236
1207 240
1361 1297
1250 384
882 401
1902 1063
368 355
1808 1533
1028 166
1380 367
1345 794
761 361
414 326
1884 1797
1323 482
1536 752
572 7
1659 59
1170 31
1572 211
1651 214
1981 682
1610 131
1394 509
1939 646
1400 1348
1436 1051
852 48
1063 289
799 282
890 142
1233 152
1526 647
1100 344
1650 374
531 456
1869 1625
1534 21
1895 839
1357 1134
1433 654
1372 445
571 557
1811 1722
1531 1287
379 110
867 437
1646 1539
1532 352
1426 216
1949 432
1858 1118
1095 778
1617 184
1712 514
693 479
1862 1326
1499 841
1751 1249
1715 497
1075 370
1216 987
1979 878
1924 417
870 69
647 351
1917 1716
1066 837
1257 1065
1685 795
1695 1657
1276 92
1665 1338
1645 518
1100 178
1037 1032
1777 754
836 43
454 331
1995 512
863 768
1914 276
1961 1352
1356 727
1497 179
1700 782
1885 1219
810 435
1844 1144
1086 756
1365 287
1260 935
1870 1440
1684 1106
1514 899
510 98
788 68
1860 1585
1717 968
1132 491
1815 819
1341 1219
660 6
1743 336
1364 1052
1944 267
1926 248
1053 259
751 553
916 210
1185 717
998 51
1876 12
1443 1382
1943 829
1080 567
1465 153
857 699
1857 1275
475 221
1466 211
1978 608
1285 513
1350 62
1120 1020
1263 834
407 286
875 436
1455 475
1883 1508
1716 989
1402 155
659 486
1344 441
1499 1355
1798 1347
1067 404
944 137
1332 399
1951 1203
1578 495
770 501
2000 833
1877 222
976 682
1242 959
1439 468
1715 1248
1773 1465
1940 670
1985 1798
529 144
1894 892
1461 396
1801 715
1612 483
1916 1313
1758 797
1819 363
1825 457
1691 815
1987 1335
1907 50
1308 176
643 316
1898 1161
1818 1422
1392 243
1297 494
1472 451
1554 1461
