832 710 743 333
482 196
802 592
565 317
801 565
765 697
678 93
304 103
821 397
808 67
207 24
544 350
705 322
826 238
544 387
680 372
813 129
358 41
645 261
672 448
456 225
446 411
786 65
828 378
469 28
441 240
644 334
615 603
732 62
661 536
770 671
627 43
745 516
556 455
795 686
714 346
319 315
653 177
668 651
747 82
457 13
169 8
370 100
396 95
377 236
143 76
553 227
581 454
757 343
770 639
722 606
580 392
787 589
282 73
821 32
471 132
798 489
566 249
827 246
697 216
340 258
450 209
584 514
678 449
187 88
590 237
788 223
751 728
657 605
772 504
339 17
757 54
756 437
753 47
633 70
66 28
657 548
598 107
707 623
371 293
703 97
791 353
483 58
706 178
452 182
642 413
620 93
271 83
444 319
451 299
637 527
822 393
747 89
385 99
586 19
426 76
190 55
492 301
670 620
515 132
637 578
481 335
774 209
239 53
727 375
572 25
418 337
738 290
634 593
643 28
499 280
252 246
600 424
62 21
499 353
527 478
646 52
601 306
227 56
732 368
394 29
640 379
94 62
145 138
810 343
625 234
605 531
281 276
316 116
675 600
604 286
408 224
690 406
315 278
779 473
685 558
815 178
401 6
267 168
206 58
446 256
652 237
494 281
570 306
434 313
819 1
600 453
444 314
400 205
781 83
452 371
332 141
639 342
821 303
471 188
792 443
762 186
295 80
799 309
766 223
647 513
827 122
547 153
446 14
747 79
551 56
617 102
801 260
495 248
611 573
329 267
670 185
356 285
764 300
783 237
562 510
526 189
698 184
715 140
463 15
401 277
423 350
353 325
282 35
152 48
784 771
294 37
805 187
306 114
457 126
624 271
198 68
697 668
460 162
752 272
596 132
772 136
411 69
647 96
587 122
775 400
675 325
636 544
652 548
499 84
732 203
740 475
637 171
474 207
677 541
820 213
728 331
394 64
536 207
426 95
581 122
354 113
259 183
810 219
489 381
809 441
389 25
784 562
706 515
679 333
792 477
650 4
757 101
652 326
594 242
515 15
579 128
820 756
583 402
490 370
429 219
505 302
799 40
444 265
336 273
276 268
679 478
683 457
511 323
558 77
341 245
479 12
793 404
736 145
463 94
546 469
721 410
340 248
353 45
274 216
504 487
540 76
513 442
656 520
208 91
537 347
363 334
795 41
604 575
348 153
661 628
617 99
477 170
531 332
671 97
805 14
717 356
603 253
112 80
398 363
772 324
502 188
553 487
273 236
756 144
534 292
609 412
716 240
758 435
623 543
815 559
716 310
335 281
617 494
766 114
512 132
472 279
40 5
413 167
535 86
613 607
806 302
685 473
420 412
625 22
708 221
801 632
602 385
353 290
809 790
216 28
566 301
510 408
759 557
470 9
632 79
745 657
748 298
718 322
739 386
770 725
484 426
532 21
435 169
832 599
525 371
701 685
340 32
627 117
661 380
525 198
530 228
743 728
467 305
664 496
570 341
126 109
691 308
420 305
593 183
788 456
815 249
679 635
418 119
463 85
457 293
379 95
422 159
138 43
530 101
536 289
522 10
222 60
604 130
701 9
218 80
617 502
656 401
828 497
800 440
189 131
157 34
633 547
469 89
798 93
701 208
136 61
677 154
336 53
195 175
661 179
654 364
748 239
316 74
743 500
367 94
493 253
278 144
452 204
638 52
282 202
41 37
741 554
585 376
821 77
530 495
557 420
407 49
645 595
209 47
623 531
77 60
804 671
796 499
777 591
628 440
713 408
336 196
711 169
293 47
705 78
666 199
776 159
357 122
616 543
362 13
618 373
733 252
588 375
812 331
347 253
501 214
363 73
723 226
760 39
430 139
291 34
376 168
610 410
242 33
612 502
699 559
577 259
508 214
325 212
662 342
549 249
518 396
344 32
589 198
696 490
304 163
779 159
426 225
644 469
244 156
361 35
650 561
338 278
347 141
563 9
397 164
520 228
116 62
743 540
792 472
732 487
790 283
178 92
572 399
775 496
770 525
684 302
763 104
41 1
534 342
830 51
744 43
495 341
663 366
602 177
806 369
287 200
691 399
439 81
588 557
402 55
512 477
672 321
713 109
781 659
709 90
771 464
792 523
418 196
134 94
756 193
760 49
539 494
621 416
792 25
250 173
382 72
819 282
163 150
477 431
561 41
785 664
587 386
341 200
737 286
698 496
625 13
618 172
770 582
681 355
211 165
238 169
521 311
241 128
814 362
723 714
713 557
712 699
208 31
767 53
595 177
635 187
113 27
584 259
745 120
733 696
623 176
418 376
556 156
489 220
512 319
348 266
603 72
317 101
371 115
637 226
708 593
568 157
332 41
275 231
821 573
655 462
799 485
645 153
551 330
535 93
199 24
251 86
304 227
658 424
735 505
503 80
301 131
488 426
631 334
106 60
652 443
575 173
531 27
622 565
506 403
703 167
645 258
788 204
608 321
350 5
619 276
606 185
553 2
773 98
439 238
831 711
519 141
433 361
809 130
484 475
590 39
714 635
694 285
477 396
559 334
815 807
276 186
682 316
607 32
651 172
725 381
350 64
259 225
394 227
656 297
711 478
656 471
122 52
153 8
463 120
471 318
822 267
742 95
754 284
540 413
816 262
589 552
608 7
751 29
702 479
827 91
246 50
787 196
784 553
376 240
610 444
828 308
593 161
604 482
664 86
715 196
773 661
678 642
560 71
485 377
798 438
712 56
579 180
565 303
494 88
729 519
534 468
167 128
534 428
618 392
572 377
75 34
322 117
789 787
641 391
322 146
570 333
607 95
718 337
621 599
721 58
539 118
688 491
78 34
441 59
796 473
653 10
715 602
825 568
709 341
432 302
801 396
688 377
202 150
624 429
213 141
382 19
551 57
718 550
649 518
692 557
125 2
521 438
716 35
596 326
681 190
555 111
763 489
257 160
439 386
725 226
454 226
546 15
640 545
274 243
681 447
641 157
696 234
456 129
557 264
178 2
338 76
775 518
465 144
193 32
704 69
126 123
594 338
743 462
738 66
763 616
658 53
788 73
788 36
589 434
774 526
732 228
457 353
793 68
205 180
683 203
487 6
479 398
407 79
718 498
781 9
795 130
769 146
365 274
328 70
218 134
761 497
273 161
790 683
536 513
521 215
568 120
260 245
774 23
444 401
602 394
365 72
495 200
757 6
574 401
598 74
641 637
192 69
752 604
