1203 622 3 844
792 191
410 68
596 476
962 14
1141 686
1076 250
723 219
950 351
189 64
1117 414
1146 259
796 764
614 356
504 75
582 266
1086 345
901 713
469 205
670 485
1016 409
935 279
319 66
624 233
1007 700
920 327
1140 19
401 339
1132 742
786 257
967 450
1183 278
916 599
1037 496
433 77
1112 248
1090 859
988 515
1181 280
409 238
783 246
811 741
1134 722
1115 371
839 141
660 71
1114 714
741 356
1103 400
1105 952
714 330
746 592
109 43
690 140
326 222
770 474
974 20
1173 226
1084 681
1043 493
916 225
846 692
981 434
886 180
614 304
1047 523
921 194
429 358
906 34
575 521
817 659
1049 1001
778 388
144 96
714 368
194 129
1097 396
860 584
590 164
757 479
452 227
1183 252
998 832
381 118
870 165
886 155
1123 982
1096 762
916 356
590 37
1163 97
861 291
1016 822
738 661
399 54
763 202
750 610
755 563
364 308
901 880
836 368
703 502
300 199
905 142
659 473
271 248
1062 282
1035 355
784 12
814 364
748 464
591 421
799 787
1138 795
859 246
769 321
865 600
1156 560
314 42
352 69
1102 766
336 104
938 372
357 266
505 227
630 70
1033 806
1150 822
762 268
1107 334
1181 409
1099 330
648 415
854 98
1130 607
373 45
634 431
491 87
353 265
385 149
352 334
1127 439
957 790
764 532
972 818
1115 716
354 330
921 361
1169 1022
1108 792
1185 304
429 285
1198 331
678 290
719 628
1056 762
997 299
538 165
680 529
736 223
974 934
1148 238
1165 1114
794 230
1014 82
1112 283
776 344
396 304
707 134
1174 699
783 279
1130 1069
1152 579
741 354
1018 825
484 157
635 108
255 151
393 36
874 70
957 919
1061 161
495 182
495 84
486 361
779 450
1099 1056
627 239
156 104
482 32
807 125
1029 515
610 397
852 293
623 446
359 45
725 589
780 198
951 408
728 124
1114 488
950 606
1184 594
1169 429
1103 783
1013 888
647 329
177 120
827 545
1061 1036
1182 221
546 227
593 501
1178 966
510 55
944 90
104 78
996 428
1148 296
676 512
1171 841
627 463
1108 1090
668 520
889 169
1059 875
990 953
998 931
227 152
1025 86
1018 697
1133 843
549 259
615 449
575 142
697 552
921 888
914 234
964 372
324 296
839 558
925 602
572 558
823 67
868 586
865 285
895 614
1195 399
462 311
480 216
975 405
1118 707
807 297
986 331
888 303
627 530
859 704
366 224
1071 1041
823 202
1004 480
1103 284
1043 407
1075 940
429 35
955 58
639 157
902 727
1064 361
952 170
455 23
56 30
820 432
631 353
781 143
1016 847
1198 947
937 72
1027 308
1172 463
527 6
959 553
848 695
1109 313
399 244
125 55
953 325
1191 55
373 353
891 728
742 234
1006 715
660 277
332 23
1175 896
247 70
580 210
290 269
448 83
1095 657
988 165
885 425
783 85
1017 664
1044 709
588 549
907 187
667 143
1079 961
1052 912
944 592
306 85
1162 114
703 31
1063 192
1156 143
754 11
489 60
165 23
331 318
1190 1066
739 489
1130 1038
1047 725
1169 724
1136 700
721 262
604 391
682 503
1159 1125
838 215
1094 966
957 791
884 242
1152 550
521 498
435 125
685 401
1106 205
912 604
266 123
621 56
1121 1085
1058 825
1034 391
960 766
803 613
460 185
533 109
787 41
1143 850
401 247
637 358
615 313
329 265
605 113
751 29
746 330
724 29
1125 251
579 132
847 61
830 149
1128 564
806 544
1119 34
824 466
1136 921
1185 154
905 82
652 198
803 344
797 606
495 5
984 653
813 577
115 45
589 132
509 87
703 291
629 248
1187 459
926 438
887 398
660 301
750 415
532 336
436 305
865 764
945 31
777 381
929 305
1058 120
263 116
725 427
768 331
449 289
248 10
470 238
769 355
1073 257
782 763
462 47
565 117
551 475
816 476
1176 559
414 123
783 593
1190 1069
825 10
951 252
975 814
1097 904
842 444
489 17
707 667
1049 60
597 3
452 67
1191 9
587 113
1016 50
564 353
827 48
891 149
285 259
323 96
488 248
609 174
571 190
412 276
949 781
988 305
664 274
748 405
1101 556
877 536
757 747
1124 139
941 584
534 256
435 74
854 17
967 923
1144 666
489 470
585 288
718 626
974 164
1191 304
804 4
817 770
1034 221
735 471
872 120
901 254
1170 504
855 397
1045 886
662 448
821 360
568 39
415 299
786 716
899 600
1013 177
715 671
1161 853
1101 143
1000 643
964 281
159 143
1042 707
921 367
1034 572
281 127
991 773
693 348
1137 788
653 160
901 516
825 371
785 223
698 412
723 260
1174 730
991 55
904 753
1085 592
1175 447
401 236
1102 823
1122 88
693 349
817 262
433 116
926 918
1198 421
1093 825
682 170
1202 71
1112 797
1060 1000
204 129
929 862
671 599
1112 18
719 522
911 734
1057 703
766 628
859 699
1164 448
551 500
605 343
732 333
249 159
636 242
1155 717
1153 1124
425 214
891 44
1144 20
771 277
597 431
921 272
1018 84
1153 312
1197 779
951 56
1154 85
896 596
640 374
1157 622
1175 1058
1133 88
1138 269
1192 988
778 220
1081 194
887 208
728 209
1137 45
785 260
728 610
396 21
593 97
612 554
963 282
870 174
1026 14
352 53
1079 356
716 78
289 48
1098 733
626 166
815 571
747 669
432 171
1048 599
929 163
984 229
470 329
1185 1019
1036 1016
406 310
1118 740
1139 1056
582 504
534 479
1202 804
921 668
1203 135
765 748
1094 52
848 571
1094 943
1155 893
986 942
348 297
1176 550
535 309
1039 722
710 372
171 79
259 255
477 71
1164 835
848 703
601 382
637 453
1074 962
987 744
816 674
578 330
905 168
46 34
1050 153
999 62
1157 425
985 261
1037 981
1053 288
714 51
426 21
944 766
548 493
665 575
860 696
948 82
552 223
963 304
735 480
1087 301
825 710
456 451
1135 622
1196 784
793 312
1174 584
395 291
