1999 504 457 1944
1472 195
1953 18
607 433
1027 50
1230 629
1253 176
1274 1074
1578 1486
1829 1696
483 301
1957 1489
1351 1261
476 221
1033 355
1762 202
1093 1007
709 708
468 240
1490 216
1794 196
1856 889
1779 1744
922 532
1689 661
1765 271
1105 586
1321 1006
1930 1013
1302 482
286 196
592 400
1035 573
1976 605
1953 1397
1120 950
1671 454
720 554
1728 337
775 381
1024 630
1426 186
1850 1566
1116 915
1539 647
1671 1569
1280 107
1084 248
1975 862
1652 287
1150 862
1606 446
1435 672
783 606
1116 936
1465 249
717 365
1826 584
553 459
1069 995
1753 1545
1821 867
1019 800
1601 428
1989 911
1519 1401
1946 1083
1120 563
1965 835
1108 401
1988 1626
1710 1527
857 277
1221 549
1863 289
1777 1463
646 96
1668 793
673 633
530 87
1658 1589
1343 14
1793 1107
1530 86
541 458
435 271
1572 647
1975 1472
1415 880
1653 85
1438 1159
1694 1036
1736 963
1730 1302
1709 631
1284 1169
1954 190
1371 477
637 101
999 874
1084 410
953 640
1296 1283
1622 1073
1719 1461
1039 342
612 408
816 573
1768 375
1987 657
1426 801
1739 1372
1724 77
1513 251
1143 666
1128 356
1790 1439
1205 816
1452 359
1794 1566
1617 930
626 197
1536 517
1415 521
1433 1209
525 3
1855 712
1613 1518
688 74
1959 803
1782 334
856 684
1045 283
1120 1046
365 263
1650 167
1468 1280
1706 410
1849 1434
796 353
1118 1026
1319 998
1132 127
944 546
1077 858
1746 463
1778 1494
1414 1039
1421 1317
1025 981
1555 148
1100 685
1764 236
1382 268
1136 805
1806 111
1210 683
1081 183
1893 1428
964 238
1883 634
1958 1831
1428 810
1438 137
1210 187
958 212
735 103
1925 179
1747 82
952 645
1781 1758
1320 307
1874 1288
1173 985
1690 1130
1753 1327
299 147
1202 1119
1885 674
1472 51
1955 371
1656 1076
1287 686
1775 447
569 291
1324 611
1662 989
1527 1400
860 433
1343 818
1024 132
949 171
1948 143
915 489
1798 887
1023 727
1752 1275
1609 998
1942 1843
761 199
1882 1811
1936 367
648 210
1515 1372
1674 570
1827 252
1042 173
529 343
1423 1206
1623 667
1769 576
1716 299
721 198
1045 1029
1802 848
1914 359
434 150
1529 1086
1569 1551
1777 294
793 221
1094 595
1506 367
1005 969
1356 1226
1627 263
528 176
1112 853
1210 1004
1411 1312
1131 783
414 142
1607 1364
1829 1758
1390 1279
1380 426
532 403
1860 375
914 624
1882 1817
1874 1586
1657 1029
1595 371
1197 183
1851 1165
1807 802
1618 38
1568 28
1652 1156
1980 1261
1903 467
1419 831
1912 919
1436 666
1470 1002
1770 333
1685 324
860 701
500 71
1719 867
423 44
1237 3
1538 160
991 607
430 158
1647 213
1012 1002
633 177
220 105
1832 1246
1971 450
1562 1316
627 445
1461 1385
1741 851
354 59
1158 1062
1981 922
1386 1219
766 188
1647 1036
1017 344
1321 1034
1636 690
1275 152
1940 787
1474 1014
1055 853
1471 1281
1874 1560
1683 884
1346 931
1908 1693
1966 372
1598 1344
1004 253
1363 962
1067 647
890 92
605 257
1597 1507
968 122
1774 1337
1342 555
62 24
1503 614
1696 180
1245 571
1012 613
1647 47
1824 1198
303 137
1569 78
1305 905
1389 829
1664 683
1944 1390
1952 347
1448 17
446 18
1375 170
899 573
643 204
1546 163
546 458
1913 387
1611 1305
1779 326
1366 158
1934 89
1757 1365
1737 1603
1554 1547
1581 1427
1829 1637
1304 1232
1558 1388
1970 735
1925 595
1787 530
793 661
1687 1049
852 415
935 6
1243 1217
1383 922
1303 837
675 461
217 51
1192 434
1748 1590
1354 262
1675 1378
588 350
301 30
1388 738
778 73
361 331
677 77
1987 1443
1614 1185
980 739
1542 376
1472 1028
1794 657
1519 740
1760 1613
1741 487
545 40
1350 731
1906 1743
559 369
1023 522
837 750
833 703
1963 733
774 340
1993 1666
1009 444
753 153
1429 88
1301 1211
1733 31
1843 781
1785 82
485 273
1711 249
532 367
1820 1454
1956 987
986 915
1506 33
1539 1089
1145 146
961 132
1578 1491
1827 1515
830 141
1590 878
1483 1157
1537 1096
1485 643
710 619
1015 588
1093 299
1607 1499
1595 1534
1610 1409
927 655
1775 284
1275 455
1447 1054
1550 1425
1236 748
1067 364
1913 1109
1537 108
1392 272
424 50
1984 716
1826 1158
1037 213
986 283
1847 851
1132 274
1893 954
1323 171
597 254
1599 520
1084 701
992 651
1513 722
1547 251
1961 722
1802 75
672 7
1558 1453
1848 1748
857 786
981 704
524 395
1743 1457
1921 1212
1485 1160
575 318
1477 840
1713 369
1660 1007
503 455
1918 1230
740 335
906 100
1860 179
658 309
1386 106
1521 1380
1878 819
1328 177
1899 1699
1836 928
1136 862
1468 753
1964 750
1640 811
1765 234
1770 568
1320 714
1683 1601
1393 333
1828 1258
1981 60
609 303
1974 1571
1158 764
1037 923
1002 928
1831 543
298 293
1603 791
1983 201
1414 272
1733 67
1229 857
893 655
1512 522
1670 844
878 697
1620 1400
1465 1223
1486 1363
1623 381
1197 818
1343 245
1687 41
1775 412
1345 1123
534 343
1061 209
368 70
1999 1197
1997 1518
1803 1453
1593 20
933 856
872 385
