2000 883 753 1420
1547 798
1725 3
1461 1218
970 584
1997 721
1145 165
1826 499
1854 371
1122 297
1802 663
1042 357
927 503
902 423
1552 9
1421 59
1606 1157
1426 732
1484 736
809 696
1550 964
1643 1239
1240 265
1314 1196
265 30
1825 582
1761 275
1657 116
792 455
833 385
1495 531
1127 636
1583 210
1770 36
1638 906
1732 1489
258 109
746 626
1920 407
1330 1010
1253 566
1459 1233
1421 1062
1773 1091
484 388
853 248
1951 111
705 420
1925 905
1780 1605
242 126
1802 1438
1803 67
1042 946
1528 606
72 18
720 630
1825 1499
1522 699
1635 361
1810 1356
1554 632
1520 164
1655 767
1474 1271
1284 443
1928 1376
1592 352
1992 1549
1669 267
1934 931
1941 1013
1433 575
352 346
1752 498
1908 988
1241 860
1437 516
1478 1066
914 572
1903 887
1685 522
1480 584
953 308
1130 359
1926 280
147 17
1241 1157
1243 271
1140 888
1579 712
661 359
1940 1494
1527 551
1691 71
1292 218
1947 714
1221 181
738 289
1707 559
1619 1608
605 464
1753 1257
1241 720
809 349
1398 1334
169 130
1637 723
95 31
1959 891
1848 1744
1552 533
1459 772
647 16
1499 369
1032 27
1624 1203
925 517
1909 753
349 287
1072 644
1521 2
1505 779
912 741
1538 1339
1904 716
1052 535
654 398
797 106
1918 1067
730 318
1042 627
1823 1498
1427 615
470 349
1145 66
1890 1350
1262 349
1830 1389
1520 122
1659 851
1842 1671
1685 140
916 760
1997 38
414 87
1511 244
526 313
957 196
1524 1322
1760 105
1912 1084
714 552
1416 608
1996 1463
1369 1139
1301 762
1291 376
355 279
1307 74
1875 828
712 361
525 100
706 21
1014 729
1379 626
1524 782
620 475
1963 1046
1735 1510
1250 512
942 397
1308 1181
758 680
1245 759
1789 476
1886 1047
1209 588
1953 16
1870 886
1317 38
215 123
1624 1466
1687 960
1567 914
1611 1008
1223 450
1498 224
1716 1416
1176 526
1317 156
212 111
1649 5
1970 869
1568 1325
1104 22
1108 451
717 381
1496 911
581 289
1600 87
940 755
507 404
1450 1289
1641 572
953 688
752 273
1421 496
1578 1129
1068 1050
744 723
1911 1870
1615 1250
1709 1674
1455 250
1783 807
1863 229
1544 1430
264 62
1614 957
985 786
1684 1494
1751 787
1657 37
1114 750
880 413
1888 1024
1859 978
593 18
1843 1742
322 16
1926 182
1991 1138
1563 688
446 286
548 18
1059 617
1676 1669
769 100
1795 131
1417 1205
991 820
1279 668
1296 318
1514 279
1792 1108
944 709
1345 473
288 178
715 72
1859 16
1310 1276
1926 1490
1916 1083
1038 928
1457 325
1060 258
1813 1146
1863 508
1318 384
1815 1123
1425 1061
1253 1032
662 272
789 446
395 154
1747 936
1035 909
1810 490
1343 645
710 48
1105 717
814 812
1735 1065
422 47
1442 1419
1167 253
812 304
815 662
602 598
1974 1829
1790 1596
1302 863
291 164
1110 244
1552 621
1049 687
1358 556
1937 1735
748 366
1099 820
1364 698
1760 1450
576 115
1876 226
690 423
1799 1638
1411 205
702 51
836 584
960 803
1389 525
1705 503
1641 481
1641 716
1664 811
1595 848
1851 1047
1614 1419
980 149
1406 906
880 859
1985 1563
783 706
1945 519
1396 818
1784 377
1278 18
1935 1726
1385 998
1486 1310
1723 398
1947 1616
1271 766
1431 1234
1045 622
1921 1609
1328 40
1466 1196
662 300
1391 1335
1463 660
696 569
721 174
909 779
1972 1037
1151 627
1739 1213
1305 419
1911 349
319 204
1368 353
1346 960
1568 1482
1549 364
1279 227
1862 1402
1132 979
1546 1334
1245 356
920 591
1635 1157
1810 1717
1429 450
1763 1534
1283 362
740 558
1196 279
1372 4
839 520
1407 887
315 61
1337 479
1740 870
597 281
567 236
1873 1039
1658 584
1546 507
1703 1357
1284 295
1553 1073
728 714
1217 450
1460 824
1965 365
1079 725
1608 531
1573 414
1449 365
1230 1085
1758 336
1969 1710
1907 282
1472 1118
1939 1931
1814 398
1206 631
1450 796
1018 930
1808 1119
238 163
1394 543
1763 1036
107 71
749 504
1663 1608
1462 175
1229 605
1119 1064
1897 841
893 327
825 91
1413 158
1646 1398
1338 641
1508 29
1361 363
1753 896
558 357
1939 1903
604 188
1878 1251
1933 1513
271 45
963 310
1755 1468
1776 1384
1046 969
1486 711
1561 1197
1751 541
1630 1265
1621 984
1262 500
1333 15
1630 847
1941 94
1181 355
618 55
1726 1025
1514 686
1569 425
1291 519
1818 597
1470 428
544 318
1433 1356
1191 512
1501 1174
1118 206
1947 429
1657 292
1891 1339
771 374
1038 603
1022 449
1889 1267
1410 684
1976 308
870 293
1631 996
1687 8
1654 1591
1565 135
652 20
1628 55
1795 1100
1587 1036
656 555
1385 378
1784 644
1721 445
1008 203
1849 1552
1814 1611
1526 328
1292 489
1642 189
1338 1206
1412 740
1190 956
594 383
833 587
1510 1261
1773 1131
534 44
1974 213
903 71
1486 327
1857 953
311 255
369 243
1221 13
949 644
1133 511
828 524
1120 949
965 658
1382 958
1743 1083
1013 624
1398 661
299 298
1708 1293
1487 371
1199 1036
794 685
1407 1339
1809 219
878 438
1843 1555
1037 196
1313 1095
882 71
550 90
1084 762
1952 1199
1987 127
836 216
1378 995
1599 1137
465 432
1216 1172
1016 611
909 705
1041 520
1979 26
1786 185
640 482
578 96
1714 211
1987 1945
1043 290
944 838
580 402
1699 1502
1399 190
591 199
955 625
1852 405
1543 778
1551 1004
1566 792
1958 137
1244 1002
1707 404
657 230
1143 883
1584 848
1436 1017
1491 1225
1641 834
963 713
1962 186
745 559
1297 635
1886 842
1757 1600
365 125
1064 151
1168 1067
1548 450
650 485
1329 526
982 724
1493 478
1845 797
1991 1901
1552 591
1188 1184
1588 1408
1915 1762
1878 976
928 663
1068 352
1794 312
1415 143
316 233
1761 964
399 174
1929 59
570 3
1222 1167
1499 407
702 292
844 807
1442 475
1559 8
1817 684
1810 1032
891 7
1818 1610
1161 501
885 56
1513 610
1644 658
1714 576
1716 800
1172 260
1748 1254
1003 593
1399 1276
1540 1267
1451 1066
1473 1270
1893 1250
1007 525
1660 879
1283 1260
1244 492
1843 93
1772 566
1741 493
1862 1585
1671 780
1312 190
1179 824
714 186
756 249
699 1
1253 1066
1322 453
1288 448
1508 57
1269 768
719 545
1319 1097
1938 880
1806 728
1829 247
1879 352
1890 1274
763 550
187 178
1323 299
65 35
1491 554
775 431
1763 128
1739 45
142 78
1419 1177
1041 849
1747 1665
1918 1431
1914 939
1390 1085
1922 645
1967 462
1201 1199
1440 201
1302 687
1174 510
558 238
364 184
1478 800
1875 1172
1535 280
572 452
1564 549
1615 1441
1276 70
1708 386
1331 1022
1249 202
1216 934
927 643
1883 91
1727 994
843 641
1842 1297
1181 363
125 79
1165 279
961 704
1529 718
1672 810
1823 90
1816 850
74 70
1621 1405
138 40
1556 408
1892 595
1444 846
1794 488
979 518
846 440
1333 113
1850 1579
1335 1159
1344 1281
1717 1716
1947 346
1471 1047
1599 1377
415 254
1509 585
1853 1442
1727 1214
1798 1169
506 402
372 229
1947 1649
1480 133
1556 1500
1598 136
996 971
1701 1577
1910 450
1844 1280
1744 1219
1873 639
678 234
1007 980
1449 554
1771 578
1453 1057
1636 885
1661 60
1253 300
1387 1373
475 394
1757 1064
1510 18
745 327
932 99
1275 1036
1479 1259
1355 476
819 458
1370 650
1171 383
746 631
497 126
1578 1099
1762 1355
1683 914
1772 1348
1513 354
1203 916
1229 1037
1910 508
968 349
827 216
1953 561
1967 224
1584 863
1812 1346
1931 661
1679 751
1185 1132
1426 892
1039 552
1313 952
1028 620
875 49
1755 1025
1881 670
486 46
1766 427
1251 264
1963 474
1422 1364
1632 712
1616 55
1032 135
1375 206
1820 1395
1493 495
1906 1779
752 540
1206 903
457 161
197 46
1741 370
1237 172
1293 442
1896 1211
1773 860
880 353
1443 1249
1753 1044
1872 901
618 323
1545 451
1529 1195
1191 1047
1166 1035
1745 932
1694 885
1507 307
1917 1429
1531 1484
1759 1325
1007 560
1998 698
1641 1193
1810 1348
1926 1726
1696 572
1280 1045
1992 1419
1542 77
1684 502
1270 1190
1101 341
1605 570
1499 500
1415 998
1903 1770
1549 307
1618 1025
1671 980
1978 1713
876 159
1770 179
1432 57
1514 462
1657 91
524 27
1378 1288
1002 118
1982 497
1797 22
1345 308
1928 1604
1445 804
1114 850
1426 725
1943 1731
1819 593
1151 737
951 790
875 475
1611 440
1399 817
1562 561
1842 1276
1547 153
991 259
1869 1352
1722 1118
681 538
1113 1007
1829 181
1548 1195
1026 92
354 26
1129 479
702 246
1641 431
1777 1325
1133 476
1072 624
1767 209
1755 276
1106 522
1754 238
1030 416
1915 1650
1970 828
1351 568
1712 688
1856 278
1712 63
1084 926
1437 523
1753 523
1899 654
1947 507
1178 918
313 109
1125 484
1054 625
1350 537
1682 1351
1459 727
1166 865
1180 19
1944 7
1740 1251
1904 405
1827 650
1525 82
1611 706
1997 505
588 323
1182 951
1414 68
1974 560
1939 19
1920 1746
