2000 1358 908 1151
1933 32
1936 121
1127 589
1112 373
1899 772
1581 295
1090 515
1275 5
1939 573
1711 516
1964 182
873 411
1681 71
1442 92
1945 339
1689 716
1265 603
1577 515
1940 1117
1726 593
1228 637
856 75
558 466
1389 725
1917 87
1872 1858
1160 443
1332 1285
1425 664
1926 855
1545 1268
1881 1293
1466 708
1079 295
1709 490
1860 1811
1018 384
1868 1373
949 257
278 148
1572 1389
1315 694
1101 667
1376 793
831 363
1947 355
1972 1427
1304 335
1008 926
627 345
1648 27
942 161
1817 1399
1803 1394
1622 1216
1312 351
806 300
560 220
1409 555
1616 627
840 160
1427 1307
1067 371
1741 381
987 323
1663 9
1476 1309
1330 529
1741 1585
1682 1012
975 87
1831 852
437 402
1575 659
996 510
998 522
1074 734
1474 483
1446 405
1619 506
1789 474
718 576
1552 1535
1829 94
927 416
1726 1021
1435 288
1649 185
519 182
1907 1467
1845 1194
1057 362
1648 1408
741 108
1483 114
1941 1206
904 423
962 504
459 94
621 524
1103 486
249 105
1972 1171
1517 1253
864 423
1983 334
1812 399
1461 274
1737 1673
1692 430
1493 389
1783 1178
1615 1224
1259 950
742 238
1925 133
1875 209
1230 894
1206 63
1702 28
690 202
1728 478
1171 178
1736 1081
1777 904
1435 733
1613 453
1525 215
263 14
926 7
1811 1406
826 86
1179 1039
1378 698
1795 1277
434 292
1207 1123
1323 954
1430 572
701 315
1394 1217
668 172
1878 617
772 93
1616 279
829 470
1608 1439
1481 840
1384 95
1812 1552
558 261
1258 401
1444 1240
1396 359
1948 1548
152 92
1606 303
1560 939
1762 1091
1634 814
449 3
1203 772
953 905
995 254
1486 671
1933 1637
1823 1390
1514 1085
1417 723
1806 687
1560 1526
1127 296
1617 870
1011 262
615 125
836 540
1547 1343
1491 605
1142 566
680 256
1750 1428
1562 253
1604 354
1588 1410
919 217
869 681
1434 424
1369 1077
1080 430
1378 509
1611 689
951 526
1768 979
1647 807
1986 1326
1860 147
1221 505
1708 1428
1098 393
1605 1479
1483 789
1622 959
1030 802
1430 1175
297 98
499 334
1822 1185
1934 121
1300 830
1963 1174
1157 69
1018 557
1324 703
1156 861
1977 49
1953 1033
763 631
1695 948
1570 59
1984 101
1513 66
557 103
1833 271
1903 1597
681 642
580 540
299 192
889 262
1655 658
1325 647
1190 306
648 239
1791 799
1201 888
1254 538
1998 821
693 131
1971 759
852 305
781 297
1777 1043
1521 1372
1911 1279
1741 1332
1740 1365
1876 723
705 413
1878 1354
1088 903
888 153
1333 1052
1404 275
1763 1634
872 223
543 293
1923 738
1132 414
1585 22
1532 1011
1906 1195
753 37
1647 201
1542 1364
1263 52
1287 975
1249 764
1514 1040
1978 623
1561 1
1296 173
1725 327
281 67
179 5
1886 1024
1395 28
1479 1204
1945 1736
1351 737
1967 1887
663 462
1910 653
977 819
560 92
150 10
883 18
1510 1288
1711 182
987 504
1810 1804
1805 1651
1650 453
1740 1112
1852 1079
833 384
616 349
1368 520
1433 1010
1772 421
1720 85
1535 289
473 66
1488 1374
1477 1235
916 688
1931 1858
1253 980
1820 1220
1120 1088
305 173
1420 21
1635 1565
1751 914
1611 892
1341 550
1371 108
1701 1593
1816 444
1976 428
866 629
1557 1256
1302 1151
1964 1091
484 35
853 70
410 254
1265 882
1367 559
1727 1325
1208 369
1693 1290
1579 611
1225 619
551 101
1862 646
1481 1140
1964 1598
1892 1364
1924 1590
1989 1138
1867 1670
1094 535
1613 1221
1968 1168
690 198
1997 1208
1178 39
595 463
1105 1012
1813 1327
1157 213
405 171
1170 915
1804 556
1151 82
1210 232
1252 519
1569 1494
412 316
891 277
986 604
1333 528
1670 532
1578 970
665 628
573 484
1499 196
1545 1072
1018 983
1793 1193
1364 442
928 561
649 109
312 294
1708 289
1897 1268
1862 1829
679 108
1991 1892
750 20
1071 551
1361 76
1070 772
1898 307
171 42
1747 1545
1373 530
1236 428
1593 29
1268 256
1225 702
1060 374
1866 707
953 805
781 536
1811 46
1146 916
1583 1290
1916 651
1160 201
1227 308
1241 277
741 119
1917 1114
1915 1493
1673 1214
1448 224
785 81
1828 557
1352 229
1771 1125
1497 1014
1575 1149
1218 235
1576 1309
380 291
1412 1257
1116 212
1903 1566
388 328
493 463
1212 487
1603 1052
1491 389
1337 1221
786 370
1823 375
1432 292
1841 759
839 462
1065 837
251 170
596 303
1719 142
1118 837
1114 185
1693 362
1333 38
1266 919
1333 1325
1653 581
798 537
1712 636
1391 1353
1250 867
723 542
762 555
1926 382
1459 170
1464 123
798 786
910 150
694 300
1821 655
1684 566
1323 1180
1368 913
1545 1054
616 224
1163 1036
1969 1698
1637 1168
1457 1157
1642 1210
1467 647
1951 836
1979 1876
1895 1423
1920 1808
1348 421
1523 1291
1423 390
1544 970
1761 477
1947 1275
1225 262
1721 718
1140 1103
1496 1185
1971 1145
1639 293
1443 35
1897 854
922 16
989 393
595 128
1273 943
1345 1204
1117 302
1585 137
1744 1737
770 310
1880 9
1430 612
1825 900
1179 989
1437 861
1571 770
1906 1225
1750 1089
1432 1203
710 466
792 154
1982 322
1456 394
1294 1066
1508 330
406 182
916 617
1925 1048
1555 1118
1848 117
225 158
1852 1670
1553 768
2000 711
1875 1331
1695 964
1592 1327
1678 1183
941 400
1438 776
1960 1349
1757 928
1384 137
947 358
1059 447
620 213
1983 1691
1627 713
1714 132
943 109
1961 742
923 312
681 17
1857 281
1310 708
1247 48
680 499
1199 911
791 613
1571 1447
245 197
1411 694
1227 146
984 117
1289 274
1597 915
537 456
1785 1705
745 169
1900 1415
507 426
1931 133
1284 232
1502 31
1185 533
1419 88
693 119
703 491
1740 997
1287 496
1812 1171
1587 1164
1330 781
1971 762
1675 878
1149 208
1512 163
1816 42
454 322
1802 16
1855 126
1876 1657
1329 321
1834 1439
1962 1412
1861 1415
1822 272
1513 528
1683 508
463 26
1739 1229
947 230
1803 1186
1733 54
122 16
1208 879
1421 1276
1521 957
1024 365
1463 1394
1895 1116
1195 611
1664 1523
1553 845
1857 638
1352 31
1562 428
1629 1318
1417 501
1183 218
1837 1627
353 174
1552 365
1396 442
1805 1418
1636 547
1728 139
252 60
1469 1206
1055 714
1218 1202
1016 603
840 412
1767 675
1182 82
1328 1197
1725 719
99 8
1096 1037
1479 964
458 147
1743 620
861 586
1815 91
1191 1163
212 129
1521 755
1019 782
1747 695
1806 1465
526 440
1626 121
1006 824
1926 878
816 456
1923 138
1981 1627
1642 1233
956 773
317 97
1813 1144
1757 1678
1971 139
1957 1115
1208 878
533 341
1069 84
1541 827
1705 1030
1354 906
1027 592
1484 438
1451 453
1972 1750
1586 1300
1680 887
1770 1741
1474 1179
376 375
1781 1673
623 6
1203 179
1837 474
1657 887
2000 559
1714 1693
621 120
1967 291
1606 843
1953 1515
1405 171
1121 909
1693 1001
1909 1406
208 131
543 277
1626 987
1726 221
797 457
907 684
1490 1014
745 504
358 320
1872 1362
772 628
1203 979
1897 1677
1168 295
1039 164
707 651
1986 353
1853 405
1937 669
1045 658
1379 482
1934 1265
1327 743
1869 1654
1192 1154
1886 1862
1789 1506
1097 833
866 686
1492 444
738 46
1799 478
1593 1472
532 379
1702 884
1713 144
237 14
777 134
1775 1133
1653 842
1837 819
1580 918
120 115
1929 747
739 108
561 521
1915 214
1771 387
1125 132
1286 1200
1966 730
1103 16
1687 959
1742 428
1840 112
634 400
1519 1442
708 336
1673 98
1068 645
1534 530
1098 1056
973 430
1161 720
891 865
1445 9
1907 726
1809 1764
557 491
617 530
1497 1482
1167 159
1904 1043
1037 240
792 214
866 255
263 202
895 3
1934 993
1270 1099
1143 87
205 136
813 298
1362 705
1302 1250
1229 648
538 97
1216 387
1233 962
1247 795
1189 1090
1993 1663
861 659
1528 758
1397 816
1659 160
1386 29
222 35
1755 1429
982 157
1263 1074
1687 818
1500 66
1115 31
1711 759
1165 571
1297 98
1678 1159
1945 598
1666 406
872 714
806 269
1396 999
741 242
1814 1538
811 4
1856 1846
630 337
1117 1101
1844 791
1147 25
1707 840
1055 266
972 298
1412 682
1410 316
1947 1520
1454 497
1600 784
1734 1424
1495 351
1173 823
1721 265
1843 838
877 764
557 465
1428 679
1440 394
776 429
1174 798
1079 688
1797 1370
1603 426
1514 594
676 632
1527 1294
1206 338
1818 890
1729 32
1936 1620
1579 597
1048 431
1168 194
1379 586
1746 1583
1533 308
1087 63
1747 12
1475 288
1980 1092
1791 1673
1987 965
1035 3
1398 183
1742 223
477 418
266 154
517 485
880 44
1269 117
1904 1699
1999 1512
1379 563
522 31
299 152
1977 1809
1879 1528
1876 1593
1562 1018
1613 1209
1744 33
1317 876
1612 411
1053 854
1400 649
1929 1465
1715 533
1998 1749
1603 1358
1557 38
751 371
1726 286
1322 993
1129 822
1586 335
1398 202
1645 977
1713 757
1656 542
948 553
1550 149
1701 668
641 296
1814 776
1889 400
929 359
1377 713
747 625
608 334
1636 1304
791 738
1269 178
1281 294
1512 1459
1497 374
1607 213
622 328
1272 594
1831 867
1401 1336
1591 808
688 498
1959 899
1504 497
1972 1495
658 576
1345 395
1774 1045
1574 1260
1403 750
1767 559
1882 648
1504 1416
1553 408
395 322
242 111
768 335
898 625
1486 97
1268 1050
1099 530
1023 939
890 469
1551 736
320 124
738 585
1679 778
529 414
1475 570
664 505
1615 676
1846 464
1559 522
1685 785
1447 798
1758 120
438 35
859 764
775 496
452 324
1266 1084
1928 374
1118 174
1196 1176
1518 129
1865 1284
1742 404
1096 814
801 47
1381 342
1323 389
895 702
322 113
776 103
1401 820
1051 149
1704 999
966 88
475 72
1541 507
1716 205
196 3
821 352
1043 354
1650 160
1691 138
1919 784
1139 531
995 490
1264 1241
1866 1541
1302 807
1410 636
1905 1070
1964 1763
1691 1392
812 675
1972 1800
1414 1113
808 391
1075 881
1587 843
1245 946
1345 950
1545 285
1434 246
1521 1421
931 754
1604 489
1352 862
1778 503
1012 713
1652 181
933 432
1048 452
1768 890
1836 1228
1814 228
448 362
1769 1550
1647 364
801 207
1383 1269
1737 641
1273 1099
1380 725
1479 1335
1114 1008
296 171
171 103
1056 566
1309 847
1262 690
1276 1044
1863 1449
1901 938
1210 763
1668 1041
1956 733
1501 908
1765 1216
503 217
1274 369
1128 820
1012 530
965 514
1948 1743
1873 1034
666 502
457 455
640 429
636 406
1134 1063
1728 1268
1773 596
1750 116
1171 415
1787 242
1872 411
1212 1148
1630 1508
1624 1296
1191 583
1873 129
1333 629
380 246
1735 583
1927 719
1596 385
1277 383
1163 729
1904 937
669 297
1386 979
1616 365
1367 963
1760 1333
1363 11
826 22
1888 1323
1013 902
995 52
1510 1199
1320 349
1016 188
1141 777
359 317
1010 737
1136 123
1128 707
1210 25
1904 664
204 183
878 159
1280 369
1693 733
1237 271
461 185
1230 883
1352 1091
494 210
1620 473
536 408
1738 1700
1405 886
1050 759
1517 1367
1967 1611
929 865
752 499
1635 745
57 9
1565 623
1112 441
1868 1383
847 408
1294 610
1810 1718
1208 732
639 525
1692 1214
1542 318
1714 836
1177 818
1418 1327
518 333
458 24
1237 1188
1364 500
1811 816
1609 528
1773 929
1720 1332
1668 217
1163 748
813 31
796 409
974 50
1955 862
1792 939
1112 457
904 265
808 373
1337 1335
1935 117
1243 759
1678 1515
1493 662
1822 386
1250 708
1669 276
1929 262
1688 452
1416 921
1294 724
900 406
1699 827
1347 690
1949 197
1866 1001
725 175
876 444
909 706
1243 679
560 417
69 68
1971 1693
833 527
1764 1630
1842 84
1905 108
1630 743
1465 986
1576 559
433 170
1819 321
1812 840
1199 186
700 462
901 852
1775 697
1857 1171
1308 763
1169 1045
1262 823
1073 96
1593 1584
1667 963
1126 956
1172 1143
281 60
948 641
732 476
1301 1029
1826 348
1976 1736
1336 1057
1982 1439
279 217
1828 1617
475 93
1803 104
1738 371
715 450
1681 587
1914 755
779 225
1609 60
836 480
1991 1358
1176 486
1341 236
187 176
1665 774
1544 1335
1926 734
677 297
1883 424
346 53
1672 81
1115 881
870 816
1888 1235
1499 1433
1216 578
1706 415
1446 476
1578 750
1998 911
1803 1235
1730 817
1110 534
1723 858
1326 741
1079 536
736 614
1638 1032
892 311
1415 941
1275 495
1425 799
1043 336
1849 1801
1375 646
1991 320
1020 105
1664 62
979 162
1786 1469
829 62
1038 51
1656 449
439 354
1901 1491
1409 410
1000 478
1845 1170
1708 1511
1409 814
1635 1134
1407 1212
1156 36
1803 903
1483 595
1054 103
921 353
1485 1402
618 262
1904 933
1747 1393
1890 1019
1105 339
902 245
1961 1392
1960 1052
607 21
778 367
1954 1116
869 797
1905 1442
1286 992
1484 206
1183 172
1758 939
1977 1692
1413 120
296 22
1510 539
553 490
1246 923
977 31
1978 666
744 546
1078 614
1063 664
1814 333
1452 799
1185 184
810 713
1897 760
1230 1226
1098 581
1429 460
1839 670
609 477
1794 93
1768 1152
1596 72
1360 114
1656 1165
1773 924
748 630
528 416
1248 63
1929 109
1702 633
871 162
1106 1098
947 275
1626 444
1940 288
1325 861
1932 166
1809 1398
1039 9
1991 529
666 154
252 81
900 504
1976 1669
1861 776
923 520
1827 562
982 594
1413 245
1713 1646
1299 130
1557 1335
654 540
782 670
1954 108
1005 757
1842 411
817 573
1184 927
1991 313
1628 1215
1060 701
939 831
1971 1881
1446 375
838 648
1163 700
1247 730
1482 1310
1806 1209
1943 1717
1042 564
847 716
1287 403
286 43
358 50
749 498
1787 916
1188 806
1656 1549
1428 1207
1042 517
1823 1664
520 306
1909 1596
489 366
605 527
224 107
503 453
1026 811
755 314
2000 1876
1883 17
1671 1153
1426 1232
997 249
1466 22
