2000 1883 1419 984
1326 340
1034 588
1475 1277
1943 1877
1857 1638
1938 1097
1756 462
1331 622
1934 1503
1294 201
611 452
1793 198
576 68
929 580
1543 453
488 356
1549 664
1334 969
264 137
1846 811
598 216
1355 1247
334 119
1643 35
1297 1065
438 87
1855 680
692 531
1866 1486
1898 720
1105 595
1570 442
974 224
1648 1503
1931 1597
1520 30
940 271
1608 585
1596 1449
1969 1895
910 547
1576 1149
525 271
1429 678
1969 1165
1813 912
1333 223
1430 1195
1246 636
1481 646
987 47
1574 748
1972 1565
1659 980
690 259
871 838
930 174
1618 1494
1216 204
1942 1851
1983 853
1722 964
1194 947
1831 185
1533 260
1727 1294
359 280
1726 362
1994 1272
1408 869
1249 999
1759 1062
1397 137
1486 1074
1212 609
959 195
1674 1042
1563 655
1079 647
1525 19
887 520
335 48
427 296
1754 281
1563 352
1959 1462
1956 324
1900 1654
474 414
1424 1200
1103 298
1817 1165
873 528
1407 1053
1989 50
1523 1194
807 263
1304 780
1447 1266
1324 554
1716 1527
704 390
290 72
1164 416
1658 1332
1754 1012
774 603
654 416
1562 85
1296 1093
1256 902
853 427
341 89
1739 384
1231 330
1904 5
115 19
1778 855
1848 1413
1403 200
1383 380
701 273
787 486
1781 1469
1499 510
975 303
1786 1404
1788 482
1182 116
1681 137
1642 1338
1555 1384
1955 1581
1440 917
1848 556
1319 1149
505 289
1778 55
1352 1262
721 327
1393 914
1606 1306
1630 1321
1737 973
1782 729
705 682
1274 862
1253 660
1287 493
1940 1355
1012 941
1604 518
212 135
1864 1348
1936 497
1493 223
1769 128
1320 1039
1839 589
1935 526
1456 588
1363 924
1196 373
1759 1399
1013 486
1713 1229
727 295
1828 598
1252 571
1439 742
1054 984
1392 387
1167 187
1076 589
1496 1221
1412 1360
1414 62
1967 739
1459 1412
1575 1418
949 35
1911 1600
1818 980
1624 1028
1150 1087
1552 1317
1520 688
1434 979
382 95
1116 11
856 89
806 753
1467 374
1021 289
951 851
1246 1031
1707 65
280 52
1785 1126
1566 517
1494 347
1887 143
311 309
530 263
945 827
1602 1133
600 424
1530 1472
536 261
1953 1558
1706 495
1653 286
814 597
955 212
1401 1316
955 314
1949 1530
1942 499
1081 275
1570 1380
1525 472
592 185
843 750
1475 741
1639 1481
1973 389
1452 173
1991 1794
860 662
1532 379
1612 25
329 216
1878 1756
1627 1437
675 310
1247 696
1745 644
549 57
1741 891
1141 343
768 64
956 475
529 326
1722 1596
1623 1482
1633 1555
1616 901
1033 348
1944 860
610 411
1498 738
1813 930
119 104
1746 1055
1841 185
1390 847
902 652
928 479
1681 217
1609 817
1370 785
1530 522
1265 601
236 204
1602 778
1766 331
1328 200
1839 777
1060 951
1213 307
1803 1504
55 33
1751 1472
615 423
1604 352
925 61
1500 344
575 307
1593 390
1945 479
1208 867
312 64
1091 711
1462 246
1703 852
1333 24
1788 292
1457 428
768 155
1092 266
548 276
344 255
1892 1004
874 153
1462 785
1040 799
569 474
1366 1250
1591 1018
1677 114
1858 1026
1405 151
1894 24
1947 1623
2000 453
1212 721
1634 991
1045 650
1931 1346
1987 952
1656 373
1747 617
1208 479
1794 1107
834 778
769 748
928 807
1517 283
1655 4
884 347
1309 113
362 252
1212 146
1309 644
1234 405
1949 710
419 306
1789 1366
432 120
1702 607
1452 243
778 248
1643 1352
1121 806
1286 230
1627 1452
1419 623
1335 1182
1818 1220
1827 1002
1688 17
1123 749
1671 183
1301 1141
1941 1749
898 373
220 14
1443 1295
1119 169
1254 836
655 389
1490 1054
901 276
1512 1072
990 674
1450 1161
1912 570
933 19
726 17
1024 649
1156 74
1422 457
1056 8
1393 221
1620 795
1492 753
1590 1046
1591 133
1042 767
1721 1206
517 25
1260 384
1503 449
1793 259
1465 1187
1970 767
972 574
1425 814
1918 689
1052 878
773 389
1060 806
819 300
990 787
1227 254
1916 630
746 484
481 152
1103 372
1983 1676
1887 1593
869 358
1925 1658
250 82
1282 113
1327 995
847 613
962 301
1911 565
1284 637
1428 519
1264 946
1436 257
250 54
1937 487
1814 1279
1939 1329
1516 1060
1298 1029
1110 105
1829 36
1677 1215
745 542
1405 790
1464 69
1531 276
1749 155
1155 15
1497 1395
1599 1548
1496 1132
1318 382
1682 576
1146 1058
608 379
1927 1470
939 337
1473 1402
716 672
1234 677
1999 1509
1697 109
1891 654
897 649
1359 503
1325 544
1837 1130
375 51
1325 71
1081 331
1729 403
1979 1406
71 34
652 317
1909 740
1969 371
425 43
1746 1004
1454 816
1723 1349
751 727
1911 108
1811 1473
1695 1392
1149 768
1959 1618
1199 200
865 513
1300 601
929 435
721 356
952 470
1774 1145
1734 311
1908 63
535 38
828 250
1655 1354
1765 1078
1865 1275
869 220
1937 199
482 69
1194 706
388 222
1515 464
1334 214
983 330
1422 819
801 786
1857 1158
811 337
1202 560
317 183
1614 912
1457 1273
1711 270
669 239
791 659
1758 295
510 492
1674 592
1974 80
1631 543
1176 628
1150 610
938 850
1770 76
867 628
1900 1176
1708 695
1375 1220
1715 583
1461 892
1591 644
1492 156
1082 254
1800 643
735 87
1784 1429
1723 1436
245 43
823 24
1690 328
1209 301
1129 320
1799 670
1544 1002
1105 710
333 307
1096 931
1973 1593
1875 958
924 527
692 602
1930 235
1982 1283
715 712
910 137
1812 829
972 93
1795 816
1321 1242
1765 139
1154 1105
535 468
1948 709
723 435
1335 850
1597 351
1141 244
1038 600
1325 299
1846 1195
826 408
1682 1435
598 443
1303 269
658 111
1990 1971
965 388
540 301
984 965
882 756
1867 927
1882 707
1258 464
1247 12
1956 959
1403 225
1712 1212
1475 637
1861 435
573 504
1524 690
1730 49
1978 712
1555 1484
1922 113
1107 183
1286 1247
1282 304
1957 77
1838 1219
1307 963
1069 511
1774 1723
1362 873
953 857
1826 1232
1747 842
1679 602
518 490
1028 983
1935 1933
1328 193
1756 1434
1896 1398
1149 182
1292 1019
1792 253
1263 359
1984 1372
1860 65
1986 1450
1057 400
1182 232
497 299
1073 759
363 319
1740 397
1518 161
1125 283
1878 744
1744 933
278 130
1990 1472
1363 409
1953 1001
1801 855
1805 1738
1096 567
934 783
1612 1042
1182 266
1246 475
902 351
1292 1150
1957 1657
1995 860
1257 925
752 356
1073 287
1248 586
1387 1026
689 530
1616 655
559 481
1670 1331
1963 1418
1719 867
1573 1094
627 298
1837 1641
1917 1434
1931 895
725 475
1719 1353
795 466
1101 658
379 320
1358 1168
1554 547
1022 664
1209 240
1203 615
710 221
1934 1383
1129 807
708 69
1201 49
1424 525
252 15
1852 1490
1593 131
1179 468
1936 380
1370 995
1552 233
1756 1653
1908 1149
1432 758
1931 609
1584 165
1883 1216
1716 656
1814 980
1494 1037
1930 749
1676 336
1782 881
1674 1176
1729 605
1368 382
1883 969
1819 1087
1961 1895
1291 1125
1225 111
1764 692
1784 1187
1220 122
1294 1133
1875 1001
858 776
1916 1473
1216 642
762 727
1828 1518
1457 455
1240 411
1799 1598
1210 1104
1242 352
1057 830
1597 827
1143 1140
1363 715
1730 65
833 720
1528 655
567 116
773 340
1684 810
1857 1809
1481 296
1265 639
1832 1552
327 126
1565 54
347 223
900 226
1707 1379
1477 344
1951 843
1962 1700
1924 1550
1341 301
242 115
1166 816
1501 1490
1641 1530
393 356
1028 549
1732 409
844 262
1108 1081
1927 134
1674 560
1342 611
1712 1133
1656 665
604 127
669 355
1738 1369
1760 620
717 94
1785 1292
1088 320
1856 245
1215 10
1731 1219
989 279
1778 944
1583 146
1537 816
1423 202
1686 115
1548 360
877 45
1717 1348
1513 708
1457 10
1531 655
1414 819
1726 1688
1456 837
1374 1159
1799 1200
511 476
1678 1654
1814 788
953 148
1526 402
1674 552
1707 1374
460 387
1482 1085
472 308
519 209
655 292
1494 459
852 717
1677 1041
1482 718
1247 1136
1772 504
1552 1301
1482 1436
1874 1390
1653 1551
1283 1002
1807 793
1625 1477
1334 477
1474 320
1194 654
1945 464
642 159
1308 94
1632 1207
1752 926
1046 210
405 152
1571 1269
1907 1042
1708 243
1990 1067
509 139
1644 169
1864 668
464 211
1866 1223
1847 664
1721 480
1588 222
1030 645
849 600
396 330
333 117
948 59
948 150
1164 1109
967 110
1898 89
1499 72
978 283
763 498
1400 18
713 54
1689 568
1839 1782
1003 91
408 281
1912 1204
1108 767
1748 1068
743 82
1838 518
609 265
1695 1582
1342 318
1927 1354
1851 824
1621 1395
377 255
1870 214
573 118
1332 39
1920 1713
1040 693
1577 893
1769 121
1759 1068
817 805
1991 1563
1856 1144
1576 272
1729 260
163 110
1216 192
1222 753
1938 1518
718 28
1964 240
1371 371
868 842
758 440
1131 365
1355 1311
1819 182
1716 1563
970 63
1250 558
1838 283
895 57
1521 1309
1367 931
1449 319
1731 564
432 45
1553 1392
1775 54
168 26
1402 1195
1819 1675
357 183
502 265
1703 630
936 239
1641 588
1839 1451
1437 740
1012 981
1788 878
1600 185
1767 1388
1007 690
1881 747
1340 200
1908 1878
1046 267
1267 1107
283 29
1960 1009
1701 1193
1966 1452
1151 944
1951 59
1903 245
1057 915
1309 342
994 700
691 32
1907 367
538 57
174 77
1853 1127
1590 74
906 489
1496 924
1813 856
453 444
1323 24
1784 196
448 342
488 147
1561 798
1773 543
950 900
1840 199
1280 1081
1995 1264
1821 608
937 623
1312 1225
1775 1456
626 121
1652 1446
1993 896
1755 1424
1176 163
546 519
1914 1652
1136 504
799 755
1252 85
1318 373
1525 542
1560 133
1300 243
1809 1188
1721 1351
550 301
1781 909
1888 1449
544 76
623 217
1094 685
641 191
1656 412
1617 318
1204 542
326 275
855 821
1113 454
1278 448
1650 79
1525 568
392 251
1717 191
1388 100
1917 1350
1745 1197
1190 970
399 284
1727 1614
1671 174
1664 394
1437 86
534 312
1392 551
1527 711
1299 1121
1785 1706
1111 779
1654 585
375 205
743 21
1865 743
1011 418
1480 1387
954 214
1810 462
1114 220
693 578
751 439
1769 84
1410 1050
789 616
1185 1132
764 403
1972 1161
1506 336
1756 75
1265 277
1220 776
1985 603
802 131
1735 927
1959 1116
1476 943
1326 265
1060 628
1850 954
1680 342
1775 723
463 231
1880 1127
968 441
527 287
1852 1058
1756 62
1408 1001
1674 883
615 442
1867 1124
1422 320
1721 1396
527 214
1432 1228
687 503
1353 477
1174 821
1981 332
1838 92
576 26
1568 1295
1510 2
1741 957
1893 1391
1159 207
1507 931
462 10
1678 1523
1060 242
1558 1106
1711 958
1032 325
1647 548
1760 720
1035 234
1174 959
1280 1255
1731 734
1723 1412
707 320
684 581
1124 314
1498 1218
1525 924
1388 1269
1791 323
1433 1152
1772 199
338 248
1449 388
1120 949
1157 524
1183 541
1793 919
1678 623
1140 70
1706 883
1452 273
1852 1337
1830 1107
1311 1054
1593 346
848 443
1793 1171
517 251
1479 1345
1574 706
1343 1205
1596 577
1674 1569
1075 984
802 581
1550 849
1984 1623
1681 434
889 685
1582 54
428 87
1249 742
1706 328
1663 117
1859 17
1708 1651
1830 231
1338 390
685 379
911 621
1778 1211
1666 1077
1918 1041
1387 634
1732 900
1628 774
690 281
1217 136
1742 669
1420 94
935 120
1883 533
1783 1351
1389 653
459 282
1744 1607
1840 523
1194 146
1841 1242
1485 889
1763 1059
1345 157
1383 401
766 716
1789 728
1714 1031
1253 455
1321 1031
999 685
1954 1080
1746 613
1508 1192
1230 61
1887 980
1577 1316
1736 858
1262 1121
1427 1412
729 453
378 6
752 194
609 168
1388 1165
1237 486
1366 473
1561 422
1169 345
1892 616
777 219
1235 53
598 418
1606 1281
616 117
1789 1211
875 79
1464 915
1751 216
1732 324
1239 738
1634 737
1737 933
1275 94
426 99
1895 336
1271 158
1312 576
1468 345
1143 88
292 120
1988 249
1330 1279
1769 409
1519 715
1533 1481
1845 372
1769 1291
1038 380
1700 1092
438 48
1208 137
1456 681
837 200
1764 1097
1891 868
1220 688
437 270
1242 652
1742 52
1816 1390
1632 1551
1880 1206
1574 336
1947 1408
1201 353
1569 459
1896 974
1534 1494
887 236
1386 1080
1205 527
530 228
1863 625
848 523
1834 1073
1456 1280
1019 1012
1131 417
1967 321
966 145
1317 273
1395 113
1246 293
787 461
497 394
685 397
891 330
694 94
405 191
1257 675
547 52
1240 690
1085 994
1674 1505
1802 1689
1218 1080
1991 945
1486 1006
709 641
1467 235
1579 1501
896 563
1901 551
1913 1124
1792 1441
1809 466
1354 1262
1427 427
756 182
1762 1597
1699 323
1699 1205
813 635
1237 358
1927 168
1934 516
1944 367
806 270
1567 664
1098 962
815 217
1368 706
767 651
1288 776
1888 37
694 251
1743 817
1529 1408
816 700
1953 1591
1517 89
1931 1555
1698 1363
885 160
1729 484
1205 739
1758 630
1692 364
1943 884
998 308
1863 1747
824 807
1658 1298
1609 43
917 104
903 61
1763 1554
1999 1820
182 151
1944 1659
1036 332
1217 523
1961 624
1466 684
1449 1316
874 566
232 7
1540 1289
982 107
968 366
1094 611
1590 936
1980 1892
1875 1028
694 597
2000 1302
1818 662
1986 79
763 704
1969 93
1870 1354
321 241
1386 566
1563 1040
1801 955
1142 719
679 488
1886 1268
1621 1112
1985 1230
1834 1124
1395 760
1872 1011
1646 116
1750 1026
825 572
420 330
1900 978
1668 48
1147 363
1319 732
796 448
841 563
491 437
1448 85
1760 74
1730 1323
1999 887
1834 1641
1544 322
1558 838
757 535
1851 221
851 675
1556 668
1651 216
1365 1046
1007 139
1884 621
682 27
1542 783
1475 901
1582 112
997 938
1958 1621
1743 1607
1747 618
1484 69
618 121
1455 911
1295 226
959 883
1387 152
627 319
1786 74
1546 913
1416 1279
899 850
552 477
1506 1426
667 615
1798 505
855 132
1953 1116
854 345
513 79
1119 49
1200 272
1950 899
1315 83
104 15
446 159
999 563
1897 1287
1520 551
1636 913
1316 1293
857 583
1561 352
1936 530
1377 1320
1748 1572
1184 810
901 246
1251 848
1504 439
1882 239
1747 1743
1693 1544
1564 578
940 580
1699 476
409 332
1922 1743
1970 1880
691 137
1781 370
862 750
1865 27
1702 1224
1516 935
1776 715
1799 2
1799 1116
1803 623
1968 498
1243 1181
1986 107
1920 939
1704 1465
1308 927
955 573
1080 184
1864 1496
1821 255
404 39
1954 1223
588 521
1936 123
1025 1005
1271 1052
1720 187
1737 1548
470 112
1808 1093
1442 985
1132 1124
1770 1134
1042 845
1942 1059
1747 1151
953 638
1862 892
1402 413
1731 1255
1386 483
866 769
1110 39
1533 1503
1873 1731
1013 848
1702 1045
1419 999
1374 369
1248 929
1883 69
254 30
1680 600
734 675
1908 716
1807 881
1721 249
363 19
1881 180
1434 310
1848 975
1588 63
831 11
1558 860
1454 417
1539 502
1915 389
1718 1046
1995 1957
441 367
158 102
1416 405
1362 1229
802 474
1999 1239
982 689
1827 315
1212 846
675 189
1048 814
1988 1700
660 362
1615 1240
1877 1478
1943 1234
1118 853
1955 1250
1394 258
888 440
1835 815
1832 1763
160 60
1891 620
1689 1159
1078 453
1112 53
1491 1121
1338 1301
1768 985
1292 284
1843 1281
1772 717
1463 400
1154 1140
914 669
737 460
937 522
1945 795
1866 1857
1968 1429
446 215
1308 1114
681 47
934 600
1983 1590
1726 1233
357 87
1692 1021
1274 96
1592 27
308 156
1264 969
1306 847
1528 437
1354 1301
1479 354
314 17
1008 72
1970 479
1883 1227
1649 593
995 171
1244 387
1976 1411
1958 883
1467 445
1705 1017
1453 189
949 287
538 25
1856 155
1424 880
1165 16
708 459
1679 686
1480 838
1140 428
927 481
1994 648
1736 912
1896 1145
1458 450
1465 1360
1595 889
1165 444
1889 1026
1112 509
1260 455
961 760
1619 283
1886 1333
1206 1122
1947 1094
1938 415
284 89
543 55
1885 561
1892 1820
1463 686
1770 1661
783 130
1513 1225
1779 296
1353 51
1301 477
531 481
1879 383
843 198
1882 845
817 612
653 48
636 78
1819 689
1433 51
664 574
1723 277
1626 1032
1598 979
1652 577
1985 634
1343 1057
1071 512
1525 429
1721 1281
1138 617
679 195
896 114
519 294
660 388
1038 1024
1832 279
1194 544
1841 50
1705 189
1576 47
1567 662
1611 1402
652 346
446 180
1994 730
1547 1342
1459 491
1886 1336
1376 1005
1787 428
721 545
991 12
399 301
1709 621
1424 744
1808 1092
1499 1069
1390 1349
1096 722
902 101
1095 799
1838 1822
971 357
1338 686
1317 854
1584 1044
1951 241
1214 183
1683 1620
1723 648
1104 422
1863 947
1102 185
1335 1184
1350 1130
1534 1321
1164 303
1269 527
1379 542
1806 664
1921 1398
1928 1400
1394 320
1155 215
744 575
1023 60
1454 398
1613 395
709 33
1546 338
1302 398
761 508
1128 646
1752 1467
1689 598
1173 1055
1418 163
1272 1143
1591 1355
1352 907
1832 826
853 843
1799 554
1369 499
1635 1124
1177 399
259 149
1015 599
1139 229
793 84
1427 645
1861 1200
1510 580
1780 1574
450 143
934 928
1044 735
1915 784
1328 569
767 697
1771 812
1571 3
1354 377
1843 688
1619 401
934 198
1901 425
214 98
1443 1405
1641 653
760 645
1907 190
1696 1146
470 22
1852 1193
772 473
943 200
1288 197
1856 272
1829 383
1887 502
1526 123
1930 1880
1643 1490
1477 10
1937 641
1256 660
603 76
998 543
702 228
1529 484
1540 96
1981 1890
436 191
1956 1561
680 278
1743 1302
1995 1070
1824 336
1336 849
669 153
1313 686
607 39
1813 1434
2000 1484
491 154
1181 439
1628 91
904 749
501 29
578 23
1118 84
1182 389
1985 959
1888 951
1443 27
1615 244
1643 659
1945 1360
900 199
1843 180
1995 1057
1655 1325
1309 260
1606 583
1138 314
1397 423
1984 938
808 642
1716 1436
1586 510
472 72
774 751
1347 1259
1331 293
599 432
1334 400
1851 1596
1214 48
1911 1522
1639 1332
1959 1534
648 349
1802 531
1418 499
781 369
1262 290
411 300
1599 1269
1281 1013
1261 110
877 116
221 51
1709 1188
1775 351
834 361
1186 842
1991 747
1974 107
1380 1340
1566 1398
1930 1926
832 66
220 64
1659 938
1983 1411
1473 539
1654 8
1929 1343
1054 90
1430 1275
1374 853
1588 1194
854 617
1340 1160
830 804
1319 534
1904 1532
1425 1403
1321 711
1750 418
1906 1862
1583 2
1309 247
1103 853
865 792
1695 128
1707 1161
1984 331
914 550
1210 50
1736 1653
1671 326
1856 354
1086 663
1681 314
1807 1268
1698 455
1606 471
869 745
1328 678
1966 1844
1879 1188
902 97
1826 1782
1611 167
941 733
656 114
1805 421
990 494
1075 547
1376 1051
1382 674
1078 894
799 479
590 73
1480 856
1612 1168
1762 851
1241 1233
1971 1140
1481 955
1300 481
1658 1245
842 552
1195 170
1977 1078
1557 969
1376 440
1032 796
1766 762
1737 1673
1893 647
821 478
1303 1163
1038 290
1927 1377
522 433
1603 1398
1561 630
1691 694
1925 751
1173 1149
1377 863
1469 207
1602 879
643 82
1324 873
869 558
1301 474
1556 1257
801 56
1577 1441
1192 1000
1978 1041
1637 1551
1677 1297
1850 417
573 181
1638 1150
1915 714
727 390
1031 1023
1966 282
582 405
1569 928
1847 7
689 508
788 278
1416 240
