100 100 50
27 38 47 34 49 37 17 26 8 37 47 9 45 9 50 26 47 14 1 34 7 22 3 9 8 23 41 48 22 12 6 32 13 21 28 23 19 46 18 50 20 6 44 11 28 20 9 10 1 18 28 48 8 18 1 22 14 8 2 29 27 40 31 34 8 1 47 25 9 39 16 14 21 3 26 25 10 24 37 8 23 27 6 48 37 42 1 41 19 41 31 2 30 15 31 3 26 31 44 46
29 41 42 6 49 1 37 47 21 21 2 5 19 2 25 38 20 23 48 49 47 42 38 28 4 5 32 37 25 44 19 29 2 50 44 4 10 34 27 8 38 39 21 4 30 30 46 28 12 43 27 13 24 45 50 15 40 3 3 30 7 32 14 20 25 5 1 18 18 37 22 5 13 32 13 12 30 48 14 7 13 29 6 20 18 9 2 34 44 47 1 1 25 12 23 27 15 16 43 24
31 21 13 32 50 20 30 6 28 39 50 44 41 26 1 4 17 16 40 32 11 36 50 22 32 5 26 25 40 31 30 21 49 11 47 18 38 8 32 7 40 9 20 2 26 42 16 9 19 3 17 31 23 11 32 11 26 27 15 3 15 44 45 32 22 6 11 44 6 12 21 18 12 39 4 17 14 39 10 11 50 24 42 10 29 22 36 15 31 49 19 50 46 25 14 33 16 30 46 35
40 42 50 37 42 20 19 17 10 36 46 27 34 5 47 16 23 1 21 10 27 25 28 46 41 34 4 14 28 26 14 31 44 5 36 18 10 24 36 6 12 27 50 32 19 31 38 36 36 49 13 34 34 37 45 28 49 26 36 33 22 1 46 19 39 41 27 5 37 32 38 13 20 30 6 3 30 20 8 25 11 44 42 36 3 6 29 21 50 21 46 48 13 24 32 6 47 17 31 50
1 20 35 16 31 45 25 32 25 25 12 1 25 36 1 30 47 7 16 33 42 31 28 26 21 8 19 8 2 5 31 7 1 49 15 12 24 32 38 15 9 34 24 50 35 11 40 42 46 36 32 33 36 35 24 45 13 8 12 6 19 15 8 28 33 3 7 5 32 25 15 8 27 44 23 39 36 31 37 9 19 43 32 30 21 34 37 35 21 6 11 45 22 37 30 44 13 40 25 34
19 36 2 3 1 24 5 1 47 10 11 45 36 30 33 27 48 24 49 35 19 39 6 45 30 46 21 45 32 37 22 24 36 18 49 27 32 20 31 17 31 38 11 46 48 34 15 50 20 26 8 45 33 42 32 27 11 32 39 39 8 6 25 21 31 1 45 21 27 35 42 34 15 28 27 49 3 34 41 33 28 28 20 18 50 20 40 40 2 28 31 47 28 36 42 6 40 43 43 20
32 50 4 10 14 36 49 44 22 38 8 25 1 14 17 20 43 28 47 40 13 18 46 15 25 19 42 44 32 17 1 26 9 26 50 7 7 2 46 47 25 18 42 26 9 33 25 39 30 50 37 48 35 42 36 29 39 9 43 12 41 44 3 37 4 2 16 14 38 34 32 17 4 14 27 24 13 41 41 13 41 19 40 41 17 23 47 50 37 1 46 2 37 12 1 7 23 13 40 17
48 42 4 24 13 33 10 11 31 27 49 12 19 44 11 4 30 15 10 18 40 49 19 9 39 12 38 21 30 7 19 44 33 23 34 26 38 12 48 17 4 28 9 25 17 24 43 25 39 44 26 17 30 50 21 10 34 44 39 44 21 41 48 41 18 9 8 41 37 49 35 8 12 15 48 16 15 18 32 37 25 34 43 10 1 20 27 47 19 27 36 41 21 7 35 19 3 42 31 38
18 20 26 48 6 23 38 30 21 8 16 19 27 29 25 21 48 44 5 19 3 19 6 18 25 9 13 43 41 30 41 3 33 26 16 45 34 6 43 3 19 19 25 37 47 47 14 16 40 3 24 41 34 1 3 33 9 5 43 42 31 16 15 34 14 45 49 5 28 21 27 3 24 22 49 34 3 26 1 14 47 31 38 31 37 32 37 38 8 6 41 36 50 46 44 24 7 14 13 40
45 8 46 5 4 46 22 40 22 49 11 35 37 9 25 34 24 40 15 18 6 41 38 10 32 41 14 1 20 24 7 26 9 35 10 35 2 36 21 34 46 36 16 1 26 20 26 33 20 47 17 33 16 23 10 23 1 50 37 19 17 17 14 5 20 38 49 23 12 4 30 25 7 23 16 14 13 7 24 18 6 16 30 9 10 31 3 5 4 42 45 1 7 28 44 5 41 34 16 21
31 39 26 4 12 46 26 41 49 39 20 8 27 8 46 5 37 4 9 29 30 10 29 45 44 14 14 48 33 31 24 18 47 46 18 22 27 43 8 4 14 18 20 48 29 9 19 7 43 47 48 46 46 4 6 5 31 16 10 4 44 49 14 12 48 2 12 49 41 7 38 13 49 7 46 30 37 48 30 35 30 34 14 22 17 35 16 14 12 41 2 24 46 40 23 11 36 4 45 37
23 32 25 41 18 2 21 47 36 47 46 35 28 42 46 50 33 31 49 24 32 44 6 45 6 34 34 24 7 3 22 41 4 28 22 12 25 11 16 42 41 31 23 22 31 26 47 9 30 24 9 17 27 42 24 45 12 16 15 9 15 5 31 29 12 1 35 25 46 32 42 6 45 22 27 9 9 15 50 3 13 8 1 17 3 41 34 47 4 43 41 3 24 9 12 43 27 41 8 20
25 1 31 48 39 35 29 9 2 20 41 43 21 44 14 3 20 26 40 5 23 25 10 28 50 34 12 11 24 31 28 33 38 17 25 50 36 13 37 44 6 41 50 4 7 2 10 11 16 16 30 38 1 17 40 33 13 25 26 20 22 17 6 32 19 2 7 2 29 10 30 46 13 1 16 41 37 22 30 25 11 45 2 17 5 15 16 33 1 15 32 11 32 33 12 15 44 37 28 17
3 18 46 1 43 21 29 7 28 24 44 24 25 46 41 25 45 42 8 9 44 14 24 49 35 5 40 19 49 27 26 24 19 40 17 50 21 26 15 10 37 46 14 14 34 21 5 25 36 42 39 7 33 47 23 34 3 7 31 42 28 49 9 48 20 6 50 22 45 39 36 40 3 17 9 4 50 2 29 23 50 6 39 19 12 15 40 7 44 28 39 3 37 16 20 17 45 30 24 30
14 10 17 50 32 14 39 32 23 1 30 7 4 31 24 48 26 27 20 9 9 22 30 20 26 44 46 48 21 26 19 44 34 34 10 19 30 5 25 42 23 20 28 50 9 25 40 50 19 24 37 42 43 41 37 13 5 22 41 14 10 48 5 28 30 36 33 46 34 27 43 18 5 16 17 49 20 18 13 17 40 47 23 23 17 9 2 9 24 29 36 45 37 36 23 14 2 29 36 47
11 31 15 24 38 47 12 41 4 37 12 44 17 4 37 47 9 48 9 28 8 24 42 8 20 16 37 20 19 10 50 5 14 9 14 33 20 42 38 41 38 28 28 23 33 40 32 38 8 14 26 16 5 10 1 20 44 27 49 29 30 38 50 5 36 44 11 24 18 50 37 5 45 1 16 24 13 42 2 7 8 48 25 9 22 43 50 32 7 47 8 38 35 48 15 15 23 25 4 19
36 4 42 30 46 10 45 23 3 13 33 7 41 6 46 48 39 46 9 6 40 30 37 30 40 6 9 22 7 20 21 33 50 17 36 21 8 13 19 30 41 20 33 44 42 22 24 19 17 26 34 15 38 9 20 29 25 3 32 3 31 27 5 21 38 9 7 24 9 22 48 48 43 9 10 15 7 16 31 14 4 8 1 32 8 27 41 3 38 4 20 37 20 8 46 22 17 1 27 25
42 26 1 18 39 5 36 35 30 42 39 30 16 43 4 33 50 28 29 14 49 31 37 40 17 39 21 20 29 14 11 25 39 49 44 32 35 19 6 17 20 17 13 17 13 11 41 49 20 23 38 9 34 39 45 2 38 39 34 47 21 5 34 16 35 45 21 14 1 48 41 43 30 1 47 15 25 35 47 40 5 30 36 25 38 1 9 2 48 38 27 37 39 43 50 10 10 20 26 46
4 19 12 3 37 40 49 24 48 46 18 1 28 24 49 13 24 16 1 16 33 42 27 39 27 33 28 33 1 30 44 4 19 44 41 1 40 38 20 27 44 45 5 43 41 19 49 33 42 15 28 4 22 11 21 31 49 23 39 43 4 34 14 13 24 6 50 12 19 23 21 31 19 33 23 20 32 2 38 27 21 37 41 46 39 23 21 35 10 12 15 28 12 50 36 4 20 8 39 20
50 40 41 26 5 38 36 14 44 6 44 7 20 7 16 48 33 5 47 34 26 37 8 36 7 18 7 20 49 9 31 27 44 3 11 12 21 37 15 32 10 39 5 20 17 29 19 2 29 9 4 42 40 16 7 19 14 22 13 13 28 10 15 48 21 3 47 25 12 5 15 40 29 43 13 22 49 42 49 20 50 23 30 26 18 29 27 15 12 24 34 1 41 49 30 12 29 47 49 5
12 39 34 26 11 11 2 43 46 25 9 16 23 11 37 36 42 15 36 48 40 44 13 32 27 23 42 4 49 44 5 47 6 14 22 1 47 36 38 48 2 26 46 16 35 35 20 33 25 20 25 16 11 3 35 23 36 31 5 23 23 13 3 47 9 25 40 22 45 18 12 3 11 2 38 4 49 34 12 12 5 15 42 34 40 39 26 31 50 42 25 17 32 50 32 41 23 37 17 47
30 4 24 20 22 47 45 16 8 2 5 46 11 13 37 40 14 40 48 3 41 27 46 34 5 10 38 24 33 40 1 25 14 34 34 19 21 8 38 12 37 15 19 9 18 38 18 32 29 34 30 29 9 43 2 21 11 9 7 18 47 17 5 13 24 17 41 15 27 45 16 36 46 19 31 29 50 19 5 11 14 43 48 9 16 37 30 13 46 26 4 29 21 47 3 21 23 21 35 23
8 10 41 8 40 8 17 15 8 42 22 6 33 24 6 9 24 35 4 31 46 31 2 40 27 30 33 2 14 35 32 34 21 28 15 21 15 5 33 13 19 27 1 1 29 5 11 5 9 2 37 24 38 23 11 45 9 5 21 1 36 48 16 26 26 47 16 5 8 50 28 41 7 16 50 45 17 22 36 12 13 3 32 14 43 17 33 30 19 30 31 47 20 8 37 19 8 38 22 30
43 30 35 46 8 31 39 19 50 27 47 37 14 34 29 36 34 31 35 28 15 7 43 29 13 29 37 19 35 15 33 15 37 22 44 43 46 37 21 32 14 46 4 24 4 16 35 31 10 39 1 39 23 24 38 49 14 46 17 45 29 14 26 49 34 21 11 39 45 50 36 19 10 42 20 37 22 20 46 41 39 29 27 9 49 31 23 49 38 17 5 48 50 28 32 16 9 34 35 15
7 27 17 28 9 45 27 6 48 9 18 39 49 41 22 30 41 49 9 24 35 4 13 25 19 1 19 47 8 21 46 2 34 45 1 5 40 22 9 39 1 12 13 36 37 2 39 5 19 50 32 23 39 23 24 36 34 40 9 17 34 21 31 37 7 39 4 15 6 22 5 39 3 12 49 8 36 44 8 19 9 23 22 17 23 16 38 17 46 33 24 23 46 12 36 25 3 12 8 10
30 20 8 16 39 6 44 32 3 3 13 43 12 13 28 9 29 33 11 42 13 29 4 2 43 38 9 4 46 48 48 48 35 20 48 42 33 50 34 41 2 25 3 33 12 45 14 17 13 2 4 9 6 15 15 34 2 10 18 18 13 12 23 35 2 9 11 20 32 15 41 45 6 39 24 7 26 26 41 38 9 46 22 7 13 37 22 32 16 42 3 35 36 1 1 36 48 29 48 48
1 14 49 27 22 43 47 31 40 20 8 6 2 39 9 5 40 38 3 18 28 9 49 27 27 12 47 2 50 47 31 26 10 16 27 28 49 48 2 24 35 12 15 4 36 19 41 42 45 41 33 45 10 20 11 37 21 36 48 14 43 40 25 27 3 20 47 34 25 41 39 29 49 37 15 37 13 33 23 20 38 23 49 38 50 41 2 11 10 17 12 10 36 32 20 17 50 4 48 8
29 15 49 39 41 14 12 11 42 35 28 35 7 9 37 41 37 22 24 35 31 14 13 45 34 38 28 50 37 7 14 27 23 5 17 2 24 18 7 14 24 20 50 11 2 22 14 39 29 8 20 14 12 46 8 22 7 11 6 3 26 14 44 19 30 31 29 32 6 27 38 8 32 18 39 25 3 45 23 19 36 31 22 6 19 48 44 25 16 21 7 40 9 34 47 41 21 30 9 35
11 16 30 5 31 13 2 32 6 38 2 18 7 15 10 22 42 43 3 44 5 46 37 15 45 40 37 22 45 26 18 9 41 40 16 48 36 25 45 35 20 28 7 18 34 24 25 48 47 25 32 48 35 17 36 49 23 36 31 33 39 17 30 47 22 46 46 32 36 23 22 46 44 42 33 2 44 20 42 16 28 21 42 31 26 43 3 10 19 41 9 27 35 44 14 7 4 21 39 42
18 41 26 13 18 22 33 37 14 7 49 24 3 4 17 43 1 44 8 46 20 6 48 22 42 1 4 13 33 8 37 4 33 36 36 6 21 23 9 45 43 44 30 4 16 49 35 1 49 5 36 40 42 40 16 22 32 25 14 48 22 49 16 13 9 42 18 46 31 3 27 7 19 1 50 14 46 11 45 18 21 28 37 10 36 26 36 10 32 29 49 22 6 33 17 8 39 9 12 37
9 36 20 24 50 6 11 46 9 23 48 6 8 36 31 30 18 40 7 17 35 35 3 18 3 29 5 6 43 12 34 27 41 32 13 30 5 9 49 31 16 16 48 24 39 3 33 50 21 15 9 6 16 21 11 22 30 46 3 45 34 19 23 45 24 15 24 24 15 44 47 2 35 32 8 28 19 12 50 27 17 8 49 6 25 28 44 6 47 31 33 21 14 41 30 43 46 10 6 19
2 28 46 49 47 46 12 9 47 6 22 19 24 50 45 27 9 2 32 41 7 26 5 46 24 38 31 29 9 1 40 49 16 31 24 44 14 47 2 24 4 13 31 40 40 16 17 45 33 7 3 3 24 40 47 3 34 10 2 7 5 29 48 25 40 29 25 48 45 47 46 15 37 49 38 9 25 27 40 33 34 9 7 22 9 48 31 2 14 3 38 4 30 33 40 30 45 28 38 35
1 9 42 39 5 17 13 26 39 50 15 24 46 6 19 16 8 27 13 5 17 16 32 39 44 2 23 48 4 8 45 14 32 18 20 15 16 29 34 43 6 5 13 3 43 42 21 17 11 16 42 37 37 13 38 47 37 49 22 26 1 9 16 49 27 5 12 38 37 10 12 5 6 19 24 19 32 23 34 42 36 12 44 35 18 25 8 10 19 36 29 35 27 28 14 48 3 47 6 22
50 36 48 38 7 9 32 18 8 40 41 42 9 29 34 11 3 35 42 46 34 4 37 44 48 1 14 30 14 25 6 38 12 5 40 10 25 45 44 5 32 31 5 3 16 12 31 6 31 30 41 47 42 34 3 17 5 4 10 11 40 14 1 9 21 41 22 34 22 32 47 35 3 14 23 39 25 46 23 31 10 22 50 10 16 43 25 12 6 37 40 43 2 8 25 19 34 27 39 42
33 3 30 18 9 34 2 4 10 37 30 19 6 36 11 14 24 8 21 35 36 28 27 48 47 8 25 45 48 18 9 20 24 11 49 5 20 35 30 24 7 22 47 27 8 32 10 2 11 39 16 31 8 12 5 7 27 31 22 20 34 50 30 35 42 19 2 47 11 12 49 38 12 7 21 11 32 24 20 34 27 35 13 4 3 3 19 2 30 16 40 32 10 13 17 39 41 26 22 28
31 17 12 14 10 46 26 30 38 36 12 26 47 6 50 30 22 11 22 17 22 26 13 32 48 19 25 30 36 3 16 25 47 42 44 16 15 26 35 34 15 24 44 42 37 8 24 4 28 16 32 25 20 45 14 19 1 40 28 5 3 28 14 37 31 5 47 45 20 4 41 28 31 9 20 26 16 47 50 27 48 44 49 2 38 50 24 31 28 1 48 36 7 10 30 44 26 9 27 1
9 12 26 25 45 49 26 33 27 21 48 26 49 40 11 10 23 44 3 21 21 28 26 11 3 18 37 33 17 44 4 37 1 44 21 19 5 6 47 6 18 47 8 16 46 50 41 25 49 18 16 26 38 41 22 12 33 3 16 17 7 29 25 9 26 12 18 1 47 2 50 2 13 29 31 43 30 32 9 28 9 11 12 43 6 36 47 29 3 18 5 44 12 48 5 21 5 11 37 40
4 37 49 3 42 2 48 14 18 6 33 18 7 3 39 24 48 37 15 3 39 41 45 19 14 13 36 29 7 8 16 11 16 24 46 49 47 21 23 25 23 12 18 30 5 19 37 38 49 31 24 5 29 45 49 29 22 25 8 39 42 37 27 46 13 7 38 28 46 28 29 5 8 3 13 48 23 44 11 8 47 4 1 7 45 9 23 38 8 18 12 36 22 40 20 8 6 26 13 5
39 8 2 27 7 23 13 22 41 15 2 4 7 26 5 19 5 30 33 19 26 44 1 3 13 6 16 14 16 27 3 15 12 24 28 19 13 36 31 36 45 21 32 23 17 1 40 25 10 41 4 15 32 43 17 38 25 45 7 22 36 22 33 15 31 3 5 45 8 8 3 33 31 22 38 10 32 27 38 3 15 12 9 49 16 17 6 2 4 15 46 3 1 29 28 37 39 42 29 3
2 47 41 46 15 41 37 31 22 3 50 16 46 16 2 39 1 6 30 22 38 13 30 4 43 28 14 25 39 2 24 21 40 31 43 14 37 3 29 25 24 5 8 42 24 22 48 12 3 50 2 1 41 11 41 23 33 38 11 33 37 40 25 26 4 43 43 21 19 25 36 19 5 7 21 5 48 11 26 13 30 2 17 17 25 46 20 31 23 19 44 2 8 32 17 19 22 19 10 31
27 36 21 11 22 19 39 8 46 16 4 22 41 50 1 14 19 30 6 21 34 27 47 48 40 21 29 23 5 21 48 14 27 36 43 28 48 29 12 29 21 25 12 10 47 14 32 25 16 36 5 23 15 9 3 45 27 4 25 18 8 33 2 42 16 16 2 37 36 1 21 29 7 25 1 50 5 48 42 34 26 13 15 30 29 9 15 38 17 8 5 23 10 1 36 30 10 38 1 42
3 28 32 12 40 1 48 30 39 6 6 45 48 43 45 19 48 35 40 27 49 46 6 3 34 20 38 23 40 46 24 40 14 10 30 8 32 20 49 5 44 27 47 26 46 13 38 34 13 15 3 24 25 14 7 22 13 30 15 45 1 32 17 38 18 47 18 36 7 25 13 14 47 35 9 43 9 17 26 22 19 3 3 27 48 17 34 31 10 5 15 50 37 16 18 14 46 50 22 16
33 27 16 35 23 34 43 37 7 41 48 30 11 17 9 27 40 36 29 33 33 45 33 20 1 9 24 3 1 46 48 46 28 29 43 41 33 42 29 45 17 37 10 1 8 45 10 7 9 27 5 3 3 24 44 15 38 21 34 4 17 43 38 32 20 21 17 5 6 21 41 13 13 49 34 27 21 16 33 6 19 7 23 33 12 40 25 38 8 7 37 2 17 14 35 34 1 4 32 10
6 26 10 27 31 4 14 11 21 50 38 14 49 22 5 9 41 46 43 31 17 8 26 8 21 15 20 11 13 23 2 10 35 25 28 21 19 42 20 30 49 9 20 13 35 7 20 41 24 14 47 2 41 33 47 22 20 40 7 36 16 42 30 16 13 10 44 43 49 20 36 16 50 47 19 25 40 26 47 14 42 24 25 22 16 31 37 6 42 1 44 7 38 16 41 23 16 5 19 22
29 47 13 14 31 48 25 45 38 44 26 42 1 16 47 49 10 50 46 29 38 49 45 32 15 18 25 1 29 2 44 31 5 42 50 35 27 5 23 36 9 50 19 35 23 38 35 49 17 7 39 32 4 12 9 3 50 7 13 1 41 36 38 36 1 40 44 33 43 14 12 41 23 42 21 34 15 5 23 11 43 21 37 14 26 38 27 10 19 50 47 6 33 19 10 24 42 47 13 49
10 35 50 28 33 19 33 2 9 37 5 25 44 12 46 24 17 1 37 20 7 30 34 38 45 19 35 48 24 2 37 18 46 24 17 49 33 44 23 28 27 28 25 11 5 25 4 40 22 47 43 9 19 18 45 4 28 34 16 25 22 2 33 14 14 29 10 26 6 48 8 3 24 38 12 32 4 10 40 38 4 15 50 17 29 28 14 5 42 48 38 11 42 13 31 18 16 21 11 45
25 24 16 27 47 7 34 50 34 24 37 15 22 13 11 45 18 37 7 21 28 27 18 42 36 6 2 33 25 28 33 41 24 44 42 30 19 2 27 35 17 3 5 50 21 37 38 21 35 30 5 29 24 50 4 22 7 29 21 8 19 50 38 39 11 21 43 45 5 37 28 26 36 47 19 2 20 15 23 25 50 14 7 42 13 45 8 48 39 45 42 13 3 35 24 14 16 6 13 45
43 16 17 41 41 11 16 6 13 3 13 18 29 16 46 10 9 32 46 36 31 14 6 21 24 35 4 50 1 20 45 3 44 3 8 50 4 43 38 24 10 19 28 20 2 36 14 12 36 41 45 28 18 41 7 7 21 17 46 25 50 8 41 50 34 28 43 42 13 44 7 9 6 27 2 35 17 1 19 17 23 36 46 33 14 25 2 29 32 17 39 7 15 11 45 46 2 48 22 35
31 40 44 48 34 26 12 32 8 2 48 19 9 2 34 21 25 46 9 39 39 33 46 5 4 24 2 24 29 9 37 27 4 37 46 25 37 44 17 23 15 48 38 37 19 9 22 2 17 35 19 34 39 19 17 36 9 47 7 41 41 16 21 38 13 12 37 25 27 1 3 40 35 46 25 8 30 13 33 45 10 15 39 22 29 17 36 31 41 21 15 29 27 28 6 25 41 13 10 5
27 8 42 14 43 10 13 43 29 48 15 30 16 37 47 37 23 49 39 36 47 31 38 27 1 48 18 24 22 23 50 31 34 1 17 17 11 31 42 6 43 14 11 3 23 16 26 11 15 29 15 13 41 27 32 13 17 17 5 29 23 46 41 20 25 5 14 15 50 22 24 19 20 36 15 17 5 34 10 8 30 40 20 44 10 46 34 46 6 49 48 35 42 13 7 35 21 26 7 29
41 4 23 48 42 32 27 48 30 38 25 4 19 8 32 10 23 50 9 37 17 29 2 14 35 37 49 50 13 32 33 1 44 28 10 6 14 7 46 30 17 35 24 27 5 41 9 39 48 13 47 6 41 7 13 28 24 16 40 32 33 17 13 27 46 16 9 29 6 26 13 49 44 20 8 5 48 6 1 39 44 50 13 19 41 39 30 44 33 13 38 46 33 36 31 35 37 31 7 39
19 8 46 6 6 8 24 17 35 15 50 31 11 4 6 42 28 34 29 16 41 37 10 20 22 37 47 40 17 5 19 11 35 26 23 41 49 34 26 5 32 22 15 19 35 49 11 26 45 10 38 50 22 21 44 45 3 13 46 34 48 6 29 35 21 6 39 24 46 43 6 23 6 13 18 31 20 14 17 2 37 20 28 39 9 24 9 12 26 46 23 19 22 26 46 43 45 15 50 16
21 41 16 26 9 42 5 15 34 38 20 36 23 28 49 29 31 49 26 8 21 22 15 8 25 25 19 3 48 3 46 33 40 49 26 21 32 3 11 30 25 16 6 39 28 30 32 20 32 25 5 41 23 46 5 19 33 22 22 50 39 47 44 39 26 6 50 22 38 10 17 39 3 35 7 15 43 40 42 34 9 8 28 13 13 14 32 6 26 41 7 41 35 23 9 45 29 38 3 10
34 6 13 31 10 40 36 21 2 3 39 14 41 45 12 40 48 46 18 16 16 33 21 23 27 38 11 23 10 14 7 46 47 39 49 22 32 33 13 6 48 27 47 6 24 15 4 7 12 22 11 35 13 37 37 32 2 17 48 43 41 31 9 5 32 7 7 9 15 13 41 40 49 13 24 2 10 18 18 28 6 28 24 9 27 29 5 27 21 22 46 16 26 20 12 34 30 14 6 11
21 41 40 22 22 43 41 37 39 5 1 33 21 8 16 21 2 40 5 28 9 7 8 6 25 36 50 5 12 18 13 22 24 14 1 45 35 41 34 41 33 48 25 17 20 24 4 19 28 2 50 36 25 18 7 5 44 36 15 38 17 22 6 42 19 41 45 12 29 24 19 27 35 45 49 11 25 23 7 11 46 45 3 44 6 27 27 30 8 19 18 10 39 8 33 32 4 31 6 42
27 22 20 1 2 43 6 18 19 17 4 10 12 17 15 46 11 3 37 23 13 9 12 40 44 26 23 18 28 6 43 43 40 17 11 17 2 7 40 25 32 2 37 4 45 2 32 38 50 30 25 30 26 9 47 9 47 4 2 4 21 1 18 47 41 29 26 35 6 37 15 20 9 3 2 13 40 43 2 38 38 2 3 30 31 38 50 8 4 34 50 16 24 43 31 19 49 44 36 25
47 19 26 42 3 29 26 28 17 10 28 28 45 19 36 41 48 47 4 21 29 27 15 2 13 30 45 48 11 8 21 38 3 15 20 35 47 6 28 28 33 16 41 28 36 50 38 41 50 11 27 34 35 31 27 27 28 30 27 45 32 9 49 12 13 10 25 26 20 5 34 4 29 34 45 36 33 21 24 42 23 6 10 22 8 26 8 7 21 24 34 45 3 20 19 2 29 33 44 34
22 2 50 25 49 49 25 43 19 47 10 42 8 9 21 21 1 34 34 2 44 28 8 36 29 39 2 30 8 30 4 19 39 5 8 34 29 28 10 36 44 43 46 34 38 29 46 45 41 1 1 39 33 15 19 36 3 22 49 32 42 29 17 26 2 31 19 2 3 19 23 5 36 42 49 39 9 19 49 42 5 48 31 5 26 2 21 38 35 30 31 15 44 32 47 34 41 4 34 8
25 17 27 31 30 25 32 35 40 16 28 37 14 43 2 50 1 33 40 22 16 22 31 43 22 28 43 22 8 45 33 30 43 3 47 20 7 20 25 36 40 10 43 49 37 40 36 35 28 3 2 18 4 42 35 14 40 8 24 18 50 25 4 46 27 6 4 17 36 10 36 38 21 38 13 41 33 43 38 25 5 5 16 36 26 25 34 46 28 14 28 37 29 29 10 36 20 45 23 45
50 7 8 29 13 19 27 7 27 28 42 17 44 18 14 13 16 27 40 10 50 44 22 24 16 26 46 44 11 30 42 28 46 37 29 26 6 50 49 18 40 7 30 45 46 35 39 12 15 35 33 18 20 19 21 27 12 34 26 11 30 4 47 9 43 37 21 2 22 2 11 35 3 27 3 35 38 21 38 40 5 5 4 12 28 35 3 29 6 22 16 47 24 38 28 39 47 27 31 8
14 25 20 12 23 32 34 13 36 3 17 31 4 14 19 11 3 13 16 9 6 26 2 28 6 13 32 39 32 28 20 34 47 50 47 12 28 6 45 50 11 1 32 24 49 9 6 5 35 22 3 49 8 16 49 47 24 22 2 36 37 5 34 10 31 3 19 36 13 7 8 50 9 2 2 30 42 8 46 50 11 20 25 38 31 36 30 18 1 39 23 18 8 22 29 38 37 12 4 41
28 17 22 11 2 45 8 33 27 45 24 21 31 20 10 25 4 25 29 2 27 19 27 33 20 5 44 33 46 37 8 29 12 9 25 40 43 19 9 20 31 33 26 18 35 43 47 46 50 33 38 21 28 18 34 34 41 35 45 34 50 32 42 28 7 31 49 1 24 29 3 24 37 5 50 17 48 34 50 10 44 47 22 3 6 28 32 22 36 22 44 22 34 26 15 50 24 23 5 42
2 49 50 13 33 27 27 31 38 40 16 34 3 16 19 27 33 47 43 2 41 32 39 11 50 1 7 25 1 31 32 21 5 26 35 12 20 48 42 14 24 16 24 45 46 9 11 15 9 21 49 19 37 45 8 47 26 34 41 18 6 21 20 27 15 41 1 18 12 10 11 40 39 30 2 3 9 45 44 5 20 41 33 9 9 47 43 32 24 24 47 34 16 27 25 5 40 35 10 39
48 48 18 49 37 1 36 47 46 8 50 19 4 41 33 33 36 24 32 47 22 45 1 35 15 4 38 8 2 1 50 44 33 10 4 34 14 44 23 10 24 7 15 33 33 46 24 42 21 24 29 10 8 38 19 22 9 28 45 32 5 11 39 14 44 1 27 44 12 42 46 32 21 40 39 32 1 1 39 42 5 36 24 33 32 15 29 45 49 13 1 48 46 50 35 22 23 4 1 26
7 12 35 24 26 31 34 35 10 24 46 15 15 24 9 3 28 8 29 3 42 27 42 23 37 5 18 9 31 35 19 32 47 20 19 17 11 3 46 23 30 36 48 34 10 26 22 18 8 40 42 29 4 36 6 17 11 13 33 35 37 10 18 18 4 33 10 13 33 28 43 35 47 47 35 29 41 33 4 4 50 22 21 28 1 3 44 24 24 29 39 28 20 50 4 2 24 4 17 17
22 19 1 6 44 37 24 6 21 1 47 33 18 40 1 41 48 38 47 25 4 45 8 11 50 3 25 19 21 26 47 18 25 31 25 31 15 44 36 9 21 5 13 12 42 6 38 40 21 25 5 20 8 26 28 23 46 5 25 44 26 36 4 28 23 44 3 29 9 34 20 34 39 35 41 34 4 2 18 43 2 14 30 13 36 45 21 21 2 46 17 34 44 1 38 26 35 4 7 18
8 32 17 49 32 29 48 2 4 46 38 37 24 35 21 50 1 49 35 33 35 32 4 22 15 15 28 43 26 24 28 46 41 42 11 50 12 43 16 4 21 40 44 44 43 31 34 45 30 13 22 14 10 15 16 10 4 17 45 50 35 6 41 38 34 31 14 27 38 8 39 17 5 39 27 8 24 20 1 3 15 15 49 37 1 49 45 6 24 10 49 17 49 40 22 38 25 28 16 28
46 24 49 18 25 11 42 21 1 4 49 34 15 28 22 28 38 13 34 40 35 23 37 44 23 40 35 28 36 18 50 19 47 2 45 11 35 25 3 18 42 27 13 44 47 6 8 18 36 37 42 2 18 15 40 6 24 18 30 39 13 32 10 40 48 42 8 28 46 50 45 28 42 23 17 14 27 43 10 2 33 19 37 46 21 10 2 9 16 30 2 37 8 28 9 30 16 26 26 24
22 15 12 16 31 9 29 43 43 41 50 25 3 44 19 8 46 39 43 47 48 7 10 48 29 49 30 23 9 45 33 12 41 11 19 48 45 37 44 25 6 32 7 17 21 21 36 3 41 11 8 20 14 35 20 15 42 28 1 7 31 19 30 45 5 9 20 1 19 7 44 25 49 17 42 30 41 36 11 39 44 39 46 33 47 26 44 38 45 42 44 47 25 38 21 20 38 23 36 30
48 21 21 18 26 8 49 19 24 2 29 41 29 36 29 11 31 26 9 47 20 32 32 28 50 18 2 2 22 36 44 49 9 33 48 27 1 42 44 4 20 11 18 47 50 29 10 21 11 3 18 19 41 38 4 20 50 15 41 2 25 15 12 1 9 39 46 24 32 46 20 7 26 37 10 3 49 42 46 33 17 10 5 10 33 13 10 34 49 11 26 22 15 4 37 7 44 20 13 15
10 8 32 48 30 39 24 11 38 40 29 20 34 49 16 36 36 12 19 29 46 50 5 32 16 47 11 43 26 20 35 24 31 25 14 13 9 11 44 23 27 44 35 13 28 32 29 38 47 46 37 12 30 11 26 33 47 21 12 48 36 27 5 17 20 47 32 10 22 48 18 48 4 8 25 32 28 25 25 16 48 18 43 4 4 16 32 11 11 44 7 23 24 49 11 41 1 34 43 19
6 37 46 3 10 20 2 30 17 22 25 10 4 26 40 39 12 15 30 43 16 5 45 36 2 22 34 33 15 29 6 20 10 33 44 20 29 9 34 12 24 41 45 18 7 41 28 11 35 46 13 17 37 21 5 42 39 29 41 45 20 31 9 17 1 49 38 9 14 31 42 5 20 27 49 35 7 7 38 41 3 37 32 27 11 34 19 2 25 8 40 11 6 44 27 44 36 29 46 18
35 11 30 33 20 2 28 27 4 10 24 22 1 31 2 22 38 31 29 4 49 43 11 9 43 20 5 49 14 48 40 43 5 10 45 6 43 38 42 8 46 32 42 19 9 34 3 28 3 45 5 45 10 26 26 11 21 23 29 40 50 34 36 1 26 46 28 28 17 21 13 21 3 17 21 31 30 4 36 29 40 21 33 22 23 35 18 44 50 47 11 39 25 15 12 48 31 4 45 48
5 35 44 30 15 6 16 28 49 33 11 19 7 44 35 22 13 22 9 42 48 4 16 42 2 5 20 3 27 36 46 26 17 49 36 25 36 9 16 13 37 7 26 14 12 5 50 21 13 48 31 35 11 49 9 6 31 39 19 8 30 44 30 36 2 49 39 35 2 41 29 20 27 17 12 33 17 33 4 32 33 5 42 2 13 6 28 37 1 21 41 37 32 30 18 13 8 7 39 34
35 33 25 6 46 5 39 37 4 30 28 22 3 35 12 45 4 12 4 37 48 3 44 37 25 4 30 42 38 23 35 34 37 9 47 10 19 35 48 43 43 49 17 27 19 45 31 45 4 47 30 21 17 41 33 42 27 17 39 46 28 1 4 16 46 50 34 48 1 29 9 48 44 47 9 14 19 20 49 22 47 9 28 48 42 29 33 36 12 49 5 9 1 6 2 22 8 18 23 48
27 13 16 17 5 14 22 18 22 22 29 36 10 24 48 6 26 46 30 7 26 35 7 48 17 16 1 16 44 7 44 26 8 20 4 33 40 41 37 19 39 36 42 38 1 34 27 4 8 49 34 21 38 26 44 20 23 40 16 41 34 23 1 48 45 28 26 27 7 50 25 26 37 24 31 7 23 15 42 49 43 20 49 35 49 1 32 41 20 15 29 47 11 28 19 2 12 33 6 49
10 24 19 26 40 6 29 14 18 4 35 4 18 18 6 12 1 21 33 14 31 16 22 14 1 5 37 32 30 11 6 29 10 49 1 37 31 39 43 28 9 34 17 36 26 18 30 2 39 6 16 2 7 10 42 50 39 6 33 32 25 18 11 34 5 45 49 50 34 3 31 34 32 25 47 7 36 16 41 15 16 37 44 32 27 9 5 31 17 26 19 44 36 34 43 2 18 17 30 2
4 21 12 37 30 45 3 34 49 27 37 41 20 13 23 50 2 18 27 21 27 24 36 6 29 42 27 27 7 3 43 30 35 22 10 5 24 21 7 15 32 38 7 44 28 31 6 17 27 41 20 18 21 47 25 26 29 40 47 38 33 24 46 8 48 6 7 36 40 15 10 3 18 3 24 31 34 30 44 5 19 33 44 47 11 16 14 50 21 2 45 48 42 38 47 7 23 1 44 31
30 16 19 11 30 6 24 42 8 2 25 23 8 38 11 35 5 21 16 38 36 12 22 16 17 13 34 45 28 10 23 4 34 33 36 13 32 9 13 43 30 28 43 48 36 43 32 3 27 17 46 3 38 14 19 38 43 20 45 11 32 15 47 8 48 50 48 18 45 2 1 11 48 11 47 46 18 35 45 21 9 11 8 14 31 15 8 23 22 27 4 20 22 10 39 17 21 48 23 43
11 20 33 22 18 48 36 25 42 24 26 13 27 4 32 27 1 7 13 21 38 3 34 6 45 37 29 15 8 29 5 15 45 43 28 11 20 48 30 11 48 48 2 29 15 23 1 23 14 2 31 39 29 6 26 33 16 24 13 21 35 9 12 20 41 3 24 2 40 39 24 18 32 35 35 23 17 10 22 8 33 36 4 27 43 1 12 3 49 47 43 47 13 12 40 23 28 44 35 21
2 18 41 22 31 3 7 34 12 50 25 33 21 25 13 39 44 19 18 24 34 13 48 37 47 30 21 39 28 33 4 47 44 34 43 21 43 41 32 42 36 48 23 5 41 44 50 10 24 18 33 30 14 16 13 21 21 46 33 38 3 20 22 10 12 38 6 29 24 33 24 5 22 21 43 49 30 19 45 14 14 49 8 19 48 44 4 23 10 6 12 31 6 48 44 10 32 29 15 40
11 35 15 36 34 50 7 19 23 19 21 1 9 37 16 21 21 45 49 28 22 17 20 49 40 16 29 21 10 50 33 50 33 33 20 19 35 27 11 10 46 35 24 31 9 1 47 4 35 9 14 33 14 48 12 4 38 48 8 1 12 18 34 3 41 24 19 41 19 9 32 15 8 4 47 21 29 36 17 7 9 23 24 36 2 26 12 45 29 46 43 21 5 39 33 9 32 38 42 24
8 48 25 42 25 1 9 30 9 48 49 4 9 7 4 3 31 28 39 43 20 17 10 10 11 46 38 21 37 35 41 36 4 48 32 14 36 48 16 31 8 48 26 41 30 43 44 44 25 46 38 8 2 37 8 3 31 24 10 41 1 47 43 30 35 41 48 38 39 30 26 24 48 34 26 19 8 5 38 7 46 41 9 15 31 8 22 44 12 37 18 31 40 28 43 28 36 39 15 49
33 37 49 36 26 50 10 49 34 29 1 17 34 34 48 41 25 44 35 23 30 46 24 2 22 21 37 28 12 5 24 35 31 4 46 14 40 31 50 35 7 34 10 50 11 24 32 4 3 27 8 44 46 10 14 27 40 23 44 2 26 45 28 26 20 19 26 8 34 6 26 38 32 32 25 22 9 14 22 35 30 28 50 16 5 40 47 50 48 48 10 26 33 36 41 17 47 9 23 2
48 15 28 31 10 28 22 50 12 36 44 39 43 43 13 32 41 29 50 36 44 29 3 37 35 13 21 4 47 11 35 10 40 19 4 25 12 31 15 34 36 3 5 37 48 43 31 9 28 48 47 26 19 43 40 36 34 24 11 13 13 43 42 44 22 13 18 21 7 44 43 17 50 8 32 1 40 13 17 11 42 2 15 19 1 14 25 18 42 38 46 32 38 45 25 3 2 6 27 11
28 4 3 47 50 38 41 25 6 24 20 18 13 7 30 12 5 9 33 33 9 33 20 32 3 29 27 45 6 41 40 37 32 19 15 44 25 2 34 27 41 5 42 38 42 44 3 15 48 7 27 35 1 41 42 6 47 5 18 33 42 29 34 48 44 50 19 47 19 10 24 50 33 20 49 30 2 50 39 38 1 8 24 16 35 5 20 35 33 42 28 19 50 26 17 33 1 31 40 23
43 27 44 40 50 46 44 34 21 16 36 34 17 20 25 19 29 50 9 29 33 40 4 23 6 35 31 25 47 42 31 9 19 18 20 7 1 1 13 34 20 11 22 16 41 31 29 45 6 38 14 37 8 5 41 10 37 31 9 5 43 20 1 10 36 28 39 36 31 25 40 5 6 5 24 5 50 1 14 21 3 48 27 44 32 45 21 32 9 21 23 15 3 21 33 43 41 40 34 30
29 5 28 17 23 47 15 20 23 13 34 33 40 11 19 20 38 31 26 43 19 36 36 19 48 24 34 15 30 30 5 30 18 13 18 6 36 40 7 13 35 23 35 13 5 42 40 20 12 25 20 21 18 44 45 38 16 22 6 12 34 49 6 39 14 34 32 25 37 28 23 47 43 21 13 41 32 26 14 41 7 2 4 13 22 48 24 4 48 26 26 34 46 45 34 19 3 47 2 4
36 47 2 15 38 3 20 42 2 34 7 6 20 11 29 37 20 11 14 29 45 47 34 8 2 14 12 31 12 18 15 31 26 34 38 17 47 43 38 10 38 12 3 33 26 35 39 3 11 8 9 3 32 23 6 22 48 46 38 11 20 19 27 7 19 29 7 47 25 30 10 23 23 49 16 50 14 11 30 4 35 16 44 29 44 7 48 39 8 45 28 30 34 37 46 28 12 9 36 12
40 50 38 30 8 48 27 33 11 31 25 8 8 19 15 42 34 35 11 9 4 44 15 5 2 36 27 48 33 17 34 18 15 49 50 45 1 50 1 15 34 30 15 33 8 4 21 35 47 35 46 32 3 5 6 14 17 14 17 17 14 40 27 9 16 17 13 38 36 42 40 10 28 22 34 22 47 34 23 8 48 1 15 23 28 43 32 43 45 31 48 3 33 14 28 45 16 18 33 6
31 34 34 34 50 9 28 39 41 38 37 48 40 41 37 50 3 1 15 34 31 9 10 25 40 36 28 28 37 47 36 23 25 15 7 22 31 40 27 36 8 5 28 40 30 28 16 1 5 43 23 29 47 10 2 40 7 13 33 22 20 16 39 35 41 16 27 1 22 15 44 22 14 25 48 8 25 48 26 14 43 6 41 17 24 35 15 22 11 36 27 5 36 29 29 35 7 22 6 4
36 49 34 9 47 47 35 37 35 43 38 35 5 12 42 41 33 24 3 13 24 30 37 25 8 28 37 7 22 16 33 43 16 11 41 11 48 21 32 26 1 39 20 45 30 28 7 16 17 33 16 5 11 5 48 4 31 37 50 29 40 5 1 17 44 23 33 30 8 17 34 23 45 30 45 3 44 14 46 26 23 44 50 39 26 40 50 13 12 22 6 37 15 49 26 41 37 15 49 25
37 29 10 31 18 1 5 19 21 6 39 38 18 3 32 47 5 19 24 19 42 50 39 44 45 33 12 3 25 10 9 22 28 45 32 19 36 48 16 43 11 19 12 45 37 19 35 13 17 36 40 48 4 13 5 16 28 44 42 32 25 46 7 33 3 22 46 30 26 45 25 25 50 9 20 7 37 12 31 8 8 37 41 15 41 43 30 17 29 40 23 9 31 45 8 29 17 44 46 48
34 48 31 49 18 48 45 45 37 12 8 12 17 40 32 30 36 16 27 48 50 19 20 45 12 11 25 44 36 24 34 28 7 47 28 42 37 7 29 22 29 7 50 5 17 14 45 4 38 20 26 49 10 32 23 22 37 26 14 32 1 13 2 25 43 17 32 40 35 47 30 17 10 43 4 39 28 35 6 44 43 28 48 32 33 11 14 30 37 22 25 48 38 5 23 25 1 18 20 39
30 30 13 12 36 30 29 45 18 48 4 1 46 32 23 32 46 7 24 10 45 5 41 32 17 19 23 39 38 17 22 14 26 26 8 49 16 39 29 45 19 6 36 7 15 20 39 49 33 31 24 28 36 10 22 22 32 43 31 1 3 31 43 11 45 39 12 46 2 12 7 27 37 10 40 36 9 40 29 37 43 29 6 32 47 43 27 23 29 35 42 14 11 5 7 47 15 48 1 16
23 11 19 4 8 40 15 48 22 32 3 11 16 22 22 16 31 18 41 47 24 31 46 27 24 25 44 4 38 44 48 17 41 28 35 48 22 25 15 36 41 3 2 35 12 28 41 21 43 22 44 8 11 39 3 19 46 46 23 26 26 43 20 43 17 33 6 3 31 3 1 40 11 37 12 13 37 37 12 6 34 37 26 45 4 18 12 1 8 38 35 42 8 47 27 41 25 45 40 26
25 24 40 50 13 22 45 45 50 50 12 48 47 28 35 50 26 26 22 9 40 12 42 15 46 25 12 34 6 28 36 49 45 2 32 39 15 26 18 26 7 24 33 9 30 31 32 17 21 4 2 19 26 47 44 8 1 43 3 5 31 12 18 32 6 48 35 15 29 43 18 29 25 27 21 34 12 34 35 3 34 37 48 48 37 11 34 22 30 23 30 1 15 39 24 32 22 44 48 42
14 34 7 9 47 20 37 16 39 39 6 1 3 44 42 28 7 27 28 6 39 41 10 38 5 39 19 47 30 22 16 10 41 33 11 22 21 8 26 1 20 11 31 48 2 44 3 31 45 26 48 33 33 42 30 24 8 33 40 3 20 25 23 12 17 4 43 36 36 20 23 42 33 26 2 1 24 13 46 41 5 14 17 15 1 30 43 44 25 49 19 7 7 48 26 41 43 11 29 3
9 1 34 50 39 41 25 43 45 2 21 41 38 5 42 8 5 48 1 3 19 39 42 19 17 5 12 4 9 42 50 18 40 48 35 13 21 20 47 47 40 48 18 50 28 37 3 25 15 29 16 42 47 39 34 33 19 42 47 11 9 41 41 44 19 31 44 36 22 37 50 42 34 12 3 33 42 30 42 38 35 8 38 40 35 41 39 42 1 34 11 17 2 48 19 26 36 41 32 2
39 25 18 12 25 35 14 26 5 5 50 24 29 33 27 21 46 6 4 20 19 45 11 1 22 42 43 1 19 49 32 20 47 50 14 5 35 45 41 16 18 32 5 17 29 13 45 22 6 34 37 5 21 43 36 43 8 1 28 28 7 2 47 40 15 42 40 3 48 19 19 46 40 23 11 45 19 36 27 16 28 35 44 25 43 3 34 48 28 7 27 8 33 23 22 31 46 3 2 2
