100 100 100
40 88 1 80 70 84 36 73 28 32 35 69 66 93 96 93 5 1 96 43 61 67 15 80 45 60 39 10 23 5 95 35 11 19 37 77 75 44 10 83 37 39 24 76 53 48 43 31 39 50 49 4 89 38 63 71 38 76 76 75 13 24 76 9 25 79 55 26 7 45 94 63 46 13 67 49 52 4 36 81 97 26 1 78 73 6 27 1 31 96 29 11 41 74 79 15 72 69 34 79
56 62 91 25 50 17 20 69 74 64 100 74 39 46 64 98 74 36 58 100 90 41 3 86 62 10 66 7 54 40 59 87 69 74 74 37 41 7 4 3 95 2 75 94 89 17 67 100 27 52 70 83 54 74 69 7 13 46 94 33 58 48 57 3 20 42 26 36 94 96 81 81 73 32 49 65 24 47 85 11 25 61 61 78 75 80 32 7 54 76 94 83 67 29 48 31 69 3 33 1
55 55 89 79 41 40 62 12 34 93 86 64 51 1 72 34 13 49 14 9 40 78 36 18 39 53 12 34 81 87 77 12 63 37 24 83 86 8 5 1 20 30 27 15 26 63 30 5 92 12 25 58 87 6 34 43 65 57 38 97 100 15 15 57 70 73 76 35 94 93 31 58 6 51 14 47 49 62 25 25 15 66 61 26 17 69 1 9 89 59 93 100 57 95 87 40 76 99 83 71
65 7 24 14 37 15 26 21 97 40 31 61 76 9 96 4 95 11 61 28 55 10 57 38 89 7 37 89 25 24 68 96 12 98 20 81 91 79 76 25 89 75 13 4 54 1 36 54 95 8 10 88 87 51 87 52 71 43 20 37 33 87 40 98 18 26 82 99 89 26 22 50 86 60 71 57 25 1 36 89 13 24 39 65 24 81 5 17 31 86 38 82 32 33 41 37 40 99 92 16
12 32 2 77 16 31 25 65 85 29 24 92 48 87 29 67 32 21 93 87 3 78 25 22 26 1 65 36 58 5 44 97 6 90 95 49 85 100 74 33 27 42 9 33 49 24 52 59 10 38 31 35 32 1 97 88 87 67 52 56 71 95 35 1 53 35 82 36 16 11 67 90 21 39 82 33 7 13 68 52 34 24 37 60 21 25 44 80 51 52 8 45 7 19 76 43 83 67 29 91
7 76 88 95 68 88 59 91 79 44 4 10 92 16 53 48 8 28 12 3 2 35 23 90 3 63 53 41 58 67 71 57 43 95 45 35 36 82 69 40 4 51 90 9 56 97 18 32 1 95 58 27 5 37 32 96 23 85 44 74 68 35 56 64 63 68 33 8 89 1 66 24 43 92 80 29 94 63 57 20 45 15 30 74 90 49 96 62 78 95 42 75 27 97 5 57 19 70 54 66
87 59 61 2 76 68 75 94 23 39 1 55 87 74 20 26 22 83 17 78 89 58 91 2 82 84 69 43 69 27 98 31 75 35 51 79 57 23 26 45 97 9 58 17 32 45 4 49 25 84 77 69 63 78 62 97 96 5 56 52 38 57 86 52 47 46 97 3 89 41 51 52 37 15 88 96 88 63 25 90 92 95 20 86 48 79 65 98 75 74 70 65 60 18 41 86 68 74 36 45
46 30 76 29 11 32 12 86 6 10 4 98 53 29 24 59 14 13 30 3 50 14 48 17 75 52 93 28 43 46 20 98 68 82 38 19 71 49 37 40 14 77 17 71 25 21 11 9 35 40 26 91 96 14 17 62 58 100 76 2 94 99 79 54 72 49 65 34 74 8 3 69 89 43 47 3 21 16 68 83 35 79 16 47 83 13 53 9 82 22 15 68 14 8 91 100 46 18 8 39
2 1 54 2 35 70 80 32 39 32 8 90 23 48 90 25 46 92 57 21 11 58 98 74 56 90 67 1 93 23 29 96 48 54 35 55 71 72 86 40 65 36 57 58 62 9 70 90 33 54 32 43 68 76 80 81 38 88 7 85 58 90 50 99 77 98 93 48 57 7 30 26 5 61 21 87 77 28 65 83 84 28 26 39 41 95 87 27 66 18 20 83 76 29 84 42 83 94 84 84
23 77 51 6 73 61 75 92 3 95 91 59 27 44 87 44 59 89 49 38 98 97 5 60 80 10 42 27 79 28 65 79 58 63 23 29 63 52 32 18 97 7 27 22 14 77 20 51 9 89 19 97 84 32 58 95 17 74 22 73 42 84 83 7 93 13 80 69 37 77 55 68 39 32 67 52 25 84 52 48 68 90 88 60 43 96 83 82 40 41 14 93 66 49 18 34 21 71 27 40
34 28 12 35 28 94 69 13 48 51 23 26 88 17 82 19 66 68 33 87 84 43 43 41 97 47 78 24 61 49 28 69 93 26 11 51 44 45 34 26 95 14 14 22 76 59 47 71 27 4 95 58 30 16 89 23 9 2 24 43 11 94 3 56 60 66 61 99 81 37 9 18 82 68 100 8 49 86 72 42 29 61 69 84 17 60 32 13 20 31 51 17 47 60 67 97 54 21 45 88
12 66 36 76 45 41 9 55 18 51 1 38 91 78 40 41 58 2 55 45 1 54 27 54 74 54 41 36 2 41 11 30 67 28 13 90 80 29 93 32 7 26 29 86 19 88 23 21 41 80 75 70 59 14 4 60 95 47 33 21 14 5 39 92 50 26 5 55 7 58 93 91 46 15 50 34 92 46 30 51 60 45 96 20 84 31 7 21 95 20 39 5 49 75 90 7 52 78 28 76
22 45 44 55 92 2 62 78 58 41 93 40 90 64 6 44 55 34 91 33 58 54 39 95 71 55 87 79 30 18 54 23 2 96 54 45 44 34 98 26 89 7 9 95 93 50 84 4 71 78 61 98 27 67 48 91 32 93 6 87 11 63 74 50 69 50 24 41 63 81 10 43 88 3 53 1 2 44 91 94 34 27 91 53 54 100 55 37 48 54 76 8 60 61 17 91 48 64 52 14
8 30 17 23 9 94 97 10 20 64 96 65 55 86 31 97 4 41 76 45 22 74 24 90 96 65 67 36 79 89 69 9 5 64 28 8 35 94 53 2 11 79 8 68 66 31 13 16 81 42 43 87 28 67 78 56 52 81 88 96 91 29 64 70 42 20 3 89 62 95 30 20 72 21 58 66 55 60 11 19 16 39 63 72 17 12 26 39 36 37 71 19 54 17 87 4 64 83 50 70
38 84 59 52 63 89 56 56 62 87 39 94 86 15 57 14 29 6 17 79 83 51 70 66 6 89 96 48 10 3 69 7 67 41 77 48 75 97 56 59 91 80 56 84 86 100 61 67 5 39 78 67 21 82 51 35 73 3 26 17 25 9 27 81 73 43 34 42 49 44 56 76 21 30 6 14 21 24 67 78 91 63 26 12 75 6 91 84 40 54 54 4 5 41 69 42 9 5 12 87
64 93 56 94 14 93 66 75 22 61 31 63 84 80 95 77 69 82 53 68 20 63 94 73 73 23 67 24 25 36 62 74 81 70 38 44 2 14 83 25 26 21 16 67 76 53 95 60 30 7 91 11 36 72 25 36 81 62 73 50 74 66 53 56 95 61 68 80 63 40 13 61 72 77 43 56 47 87 97 42 42 54 27 5 95 32 59 36 43 44 19 44 80 58 92 61 3 4 63 50
38 28 8 50 13 53 80 92 49 28 5 10 98 21 90 82 63 76 37 14 96 80 12 74 95 29 3 32 41 53 71 24 51 85 97 6 100 42 59 65 35 68 96 26 46 65 92 66 54 27 6 73 50 77 9 36 12 98 86 86 52 37 40 43 94 87 59 82 30 25 55 1 35 50 45 11 81 14 24 10 6 70 50 30 61 9 30 99 13 14 22 87 64 24 81 72 11 15 59 13
11 37 1 39 82 50 72 52 8 96 63 37 62 40 33 25 24 26 66 54 63 47 6 66 78 42 19 78 38 32 11 56 54 73 77 40 81 61 26 7 70 59 22 95 17 21 44 50 72 61 55 96 75 56 94 96 6 67 54 65 8 38 5 15 7 37 63 98 6 90 90 25 4 43 14 4 97 74 6 100 68 2 83 79 3 82 70 53 91 82 90 89 99 50 20 26 47 48 91 43
34 97 20 37 73 56 22 60 45 62 47 35 73 49 23 62 44 12 15 40 17 85 91 14 92 12 93 96 90 72 44 49 78 95 100 97 70 1 25 35 25 70 80 69 98 18 63 90 83 63 60 2 53 27 92 53 43 35 74 5 67 67 3 26 92 35 99 94 95 8 26 90 1 57 84 24 68 97 22 97 66 42 41 3 79 95 98 68 61 15 89 3 31 58 100 17 22 78 28 23
47 47 2 31 88 59 11 89 95 26 58 69 63 29 27 70 54 30 37 89 12 41 42 72 49 22 19 90 90 63 51 9 18 23 85 80 4 81 85 27 6 64 49 5 52 37 5 36 15 33 81 27 26 4 71 37 10 97 44 30 30 90 1 12 21 45 22 28 56 22 75 67 17 29 32 96 3 29 99 88 21 66 53 90 81 20 46 89 41 4 62 55 76 20 96 76 71 11 31 59
48 59 60 89 17 88 18 56 23 78 81 92 21 30 26 26 91 58 66 1 55 63 14 19 82 57 14 48 81 42 18 78 80 7 84 8 18 100 41 77 7 39 20 98 70 89 29 12 10 53 96 25 7 38 100 73 95 87 67 8 83 58 92 67 100 26 32 49 35 82 55 13 9 40 27 58 69 87 67 78 52 6 22 60 62 92 19 41 26 85 29 14 56 70 96 24 16 69 47 12
92 14 9 6 92 62 38 97 1 91 75 74 35 52 26 55 47 31 85 91 13 4 14 100 17 56 44 36 45 84 33 32 35 8 71 54 75 69 86 11 51 87 39 35 61 59 27 58 51 45 68 47 79 66 70 46 85 55 54 58 73 21 98 38 69 92 28 83 56 83 14 92 11 42 8 17 44 68 10 12 66 88 53 49 88 74 55 2 65 46 99 5 69 38 19 38 48 90 34 92
6 66 38 83 68 87 74 44 82 46 58 66 62 6 40 74 87 69 39 78 68 43 63 70 45 35 91 27 76 62 79 41 73 34 34 37 26 64 73 28 98 30 75 96 70 73 88 61 18 62 45 50 43 24 41 30 69 35 34 2 80 12 24 19 89 42 35 85 34 7 41 98 88 35 61 17 44 39 91 98 44 66 97 16 85 34 19 30 82 18 53 99 57 27 89 92 85 30 96 40
76 45 5 88 59 66 33 14 21 61 99 85 89 40 20 26 67 62 79 68 18 69 54 9 35 65 13 38 27 70 29 6 55 50 90 60 45 34 90 22 68 99 49 50 25 48 49 68 56 90 94 58 14 51 88 93 72 100 25 23 26 4 99 91 63 6 36 13 17 67 28 67 37 73 100 73 48 83 32 64 29 83 8 11 94 40 28 34 55 18 17 97 58 21 28 58 1 53 38 39
31 42 56 47 93 62 54 35 42 76 97 88 89 37 20 48 31 81 32 42 86 93 97 80 83 15 43 40 9 71 70 67 27 46 44 50 44 44 33 86 63 52 13 24 33 15 48 91 75 98 90 83 41 34 89 86 33 93 49 40 6 52 90 87 97 27 90 41 9 78 14 84 91 70 7 25 65 99 14 37 84 89 61 85 81 81 8 28 96 24 56 43 45 12 19 89 57 62 18 80
89 91 57 8 46 26 39 31 56 84 70 47 44 68 82 49 58 66 39 3 13 7 47 21 77 94 81 55 3 98 22 87 19 57 25 94 84 33 30 54 58 29 18 24 1 47 75 75 87 21 34 61 46 11 22 81 35 52 7 35 59 4 76 61 64 58 36 31 65 90 27 25 60 96 17 8 49 61 87 31 16 6 69 20 24 78 53 28 54 32 35 64 65 11 63 11 63 3 60 97
78 78 50 45 2 11 30 63 54 74 42 8 10 33 60 95 31 75 17 66 39 31 83 22 89 8 28 36 57 100 82 46 1 4 63 18 75 55 98 25 94 95 25 71 25 1 54 79 23 84 21 98 10 13 87 82 11 58 58 61 26 37 1 36 23 64 27 63 32 24 48 91 95 15 95 55 44 96 20 42 81 93 73 85 26 35 81 94 7 97 21 38 41 58 95 9 40 67 25 25
36 70 30 79 20 63 72 45 80 28 58 29 35 46 86 95 19 39 8 20 53 10 49 35 82 35 62 8 73 52 21 67 24 17 30 63 8 14 96 73 16 54 72 85 46 76 35 47 86 73 83 43 5 28 63 55 98 24 87 58 96 100 96 98 91 1 77 98 69 32 68 70 53 31 45 53 91 43 92 30 43 43 51 39 68 24 54 31 85 89 94 13 6 14 61 38 10 90 71 100
70 22 75 58 22 41 2 77 56 65 6 36 37 8 92 8 8 65 50 10 38 81 2 91 84 99 100 75 12 28 48 33 95 95 61 78 100 73 55 73 90 8 27 16 24 72 5 22 46 11 95 9 25 18 81 62 8 17 37 100 2 50 71 45 23 4 15 33 14 7 32 41 70 8 73 31 61 94 59 6 59 35 62 56 7 46 5 20 60 35 45 89 83 90 14 1 48 40 56 93
73 7 5 2 14 12 76 53 44 24 19 50 93 72 14 62 56 54 23 16 22 54 55 68 72 78 7 88 9 11 52 71 41 68 45 34 60 80 26 53 28 72 62 68 93 47 71 24 59 87 91 74 80 29 83 55 81 19 86 37 62 70 67 26 65 88 81 79 6 41 69 8 90 71 71 99 56 87 70 54 73 35 52 71 8 9 97 7 9 90 61 46 19 12 98 15 17 13 17 88
46 38 16 94 13 97 77 43 68 56 62 95 5 91 31 25 64 36 86 91 36 57 10 59 64 2 96 38 82 29 21 45 22 12 24 34 34 78 79 44 3 75 23 16 64 43 1 98 14 9 49 92 15 37 75 74 5 3 65 22 100 74 24 90 44 58 43 89 92 58 90 50 39 11 53 29 13 54 23 61 68 93 19 74 50 62 61 48 38 23 14 56 70 90 27 56 87 60 71 10
92 29 90 34 22 13 73 5 13 46 80 78 5 11 46 96 40 96 51 54 55 95 62 56 12 55 82 1 83 79 40 78 85 75 6 75 74 52 10 1 16 78 10 37 84 20 92 3 65 98 68 87 8 46 13 1 63 94 69 71 99 87 100 1 60 32 8 65 77 17 52 81 76 61 79 14 19 31 64 27 15 42 35 83 25 13 35 64 7 83 4 5 77 54 85 51 81 43 26 76
62 18 79 8 48 29 37 89 33 96 19 79 19 27 77 70 27 99 57 93 35 10 38 3 32 30 82 15 51 70 25 32 24 38 48 35 14 96 72 71 70 56 96 40 39 60 82 48 40 61 2 35 76 59 96 5 12 23 20 82 94 11 24 17 37 86 78 94 30 15 70 47 42 94 83 78 39 62 61 5 29 9 14 47 69 81 54 79 12 72 29 35 19 36 57 28 100 64 26 100
85 67 33 89 25 54 16 100 62 98 24 86 54 82 14 4 63 38 92 10 98 85 19 43 78 39 14 55 77 92 14 14 23 66 70 17 10 73 80 59 13 90 57 14 7 13 36 4 89 88 5 12 37 46 97 54 6 1 56 20 67 53 60 48 55 97 77 83 83 7 29 19 32 51 13 25 77 53 59 49 16 1 83 87 81 1 96 80 3 66 95 38 40 47 84 37 46 40 78 31
11 91 50 31 13 49 40 95 82 15 56 99 96 3 36 94 82 63 71 36 47 26 83 29 19 43 92 66 23 10 48 78 74 89 24 88 43 36 97 72 4 29 57 95 24 55 64 33 20 42 50 87 35 33 87 65 96 88 26 94 94 77 16 6 88 21 1 66 100 72 45 56 53 74 100 25 36 22 53 84 91 49 29 76 37 59 24 67 99 18 89 99 45 24 78 97 73 80 76 48
88 8 12 92 66 7 80 5 85 46 57 52 15 61 89 16 53 79 62 69 36 66 45 3 89 22 58 62 22 86 65 95 4 50 10 54 40 39 10 74 54 100 38 27 68 37 25 75 26 15 49 53 39 100 75 38 45 37 64 65 13 74 37 42 56 52 15 100 53 91 84 57 33 68 66 99 71 70 53 68 89 89 49 46 80 22 38 85 78 71 99 3 11 8 42 51 19 40 34 45
67 54 21 57 39 57 29 27 34 43 65 36 46 55 9 28 51 75 62 88 59 69 84 66 24 56 15 64 14 36 53 81 64 80 89 48 66 1 73 31 54 84 14 83 83 15 38 11 8 44 43 19 94 55 99 64 56 63 93 37 60 1 78 8 82 78 69 51 6 87 68 79 87 22 59 12 31 34 8 31 31 23 2 89 11 21 60 79 35 49 82 79 41 64 33 3 12 75 44 65
54 62 35 83 61 28 77 8 92 44 67 9 40 32 50 35 87 59 74 25 74 5 93 46 14 95 60 60 97 7 94 28 51 35 94 72 1 70 34 23 78 65 30 8 39 69 4 92 53 81 7 9 27 55 42 54 23 7 49 9 19 19 91 45 92 51 49 41 69 53 44 4 66 1 42 39 9 64 2 89 66 47 29 24 51 40 9 50 95 27 85 65 53 75 16 23 30 92 71 97
2 17 58 84 92 84 39 48 28 25 54 26 54 21 49 96 55 83 47 55 63 41 40 56 19 42 84 83 36 31 61 82 21 68 57 3 39 94 57 95 93 99 51 38 52 42 10 39 33 40 83 48 55 76 46 18 76 96 67 45 27 40 7 23 84 33 76 96 59 34 80 22 80 26 10 90 57 16 61 75 31 8 94 42 57 43 38 32 38 77 46 17 30 59 69 37 5 29 75 72
25 30 87 62 78 63 33 86 84 25 63 42 7 34 18 33 64 24 46 28 16 86 44 66 58 68 59 34 78 62 2 43 25 24 95 48 29 97 42 86 5 70 58 55 31 35 77 4 26 61 100 72 34 23 5 48 54 23 8 4 13 99 37 4 90 50 80 35 59 73 85 29 54 4 26 50 5 90 99 5 7 48 76 79 32 51 53 65 67 43 21 25 76 5 41 64 57 18 62 47
22 62 8 51 28 69 53 52 43 76 98 69 20 27 80 49 34 90 25 71 49 10 66 75 37 15 33 67 17 57 76 36 75 5 61 30 98 74 41 47 27 87 4 23 33 75 46 94 100 9 56 79 99 14 7 13 82 14 62 28 15 23 31 94 3 88 15 8 81 71 27 1 91 34 48 21 65 4 35 18 2 87 78 52 73 21 11 40 21 13 27 4 54 28 23 5 4 38 63 97
92 15 39 21 62 79 94 40 72 2 51 10 32 4 84 83 80 45 15 14 69 13 24 22 19 68 36 38 12 64 71 19 4 84 65 63 27 18 43 79 51 33 38 72 18 41 85 88 4 7 63 73 17 80 1 8 9 83 82 59 2 52 33 20 24 33 64 51 80 83 58 27 18 28 24 22 52 81 45 14 60 91 35 23 39 61 86 7 81 52 52 30 37 74 72 68 50 93 41 57
20 91 27 44 8 93 80 71 2 61 16 18 29 61 63 18 18 49 16 10 63 97 47 90 67 89 73 33 18 74 44 25 38 17 11 41 58 47 19 35 92 100 83 15 18 73 38 21 66 98 10 31 98 49 95 75 91 1 31 41 9 46 93 44 16 66 92 47 3 81 73 22 70 34 17 47 60 71 9 8 83 28 73 71 98 11 92 50 32 79 90 20 71 42 36 5 45 69 32 62
48 53 5 85 93 32 46 56 30 59 4 84 28 90 95 5 12 80 97 33 88 26 34 20 11 19 24 80 17 23 43 81 60 93 93 26 43 6 27 90 5 4 55 11 51 20 94 43 88 20 64 82 34 38 4 7 9 47 62 61 36 7 35 93 4 6 63 55 21 66 26 31 48 28 97 47 27 43 2 50 73 8 23 36 46 100 95 1 86 23 94 32 54 89 98 18 19 80 84 91
20 62 74 17 64 77 72 34 48 22 21 33 95 94 47 79 79 51 71 39 6 38 99 13 67 74 15 75 50 75 55 78 58 74 4 12 100 73 2 54 90 17 57 42 36 19 31 23 35 80 97 13 28 38 19 9 95 25 39 57 80 55 78 100 16 81 82 69 13 2 64 90 57 77 61 2 33 54 37 92 53 2 51 99 97 26 72 98 66 23 64 7 54 16 47 37 79 39 11 32
83 29 41 99 17 81 21 28 80 93 15 86 9 18 7 56 32 10 19 38 96 23 21 31 4 21 87 50 61 85 79 85 81 2 23 83 14 46 10 45 49 67 78 50 95 91 29 65 38 97 28 32 5 33 35 39 25 88 6 29 16 94 42 43 95 73 32 40 68 99 51 57 51 67 81 71 31 65 3 93 42 41 42 32 33 34 47 27 57 60 96 44 58 18 33 87 62 26 97 92
56 33 84 11 51 91 14 61 37 65 35 90 41 60 51 99 64 25 26 60 93 16 48 94 73 78 59 88 54 9 13 65 68 39 90 68 93 81 23 100 69 54 65 65 10 75 1 95 22 79 27 62 57 77 67 7 3 34 40 35 62 77 82 30 21 33 12 20 23 3 49 96 63 40 3 97 98 82 13 90 36 3 79 25 72 28 5 56 54 9 21 88 99 44 98 44 75 56 70 98
8 11 28 53 7 64 11 68 12 65 59 46 80 5 100 28 35 71 22 51 32 39 25 43 92 72 18 65 98 35 80 48 22 10 20 64 61 94 64 83 5 60 66 65 23 86 84 68 17 95 50 74 59 44 96 75 89 7 70 62 67 74 23 35 85 88 56 11 10 29 78 25 89 15 47 66 73 25 75 100 99 48 12 15 62 1 62 93 76 79 50 44 92 34 65 18 70 5 42 84
60 1 26 31 55 38 58 78 7 87 7 93 16 38 93 16 88 94 48 60 78 93 5 38 30 43 1 54 21 13 44 14 16 34 91 1 83 92 27 51 51 35 90 51 37 68 77 60 51 77 5 37 90 54 52 88 34 27 56 70 81 11 42 73 62 17 97 47 86 91 62 51 67 58 59 78 61 92 28 28 2 57 54 48 42 64 43 46 70 81 64 12 22 97 50 78 71 98 44 52
60 86 26 64 65 47 11 33 41 45 45 30 77 43 21 44 82 15 6 96 92 86 48 21 13 1 94 39 1 84 85 89 4 84 8 24 83 50 12 73 80 98 53 27 64 1 56 19 15 57 37 7 22 20 80 37 58 57 31 26 93 39 59 97 15 90 36 74 83 20 84 73 95 1 64 20 15 47 46 6 32 97 63 69 94 79 45 59 40 23 21 53 48 39 54 89 96 68 98 18
31 88 86 94 74 84 42 12 65 31 32 28 10 23 57 24 94 81 34 56 32 73 68 34 92 81 47 61 20 3 61 41 85 74 47 28 72 100 75 67 96 64 8 79 61 90 39 75 20 81 83 28 65 41 95 28 95 93 45 4 34 65 99 45 3 95 90 42 21 81 94 69 51 83 4 7 76 100 53 14 50 24 4 62 64 56 64 88 3 54 28 19 59 14 50 16 87 90 99 97
34 31 64 90 14 18 99 2 99 35 98 9 2 4 54 95 72 42 37 88 42 64 96 50 70 48 91 1 79 96 38 65 47 86 25 55 21 33 78 90 27 72 35 9 75 13 48 14 82 91 42 49 26 68 82 4 44 90 13 8 38 100 60 13 23 58 77 58 45 75 16 15 84 32 37 84 28 41 6 21 65 42 21 40 45 85 5 98 8 92 38 1 27 27 4 63 98 95 43 89
12 56 45 87 93 41 69 8 35 35 53 34 82 77 76 40 41 43 81 88 83 93 36 64 96 20 50 80 30 80 25 3 87 29 17 20 3 4 26 8 79 76 40 93 37 27 57 21 84 63 19 25 68 31 52 49 48 95 78 63 40 95 69 4 46 9 37 86 21 37 78 20 68 90 39 19 1 91 6 35 77 52 17 54 64 76 22 97 59 1 21 22 55 14 36 12 9 24 88 95
52 43 30 8 54 89 82 16 46 79 23 31 43 3 13 75 43 85 97 55 45 29 38 13 4 75 81 12 80 23 94 13 91 20 6 28 16 96 94 76 89 5 46 19 88 83 23 7 52 86 18 99 69 99 73 14 6 72 42 22 16 65 16 96 19 91 74 25 84 51 66 82 50 94 65 21 43 48 25 51 84 100 26 57 1 56 83 23 58 86 17 88 27 3 17 89 51 27 6 57
93 35 6 10 64 22 33 7 60 99 9 26 46 32 46 53 8 4 51 56 31 69 35 25 6 60 37 48 8 6 81 66 83 59 14 82 12 37 14 35 91 84 91 94 78 81 5 83 18 78 25 78 39 81 87 1 30 97 88 77 9 82 72 15 50 91 7 20 61 75 44 20 55 77 61 45 1 14 2 4 91 14 90 65 94 78 51 96 81 69 35 23 55 72 71 28 26 40 64 45
63 72 54 39 2 93 49 95 71 71 80 98 75 80 52 17 81 52 53 79 60 76 9 15 38 32 49 93 51 81 42 24 12 36 29 38 99 57 10 77 63 19 4 7 74 61 85 85 35 67 42 76 72 7 10 45 25 7 68 71 45 27 11 30 73 3 65 75 74 87 76 55 58 60 30 82 88 69 1 66 85 94 70 61 19 21 98 32 36 26 2 68 20 5 89 31 13 80 10 48
95 82 52 73 15 20 73 19 78 55 66 52 71 19 29 68 63 22 6 97 40 68 80 62 64 80 60 42 45 29 19 67 74 95 53 26 35 85 94 3 42 71 30 42 80 12 38 91 58 79 97 63 25 72 38 40 54 11 94 81 84 84 26 19 83 37 39 75 77 93 10 24 21 69 36 73 69 94 54 50 14 80 3 11 22 54 27 86 72 82 1 97 12 58 41 65 90 61 62 35
10 9 19 24 27 34 73 56 93 14 65 47 97 83 1 29 27 97 52 100 31 58 72 45 13 55 57 31 44 18 79 43 98 53 85 1 72 86 79 77 32 46 63 39 41 58 18 41 86 83 45 2 47 98 75 7 4 36 37 98 47 56 49 7 40 53 50 53 97 4 52 49 56 43 100 99 89 21 26 42 76 82 86 1 97 14 71 51 36 7 7 67 64 32 45 39 12 37 60 19
100 40 15 59 2 29 27 38 20 59 21 77 52 60 95 83 43 35 91 75 18 80 33 69 31 61 89 66 63 5 96 68 86 59 85 73 97 96 17 75 100 40 84 1 87 87 83 98 62 5 39 49 66 73 96 24 28 100 59 73 57 16 42 34 52 32 37 12 66 4 2 69 96 81 22 43 24 96 28 57 87 86 47 9 63 97 16 24 32 48 18 23 53 8 13 95 76 47 79 87
60 80 74 37 44 41 60 15 84 63 84 88 48 65 16 57 81 92 12 77 57 33 19 17 75 11 31 57 39 65 39 43 73 74 76 44 8 9 48 96 70 36 87 56 91 3 37 42 58 33 58 16 92 80 76 19 84 15 90 62 2 5 26 76 93 4 21 75 3 44 68 87 44 19 3 83 70 26 82 15 91 2 36 67 70 4 59 28 80 18 47 29 27 76 31 82 81 60 97 32
15 98 59 88 78 63 42 87 87 74 44 10 90 61 79 56 73 30 68 69 58 89 90 50 44 77 2 68 72 64 40 9 75 76 50 14 53 34 89 18 4 89 66 96 99 3 14 90 46 1 57 26 47 52 58 14 4 45 44 71 95 65 58 45 67 97 55 39 65 99 52 14 99 70 12 5 53 64 91 97 26 5 24 90 98 87 28 11 46 39 99 82 22 3 66 56 75 50 12 32
77 9 99 58 90 38 22 36 41 84 64 1 75 83 12 2 4 58 32 43 92 51 9 46 36 14 33 87 91 70 60 84 45 18 93 51 59 43 25 30 74 99 50 23 43 78 94 74 40 93 90 13 96 58 2 15 73 34 63 52 55 82 48 93 82 64 64 27 89 85 16 23 73 41 65 41 84 43 28 25 47 16 34 36 92 7 52 12 50 59 56 53 27 20 67 67 80 48 46 8
55 6 55 22 18 50 60 85 92 97 80 28 12 59 27 23 71 38 85 62 43 9 67 4 79 47 89 100 90 98 39 84 91 13 23 52 87 94 41 62 54 96 73 11 100 81 7 27 77 44 89 33 11 83 74 67 67 100 74 58 65 50 29 21 72 51 59 84 99 16 54 84 49 93 4 89 55 24 95 73 77 53 22 36 79 75 83 85 76 9 19 93 80 24 58 30 58 42 39 35
68 78 32 23 39 72 36 59 64 18 90 98 93 67 42 44 54 83 34 59 96 66 27 22 95 80 80 23 8 2 99 37 62 42 79 27 7 59 13 25 55 32 31 25 24 68 56 9 9 73 9 51 76 70 38 69 96 2 100 17 64 2 52 86 38 30 42 49 4 20 47 6 45 14 37 89 50 72 16 14 43 99 42 7 4 97 21 74 97 13 61 42 97 54 29 69 68 32 42 83
28 83 23 75 62 28 73 9 7 50 79 60 13 10 51 21 1 64 7 88 98 39 14 20 51 67 86 55 99 57 39 95 58 83 80 80 81 86 91 6 35 14 96 35 38 74 58 7 65 86 12 60 4 22 10 97 6 68 80 67 44 57 85 20 42 4 10 40 39 88 99 65 86 9 35 86 43 39 31 20 21 79 36 14 34 55 62 27 94 53 46 82 78 52 84 30 24 75 90 24
99 70 92 51 72 6 84 54 40 57 24 88 66 88 8 81 9 23 70 29 67 19 64 44 93 38 91 17 56 23 62 28 97 48 79 54 1 82 24 23 28 100 71 80 66 85 99 58 60 68 33 36 89 45 70 64 63 87 52 82 54 76 76 39 55 5 20 60 29 68 30 84 75 32 45 46 10 24 41 72 32 79 69 22 64 20 97 87 77 82 88 99 85 27 56 34 90 67 43 28
80 60 70 94 62 80 74 100 67 24 6 33 1 64 48 13 92 39 72 81 26 93 30 94 59 44 24 16 29 40 80 6 90 39 97 24 17 6 42 97 27 6 95 83 38 35 31 39 77 3 31 14 51 86 37 74 43 33 30 10 5 66 46 7 19 40 10 44 91 32 36 85 80 12 39 78 84 16 90 66 32 19 58 85 67 39 72 43 18 25 18 64 37 3 70 61 35 8 5 39
52 60 53 32 49 73 46 83 74 82 64 49 3 51 86 98 68 58 52 69 86 29 38 10 35 24 20 34 75 78 86 16 65 100 57 30 17 62 93 86 28 87 55 40 63 16 98 3 26 84 17 69 60 91 64 23 47 81 40 76 97 2 82 49 18 1 8 39 86 42 67 26 23 13 61 68 28 69 18 6 82 37 67 9 88 46 99 44 54 94 17 29 10 9 56 63 6 71 22 80
82 6 40 1 55 14 98 3 19 2 59 7 99 37 69 23 66 87 87 48 11 59 33 68 58 91 80 41 2 6 14 44 35 9 36 24 63 80 8 59 10 36 76 80 38 88 32 86 6 29 17 88 11 72 74 54 26 34 59 45 93 26 33 35 32 87 8 26 4 92 6 67 42 47 53 87 23 70 96 70 25 33 68 16 70 76 72 21 80 92 4 84 48 43 51 93 41 29 79 37
89 10 59 11 88 53 39 12 49 55 57 95 29 78 16 79 27 29 89 59 70 17 59 69 42 4 20 86 85 18 2 86 63 78 68 7 38 9 12 37 64 62 31 61 95 92 21 74 55 89 35 2 90 64 92 58 80 23 79 82 62 47 51 20 2 88 16 55 34 20 54 8 2 21 21 36 23 92 80 41 9 70 12 12 89 41 76 64 21 50 57 58 67 91 12 76 8 52 77 96
58 80 89 17 32 90 84 13 54 9 56 76 61 14 93 92 72 33 30 98 90 71 10 17 16 2 92 46 60 62 37 72 88 97 95 69 20 47 60 79 98 44 69 46 85 86 97 22 85 27 58 41 55 36 82 6 33 13 20 85 16 94 29 9 62 61 22 60 98 90 37 2 77 48 80 55 78 98 31 67 78 99 56 57 35 94 49 43 18 75 90 18 84 83 37 82 38 75 81 94
89 100 34 34 33 45 72 77 35 82 62 97 70 70 45 90 22 33 46 36 87 41 68 73 77 79 45 27 78 64 53 58 22 77 80 71 8 56 77 30 45 46 7 50 100 3 44 59 93 69 78 7 100 78 65 25 43 92 69 76 76 2 100 37 48 17 47 93 68 37 3 14 51 6 14 85 98 87 54 24 72 26 9 81 97 38 54 75 29 67 88 69 55 21 64 91 52 36 15 49
15 70 51 11 46 70 43 85 11 53 89 47 42 44 27 7 82 18 62 75 28 92 99 79 6 27 9 71 34 66 44 30 51 97 40 71 49 57 45 17 14 74 71 42 4 95 55 96 15 94 65 92 95 32 70 25 67 11 37 90 33 58 29 31 98 18 18 26 42 29 9 58 45 9 11 61 89 99 34 12 52 68 43 23 6 1 68 15 21 58 82 35 49 14 47 58 6 44 30 46
41 40 27 13 95 70 66 10 9 51 80 55 33 94 93 88 43 19 47 45 72 50 99 43 71 57 18 75 49 95 74 5 51 16 43 83 80 90 19 7 74 25 93 57 79 56 62 38 91 48 93 87 87 27 85 18 34 38 30 20 58 63 12 99 84 39 76 59 23 4 6 84 29 55 21 70 80 21 66 34 5 55 91 65 28 32 58 36 67 90 39 2 97 30 72 26 43 14 12 4
34 41 39 63 25 54 35 79 53 53 46 44 54 12 92 15 54 69 52 24 14 61 32 2 25 9 96 68 24 1 33 33 64 80 95 26 8 30 60 75 34 1 65 47 53 30 10 26 69 43 34 23 14 92 62 27 48 50 50 77 48 16 100 71 25 53 100 21 82 16 52 85 80 96 27 24 16 31 19 5 53 17 77 96 40 25 57 5 65 36 58 22 23 47 44 99 53 37 69 54
92 42 99 3 17 74 88 55 95 77 56 4 14 91 60 100 51 17 36 24 40 72 46 31 32 50 99 50 100 11 43 71 85 48 57 69 2 100 53 31 99 17 13 47 32 58 23 91 55 15 9 48 89 21 44 8 72 61 75 78 98 23 48 20 50 88 73 57 24 25 1 1 83 35 14 66 47 85 42 52 34 5 26 38 20 36 3 76 74 23 65 73 47 34 79 10 19 69 72 100
5 98 52 12 36 55 14 58 43 53 82 37 25 58 72 96 97 96 95 68 35 34 61 6 55 84 64 97 99 67 2 7 79 14 62 97 26 1 22 77 68 89 86 95 19 1 99 76 20 61 89 19 66 76 46 37 74 8 16 13 74 69 79 17 76 86 56 52 96 73 74 21 86 58 66 81 69 12 10 97 57 68 24 23 60 39 38 19 41 42 41 81 97 84 42 34 10 93 53 49
70 71 14 29 50 31 27 9 6 89 82 35 56 28 96 41 24 97 59 22 90 95 54 14 20 5 72 38 75 87 53 67 65 79 53 89 26 76 87 67 68 42 36 26 61 89 13 60 87 27 86 100 90 22 40 52 42 94 45 13 25 17 89 31 49 8 89 65 43 78 36 85 43 37 89 30 40 48 36 74 4 61 82 7 49 31 81 38 40 64 29 84 26 66 80 76 61 48 16 5
69 12 78 73 20 47 28 12 89 61 68 40 68 99 77 93 44 15 20 89 53 27 91 73 48 19 58 83 82 21 83 94 25 18 79 3 50 4 39 91 40 14 50 33 39 9 65 73 13 81 93 24 25 47 5 10 62 79 39 24 23 40 85 30 93 81 93 49 74 100 20 98 85 54 88 59 28 19 35 64 25 10 5 72 78 64 77 50 84 58 64 27 93 46 80 91 82 25 87 53
100 71 57 63 73 6 88 19 31 60 55 44 21 49 14 81 46 46 16 13 33 97 88 15 55 13 22 84 57 4 50 27 11 92 6 93 50 60 93 84 41 54 17 87 63 94 70 79 5 97 69 27 75 19 96 17 98 6 92 73 20 49 97 69 12 69 77 37 45 56 48 72 66 79 68 7 24 54 45 21 8 40 58 25 37 45 66 24 1 5 62 55 8 37 16 53 2 64 92 57
35 28 31 88 69 69 49 94 33 56 37 79 50 57 73 25 95 30 36 93 85 70 99 40 34 50 51 95 57 75 12 67 6 39 20 51 79 54 40 91 92 77 8 55 4 74 23 97 53 98 5 100 6 36 57 10 56 32 70 5 14 24 81 78 59 38 71 58 71 95 33 78 15 16 34 87 89 12 52 96 27 86 62 64 83 85 54 63 88 89 50 89 33 21 39 73 83 59 10 17
94 32 35 48 100 54 61 48 98 20 35 30 81 41 49 46 8 60 91 33 17 56 15 3 45 84 6 87 92 74 75 15 3 45 100 67 1 46 59 25 19 24 74 51 71 52 72 14 22 4 3 7 54 26 91 4 91 70 81 97 44 10 49 25 15 38 66 9 29 96 31 35 99 17 47 75 21 86 26 63 37 34 4 62 5 69 52 8 51 75 21 100 37 59 37 83 69 51 46 52
27 25 73 34 70 11 15 82 23 3 72 78 68 99 12 48 29 69 41 31 35 47 22 69 13 45 97 48 34 80 19 2 73 68 98 53 70 73 98 37 77 68 41 91 27 61 20 94 45 69 90 48 54 53 31 18 82 6 19 41 85 68 67 91 70 49 41 33 40 37 23 51 39 52 21 21 60 69 4 13 47 65 91 96 22 83 26 41 10 7 39 34 7 81 12 29 5 21 46 86
66 82 83 52 9 84 32 77 40 67 3 60 62 93 85 6 55 84 57 93 68 34 11 74 55 29 59 5 40 96 86 47 76 51 94 100 87 23 87 83 73 19 71 71 58 22 19 28 42 83 13 78 35 74 37 2 34 78 36 92 34 4 87 17 97 86 100 67 17 54 33 58 7 29 70 38 50 40 66 55 10 22 65 97 57 48 4 86 60 66 82 13 51 60 67 88 86 41 13 58
47 87 78 35 81 92 93 53 76 26 61 90 36 87 55 68 97 15 72 37 60 10 90 11 15 21 74 51 66 21 24 43 18 45 55 34 60 26 99 13 79 48 59 79 16 27 81 61 35 11 62 28 66 54 92 4 2 97 62 55 54 7 54 80 84 29 19 2 87 82 2 25 87 31 47 15 5 14 80 39 2 61 73 3 20 10 56 36 44 15 1 88 57 73 83 12 54 57 74 84
75 39 32 76 16 90 86 33 64 76 44 30 100 17 73 53 35 54 70 85 13 92 6 53 24 88 59 31 17 5 100 43 72 38 94 68 14 97 6 6 60 49 93 42 72 33 15 7 81 10 41 61 57 47 2 27 11 76 82 93 87 20 90 73 13 36 64 88 37 21 70 38 46 33 82 19 38 79 9 4 98 26 31 42 80 69 60 10 25 8 43 86 77 18 43 48 42 47 18 29
97 77 66 9 37 64 8 89 58 47 89 93 57 97 98 78 78 61 16 61 82 42 67 91 48 4 35 76 80 28 3 13 18 62 95 70 45 50 3 97 40 32 87 86 7 45 34 12 91 27 70 69 95 89 54 58 94 69 66 90 3 19 48 86 92 59 88 81 40 26 35 74 76 54 25 95 67 16 73 72 51 88 58 53 40 60 43 77 41 90 9 22 14 96 49 58 47 13 41 68
8 62 88 15 42 94 53 3 22 51 9 54 58 91 9 79 36 1 68 63 79 54 23 100 37 86 66 67 24 31 51 93 77 92 93 75 50 75 79 27 39 31 11 87 72 85 70 65 51 26 75 64 74 53 68 91 5 23 74 84 65 5 85 13 4 57 7 63 32 42 85 86 43 34 47 62 45 13 22 23 42 60 1 69 97 32 97 48 2 26 47 41 55 4 47 15 20 53 26 40
24 22 25 77 30 13 89 98 86 8 63 46 53 71 6 64 91 18 77 30 59 30 75 15 62 51 85 4 90 57 45 31 14 3 82 60 19 100 49 9 37 48 31 22 99 67 45 95 6 51 64 86 73 77 71 12 66 54 40 48 78 43 78 94 26 50 88 35 58 75 74 10 39 80 90 95 13 32 92 32 21 8 78 72 99 1 26 74 52 22 22 58 30 95 87 79 81 94 100 49
4 97 89 30 45 89 58 92 78 14 53 33 71 49 12 60 30 87 30 32 54 11 50 91 69 3 49 77 9 60 53 35 9 28 42 3 65 97 9 74 79 81 5 65 38 81 17 89 97 31 9 26 26 68 61 19 89 38 20 40 99 7 27 16 48 95 96 38 88 8 54 76 15 49 87 72 25 44 30 71 69 5 68 24 86 29 81 85 75 32 39 24 35 67 6 21 33 53 69 44
59 13 42 91 59 37 37 3 40 50 85 28 5 77 3 74 63 14 9 26 30 84 88 98 74 53 27 98 69 40 35 88 84 16 51 71 23 59 97 84 94 8 52 18 62 3 17 21 14 8 21 17 98 68 73 97 50 88 89 26 20 74 15 70 21 14 7 43 54 21 68 5 77 90 22 30 60 47 68 87 65 67 2 52 29 2 79 68 49 85 96 58 81 8 16 22 52 86 69 41
100 68 34 89 4 47 64 35 97 48 50 62 10 81 59 33 20 51 81 17 85 31 9 42 85 6 88 25 79 40 2 74 54 85 62 88 3 47 32 14 36 4 20 81 76 33 92 96 2 67 49 19 43 18 83 13 71 88 53 97 80 85 81 57 71 90 2 62 70 86 84 51 11 45 53 100 66 8 49 10 100 54 37 42 100 51 14 84 12 54 12 60 97 88 14 88 52 92 100 19
93 58 15 49 83 93 95 95 2 44 15 95 93 12 30 3 86 69 70 51 71 8 85 64 97 70 53 4 13 91 53 60 20 84 90 9 7 86 48 86 34 45 57 11 2 57 72 12 31 73 32 90 65 30 8 99 23 38 71 84 13 79 92 23 51 86 4 23 47 13 89 18 56 10 87 41 70 1 95 63 18 54 19 76 9 87 76 17 21 45 87 29 25 35 3 74 82 87 73 50
4 58 90 46 15 11 98 22 19 96 38 99 42 24 71 45 8 41 94 20 22 98 41 43 60 1 60 12 14 68 21 43 34 29 6 37 99 60 57 73 97 45 18 92 53 56 25 66 90 50 14 41 58 85 77 29 31 63 16 69 61 12 89 6 96 30 23 29 71 82 12 76 25 74 35 90 46 73 83 71 34 72 88 81 93 55 88 48 73 27 55 13 40 79 92 14 67 61 67 34
13 25 79 60 3 5 29 13 16 100 39 36 36 45 64 55 70 19 37 32 19 59 89 9 51 42 42 56 10 90 87 26 84 84 75 76 74 80 67 50 41 96 89 72 21 90 77 38 91 42 16 32 100 9 69 23 70 96 76 84 50 20 31 62 16 7 39 26 18 37 51 64 16 86 47 68 41 79 4 64 51 71 26 45 73 59 52 33 62 26 57 1 94 85 6 35 1 59 43 91
84 25 35 34 5 85 11 96 31 20 53 1 10 2 42 79 25 42 30 6 53 95 57 88 23 27 37 64 7 27 47 58 40 8 67 90 7 93 13 55 32 73 16 35 20 24 48 65 41 42 95 94 32 48 36 88 13 52 32 57 14 83 96 100 45 94 61 27 48 35 83 50 87 18 8 8 81 52 5 48 60 23 86 25 32 36 95 67 46 70 43 30 6 80 97 97 24 79 99 74
7 50 91 49 48 67 26 34 69 43 55 63 83 21 29 11 31 51 17 18 41 78 42 35 79 9 3 17 44 95 67 85 92 94 56 3 5 63 38 23 80 60 84 48 38 27 30 29 91 30 94 84 20 4 100 37 37 51 76 83 26 37 35 94 59 44 38 85 79 92 32 2 38 47 32 9 72 43 90 42 14 28 90 87 95 4 54 18 20 17 46 7 41 87 23 83 48 7 30 14
89 64 68 27 47 25 69 90 21 47 52 89 22 9 30 28 3 26 8 76 24 100 5 11 86 11 85 22 87 76 51 55 24 12 17 46 83 21 13 24 6 65 86 56 33 38 89 67 4 66 18 38 81 15 51 41 16 15 47 2 12 50 33 56 43 73 76 96 31 100 3 75 83 35 46 18 85 15 43 51 9 3 68 28 8 94 18 54 80 21 42 19 39 50 5 53 44 69 45 24
25 61 84 3 47 30 13 24 72 54 85 33 7 11 93 98 43 22 93 33 77 98 30 90 20 51 77 29 87 21 48 65 74 32 82 39 83 75 31 88 12 42 42 88 45 69 18 12 67 78 32 3 28 18 11 1 95 93 67 25 1 37 60 57 46 50 43 24 54 16 87 28 92 56 50 13 60 76 11 7 8 58 8 64 33 5 4 70 25 85 27 56 45 5 78 71 30 62 22 53
17 50 83 14 91 50 61 36 27 33 47 29 67 27 56 51 75 75 38 64 12 22 11 91 44 12 2 4 60 41 72 43 43 36 73 16 75 64 72 92 99 24 92 12 94 33 60 9 10 60 57 43 25 89 9 26 38 92 96 58 77 46 88 98 85 84 38 5 31 88 54 31 59 54 28 43 91 43 20 62 31 28 13 15 44 45 100 20 58 80 32 34 90 9 62 46 98 61 49 98
