100 100 500
155 49 300 326 224 201 20 302 188 365 81 329 322 434 414 104 310 426 369 347 97 191 41 393 217 71 378 338 151 38 248 321 390 172 372 264 61 14 84 94 218 127 174 439 214 208 139 335 253 497 326 276 82 374 64 338 356 296 369 203 251 349 69 64 430 391 480 439 443 488 343 257 166 98 375 212 103 340 325 30 18 213 57 234 129 478 409 485 57 110 330 220 191 280 345 293 106 142 327 32
125 69 203 265 146 458 437 307 23 452 40 279 474 219 382 63 340 237 384 270 82 395 217 50 431 41 488 458 278 211 474 198 272 192 318 244 376 454 271 253 443 346 240 313 459 174 251 79 404 188 217 378 125 407 379 477 134 398 441 14 246 465 299 222 228 408 41 204 319 438 465 257 358 359 20 408 187 318 6 100 223 39 91 379 360 125 14 320 404 360 350 133 38 321 228 144 212 27 79 20
278 158 199 277 309 391 342 180 448 240 170 412 449 26 111 55 498 105 245 496 366 99 309 479 70 113 368 299 148 19 350 329 391 339 238 366 55 282 396 326 108 63 40 404 446 317 441 284 426 436 445 349 452 39 347 81 442 309 208 188 269 165 324 273 304 73 433 219 449 372 170 52 141 172 478 303 360 272 112 100 370 69 116 446 421 448 99 454 50 444 411 199 259 374 254 269 127 91 396 202
246 349 214 232 293 242 302 18 114 322 326 479 305 52 164 129 497 301 435 25 390 274 245 159 357 200 448 34 27 109 332 492 96 40 278 377 206 90 20 237 370 173 453 179 418 322 96 279 146 340 461 480 214 100 146 301 24 172 162 347 340 31 444 321 167 87 128 75 302 10 158 127 348 231 182 233 11 211 297 443 293 44 202 474 342 345 451 145 395 278 303 452 237 211 152 444 228 113 465 230
36 121 394 149 381 230 181 222 51 105 381 127 160 372 474 384 31 217 451 202 263 53 160 45 312 434 124 154 83 369 232 338 15 24 83 318 421 264 493 13 114 383 123 191 127 353 21 184 327 421 134 45 383 335 13 286 144 470 377 434 271 288 372 12 481 53 73 176 67 298 344 177 480 286 123 425 465 176 498 252 187 300 249 249 272 463 50 104 361 174 42 125 28 358 264 74 493 336 441 317
215 32 432 168 317 376 46 203 443 275 238 90 451 183 35 148 273 444 54 134 423 319 295 27 419 92 333 74 299 308 394 313 374 310 102 282 261 185 431 393 461 75 229 148 300 157 92 104 263 480 230 431 194 40 9 363 356 132 467 403 3 329 340 365 192 76 481 177 47 87 198 436 409 484 303 97 236 251 28 357 273 185 43 173 294 117 359 243 162 307 205 445 356 264 256 433 152 406 143 131
281 420 463 372 490 338 75 145 200 191 412 188 12 176 242 407 35 319 305 48 6 152 261 424 204 496 28 341 3 275 402 398 310 128 47 157 474 341 39 333 357 220 279 389 396 466 194 458 341 282 435 221 191 49 433 429 458 466 382 380 424 69 175 16 479 154 349 294 425 212 481 43 397 424 149 372 272 309 329 232 308 284 330 40 170 365 230 246 114 252 314 219 96 231 234 100 154 458 213 480
404 389 130 261 98 295 62 28 472 366 141 371 172 139 85 2 190 27 456 61 468 217 254 366 98 232 54 138 260 17 12 379 239 411 385 78 74 197 67 114 241 52 415 53 197 159 4 106 240 141 226 221 148 335 156 196 211 145 29 338 49 227 161 166 317 29 332 114 475 499 59 349 47 133 102 112 359 87 303 217 423 233 454 422 14 406 192 222 10 255 213 209 81 122 412 486 319 152 77 225
263 81 2 99 213 224 233 323 99 167 243 375 260 105 34 296 374 494 244 35 344 420 87 101 128 40 281 26 448 397 281 31 252 393 389 449 104 352 343 222 219 416 159 287 198 491 375 28 197 388 350 232 160 185 406 284 251 317 493 44 308 86 160 176 41 453 115 170 459 431 233 474 300 289 275 386 30 52 480 76 473 312 373 273 327 118 308 421 388 19 263 61 96 156 325 113 149 293 376 140
134 319 111 93 482 499 416 288 428 156 207 318 299 80 445 265 137 415 171 100 32 73 303 464 304 7 397 173 466 472 257 436 255 26 281 393 222 76 53 128 439 395 38 349 367 475 143 334 265 87 160 45 156 448 258 283 427 407 213 440 35 70 280 205 451 478 10 317 50 87 50 231 175 45 330 408 229 110 166 169 63 136 395 433 126 214 415 303 110 399 98 246 399 36 491 324 93 136 91 461
307 86 484 245 297 313 19 118 214 63 106 57 344 345 96 262 471 355 258 175 293 5 43 391 48 105 14 273 319 28 284 317 98 25 233 53 281 421 464 72 316 49 71 136 312 41 246 202 244 334 423 296 314 184 487 339 469 134 47 328 177 34 157 313 497 16 223 64 350 23 387 215 448 357 454 139 486 277 398 304 471 283 107 250 4 239 393 47 434 2 456 452 440 130 254 281 282 372 194 218
85 433 346 460 107 335 238 421 367 474 124 452 62 491 489 105 129 79 262 117 63 429 68 157 423 288 454 406 295 469 232 426 25 105 278 250 303 37 323 95 238 150 332 254 295 457 441 276 481 177 274 35 172 12 52 265 175 335 70 415 190 238 319 29 190 185 350 149 101 265 222 181 268 306 61 95 324 305 159 412 29 31 444 464 177 374 74 390 112 121 190 344 361 167 242 330 118 335 44 41
234 371 270 210 452 334 53 313 203 412 24 212 349 74 193 348 246 484 40 260 1 432 386 45 166 336 26 411 494 348 494 150 172 9 231 423 299 98 146 454 174 130 291 345 68 394 462 116 267 289 38 185 118 482 189 322 460 278 81 350 425 300 301 356 261 146 45 288 96 434 488 436 400 245 69 3 54 287 145 126 100 314 434 143 140 89 80 403 30 445 409 247 33 447 29 20 471 75 173 112
348 466 301 241 28 371 196 217 300 185 466 132 237 333 390 51 3 22 75 337 318 316 430 395 250 204 37 61 16 126 194 276 162 193 427 128 28 124 190 152 254 208 227 37 322 457 277 388 110 113 402 299 395 23 178 486 93 165 175 306 379 343 96 296 179 157 92 18 83 287 182 100 163 443 450 260 411 171 459 499 102 398 165 396 161 39 411 48 417 457 245 321 407 105 412 175 394 204 462 497
173 304 313 488 496 204 424 144 240 465 185 51 322 145 131 34 39 159 276 248 275 491 40 426 326 156 356 34 468 447 361 195 65 128 82 149 280 157 329 326 141 415 190 226 347 222 381 201 187 123 266 19 139 1 148 399 251 89 410 61 337 379 363 482 325 466 41 303 428 84 440 55 171 324 42 266 156 481 79 351 460 108 103 216 428 53 268 433 181 31 494 259 48 98 270 284 308 111 114 357
367 303 51 324 68 204 478 499 34 37 29 493 430 37 81 192 110 172 9 121 202 86 398 57 421 333 351 180 210 406 238 404 362 451 356 171 189 400 365 371 388 328 134 260 125 415 295 459 346 438 43 134 45 127 464 323 62 460 222 207 139 443 387 496 400 92 336 486 382 143 455 255 411 448 328 103 261 441 438 5 464 319 390 440 418 449 436 128 100 295 35 247 75 251 428 320 306 50 343 360
112 217 264 234 326 475 401 330 494 331 233 53 275 355 210 415 253 373 248 329 293 18 205 325 370 61 494 249 215 281 312 294 81 295 445 274 234 67 9 321 72 386 408 179 224 370 426 491 310 298 126 337 405 52 410 250 100 126 51 435 352 149 496 214 331 85 193 4 231 109 490 380 247 2 199 77 78 332 303 144 200 21 109 413 91 23 156 433 161 37 278 481 93 2 396 121 348 297 128 488
68 373 30 27 255 337 171 117 490 37 261 123 325 41 297 57 404 129 179 138 457 134 335 16 385 299 61 272 173 429 26 217 421 15 359 351 332 317 399 8 119 144 292 71 172 242 119 197 371 100 269 497 92 138 459 339 420 394 434 78 223 121 172 36 367 375 195 283 410 398 359 213 366 3 4 132 437 157 426 52 141 134 172 286 42 164 229 268 143 157 105 343 176 308 301 112 58 217 366 415
313 19 52 1 462 396 284 302 45 305 298 387 477 316 97 490 296 301 373 200 122 113 172 67 274 270 73 454 161 52 338 387 354 360 328 220 24 100 129 113 98 211 436 121 156 91 188 123 212 436 243 294 52 363 365 494 452 120 397 418 388 498 437 223 151 134 437 441 223 215 295 121 85 253 462 260 194 409 277 495 55 237 476 300 182 381 12 413 385 425 408 500 253 249 424 239 93 52 383 37
308 286 114 319 198 402 354 453 418 259 499 57 41 73 119 419 459 332 187 310 487 238 62 343 353 223 295 48 224 403 408 216 243 67 281 497 73 204 40 291 336 380 152 65 263 63 56 150 304 220 216 487 401 498 496 364 486 478 166 76 69 414 482 157 11 174 365 93 442 495 326 184 497 254 206 331 183 200 140 179 400 313 460 355 302 45 328 90 452 31 300 297 382 281 312 237 168 325 378 334
93 495 242 257 293 348 326 412 194 435 265 347 316 387 431 66 292 360 88 322 163 190 330 210 396 21 271 20 467 455 476 404 151 213 55 241 143 489 319 166 5 168 417 317 199 205 473 456 258 298 44 416 469 335 360 91 140 449 330 429 340 100 315 284 70 17 410 337 439 463 315 327 290 260 100 163 42 469 361 133 72 224 246 127 329 166 94 385 340 77 277 189 46 339 386 492 343 234 289 469
74 264 204 254 271 331 89 102 316 145 481 234 146 229 76 24 129 339 184 286 110 490 424 240 14 446 270 342 327 384 302 96 356 490 127 255 106 399 163 177 290 159 291 154 339 341 257 127 281 498 377 192 324 432 412 33 123 207 255 132 16 495 33 295 472 31 167 166 253 54 273 145 420 241 223 117 173 137 22 4 290 359 182 41 320 78 299 397 217 307 317 428 412 236 268 170 307 52 126 479
214 108 120 490 49 64 55 310 279 468 41 242 419 357 407 251 432 428 144 371 154 30 247 369 13 39 57 145 468 421 282 267 439 152 390 488 353 388 225 304 473 23 120 137 317 462 84 113 318 66 176 189 39 56 306 48 73 95 119 51 96 330 104 337 442 414 134 290 445 453 206 344 363 129 135 147 184 64 344 303 153 97 469 389 307 341 338 343 366 232 347 464 86 371 264 260 413 239 352 408
201 127 246 235 317 94 48 370 267 20 216 42 224 209 330 7 272 109 375 268 166 275 67 62 19 483 154 318 135 478 145 332 120 354 105 374 79 107 29 278 179 10 168 416 293 301 111 344 322 388 425 493 47 227 433 19 22 380 301 222 55 79 296 76 58 190 147 196 245 187 65 293 467 231 444 175 399 185 137 396 262 438 119 332 343 328 277 171 136 81 378 53 419 347 281 480 417 214 351 61
72 239 72 45 227 221 424 402 198 278 430 219 467 314 342 176 280 67 201 240 261 369 17 269 430 214 357 182 182 124 310 309 14 282 19 490 437 228 331 181 373 231 436 68 494 270 14 21 396 79 123 235 456 233 182 344 108 255 422 272 320 30 312 48 432 81 245 6 434 246 78 496 246 20 427 304 19 252 411 136 470 321 362 251 121 150 273 468 309 90 374 266 492 314 240 58 490 359 170 443
201 138 197 99 48 86 254 182 61 18 324 255 270 184 274 486 29 314 305 123 417 175 121 222 321 330 28 300 164 320 475 57 7 292 204 43 99 500 437 263 448 122 131 240 95 217 84 341 52 14 155 128 403 163 437 30 136 299 14 461 483 441 279 249 11 363 106 214 95 115 392 187 213 5 142 202 115 250 423 304 165 358 47 464 209 118 44 214 292 125 211 221 5 121 238 435 199 45 401 18
204 218 311 50 376 455 198 36 297 338 439 458 56 382 253 497 46 298 21 240 319 192 87 112 459 368 48 211 151 164 451 98 274 225 71 15 216 220 266 225 353 74 41 380 87 310 16 408 78 98 185 42 121 424 325 426 118 119 458 372 100 125 357 278 33 493 235 195 26 408 172 258 59 197 3 358 163 361 117 58 153 395 7 52 95 137 34 387 496 369 39 467 337 272 114 455 273 350 200 357
313 71 182 464 383 472 492 203 139 249 436 254 375 307 107 59 56 155 114 168 331 275 23 388 351 389 4 351 210 98 80 402 114 20 373 108 173 49 129 128 268 220 121 464 285 170 233 3 469 457 333 407 229 360 138 218 86 384 381 432 440 3 389 130 220 405 1 349 321 451 203 416 157 52 312 464 265 62 293 108 166 353 303 190 452 157 417 214 77 201 438 324 163 485 398 256 72 200 317 182
431 291 479 216 335 327 40 358 468 402 100 5 70 125 367 320 70 193 447 279 140 416 366 493 151 295 200 129 305 55 170 17 203 220 309 368 145 314 466 219 114 443 17 139 118 263 299 441 349 116 152 446 9 265 455 498 392 17 454 397 464 456 48 342 433 303 423 316 361 94 382 133 251 243 5 162 125 49 441 385 447 19 221 423 73 207 67 111 423 140 332 171 312 216 187 343 229 275 195 239
343 21 88 302 299 30 363 313 55 348 421 437 422 193 189 18 42 220 407 209 38 191 186 496 386 111 343 101 287 20 132 326 8 240 499 225 499 439 298 441 146 104 109 83 29 31 192 222 184 362 299 406 490 263 489 312 366 429 35 85 439 491 118 24 355 290 480 438 49 402 121 301 55 217 135 149 415 320 79 468 298 299 155 156 120 191 123 314 151 102 13 274 1 47 410 266 433 413 295 45
302 455 309 110 193 303 16 430 342 184 76 303 221 425 182 14 210 31 7 423 461 78 427 440 302 333 375 136 98 336 340 95 331 52 28 208 473 14 192 102 473 400 117 480 500 97 190 144 41 228 114 147 473 129 341 295 212 460 321 305 153 278 51 306 418 86 181 439 234 205 403 353 140 171 274 19 12 135 257 106 110 133 282 237 55 194 249 259 452 268 292 211 11 477 183 440 225 23 301 346
338 110 244 140 254 486 165 183 101 407 375 232 247 478 266 58 18 71 157 485 343 446 285 403 303 15 417 220 354 402 106 9 381 151 413 185 321 172 404 81 101 449 234 378 58 384 74 394 27 338 298 91 51 5 135 236 329 14 93 434 227 36 342 330 112 174 164 86 188 33 66 473 39 164 192 265 401 487 59 208 169 465 204 347 361 470 382 368 310 28 363 258 222 328 100 339 222 257 425 214
31 390 368 406 465 154 142 452 46 230 224 309 445 318 51 464 458 140 103 276 362 30 179 200 205 98 105 293 60 93 274 133 354 254 52 321 155 346 300 143 71 241 405 149 250 446 426 358 264 51 421 415 388 64 492 65 354 419 4 71 30 414 449 351 17 94 428 18 118 419 402 126 34 428 462 47 297 61 107 341 61 400 172 34 141 442 143 92 323 215 361 190 447 164 403 344 300 197 284 37
254 406 311 209 234 196 84 384 417 51 368 146 359 402 472 105 345 8 164 152 479 316 136 474 231 371 72 213 235 67 486 273 158 288 349 160 2 381 10 419 395 492 250 251 128 230 474 199 134 217 214 347 229 24 202 338 315 135 440 108 418 125 76 394 302 447 122 220 132 122 128 341 54 132 244 342 166 327 469 77 231 231 287 284 215 495 474 495 183 296 474 203 145 30 77 86 396 292 226 60
27 139 471 330 115 134 12 362 255 357 349 127 406 249 245 372 488 224 284 305 70 126 300 113 380 219 265 463 321 67 63 203 50 1 490 406 193 184 352 347 194 33 451 312 387 338 21 441 427 43 368 47 409 440 56 474 491 415 341 185 315 88 147 415 99 351 493 144 33 165 205 173 42 55 457 325 263 155 463 477 110 85 447 214 171 52 419 326 79 334 20 225 202 319 263 84 109 257 248 269
235 440 18 4 197 61 189 393 470 9 486 286 432 293 216 442 161 380 32 38 310 201 382 459 293 131 499 424 288 356 396 316 398 246 421 29 182 29 155 146 39 130 452 74 257 460 487 222 206 257 341 500 497 324 120 471 329 34 271 384 156 279 492 231 486 315 392 486 429 123 226 334 410 419 291 104 285 365 37 479 187 391 332 50 496 185 413 32 434 195 435 313 29 399 100 123 180 296 424 429
493 454 485 353 264 8 171 5 388 216 249 89 447 467 34 475 180 470 445 91 166 45 386 30 331 59 17 375 468 87 365 293 444 94 55 477 325 297 174 239 370 474 227 375 151 126 366 395 491 83 196 344 296 13 101 219 350 103 189 81 373 197 31 422 133 144 325 287 276 49 411 199 399 214 480 70 99 351 6 6 18 43 431 498 406 392 460 408 98 60 474 306 220 105 37 425 452 143 285 386
298 482 101 262 399 61 406 174 282 313 252 88 410 158 461 346 168 128 10 437 303 10 52 441 272 445 288 184 325 3 198 312 214 131 241 131 282 326 283 186 288 400 445 42 397 145 290 247 379 70 313 254 373 71 45 91 282 96 408 93 352 137 464 278 317 195 79 182 28 365 51 443 170 312 53 150 461 227 314 407 175 114 39 292 456 317 323 436 97 133 365 86 429 233 300 452 302 144 238 355
105 235 412 325 232 252 308 78 360 297 178 279 87 212 393 394 28 248 114 119 30 10 482 217 20 245 449 141 178 384 188 286 89 471 424 215 97 321 289 277 252 146 37 386 111 135 175 304 205 7 464 357 44 325 257 361 201 244 343 402 24 68 467 488 236 170 450 130 49 60 337 259 227 314 295 366 376 305 128 150 455 50 411 126 480 388 116 426 60 187 111 378 97 56 112 231 31 227 163 5
97 431 392 37 475 490 377 364 230 409 341 268 331 406 210 13 285 457 260 85 333 44 495 214 376 400 22 369 500 46 57 245 457 387 126 409 87 305 138 379 500 50 411 150 191 294 277 319 448 185 260 264 320 434 437 14 494 304 343 153 64 352 198 486 464 92 391 217 354 71 406 485 307 282 267 473 96 227 177 96 49 240 446 17 445 386 401 318 219 344 285 159 280 264 146 120 111 42 310 363
290 41 162 211 322 163 216 119 303 228 73 139 475 70 284 423 413 103 249 161 226 220 149 487 486 331 315 422 249 493 96 493 486 91 196 212 250 466 40 138 222 273 249 349 238 499 107 410 246 270 55 23 259 268 251 438 91 176 151 17 271 117 453 362 66 316 62 422 494 443 469 117 486 407 57 354 67 370 131 274 165 478 86 194 339 187 46 54 408 104 397 368 272 210 57 363 17 236 352 110
139 498 449 308 12 189 6 21 190 433 167 431 198 155 243 484 414 15 404 125 123 261 125 312 469 179 67 262 189 283 264 131 340 163 188 487 186 39 239 87 450 194 281 74 206 226 248 250 391 474 35 146 86 374 12 285 209 106 476 224 425 194 8 310 158 294 64 227 354 342 416 60 320 335 43 241 211 458 383 319 135 241 464 497 19 68 481 422 145 341 228 10 421 165 79 435 357 255 179 183
162 38 170 351 427 350 122 318 295 192 8 76 173 145 7 398 440 33 224 61 481 161 435 195 257 339 42 117 256 81 350 238 116 10 312 277 296 233 25 184 368 235 349 397 186 256 195 133 59 417 314 163 196 478 457 479 57 448 167 381 179 374 241 294 434 390 26 342 454 494 438 179 287 195 268 445 149 235 453 499 354 147 169 447 50 85 485 14 29 468 392 263 67 132 276 98 230 174 404 333
178 374 283 299 109 93 340 229 295 418 477 167 7 459 28 227 340 124 176 60 281 60 169 266 296 117 498 90 175 35 375 203 383 281 161 36 32 149 158 293 7 489 51 328 316 290 228 316 454 484 102 126 405 4 96 371 141 427 153 51 152 37 270 167 246 47 252 395 378 257 468 40 458 211 235 348 468 263 223 49 31 416 307 174 301 215 43 470 98 203 379 371 179 471 377 35 210 431 332 275
66 123 364 399 383 302 284 250 450 415 479 159 164 190 402 374 417 17 137 150 276 153 165 260 31 489 301 456 428 295 368 364 423 155 14 338 63 376 184 419 316 345 347 166 200 209 401 449 25 143 322 132 67 73 266 441 83 132 489 445 291 2 173 102 331 404 200 500 125 487 113 373 277 217 108 77 291 460 418 147 413 192 303 180 242 343 31 266 341 3 421 332 248 359 191 97 325 10 184 138
370 45 139 110 269 428 112 109 399 45 465 145 317 412 127 425 294 247 9 435 456 286 225 234 211 440 230 21 404 266 409 52 46 95 328 368 476 325 126 454 185 474 432 305 362 88 454 168 382 253 178 332 472 78 250 50 79 159 349 71 174 199 139 381 164 494 34 429 45 152 322 327 464 348 369 8 350 303 1 89 47 336 42 210 301 298 451 250 228 421 117 421 482 113 463 110 64 304 174 408
6 286 249 361 198 212 46 499 10 74 223 379 304 174 199 135 239 307 348 443 116 22 395 381 372 369 132 423 408 122 456 194 114 455 410 220 387 24 45 229 34 484 140 139 118 137 131 401 362 324 58 324 176 174 428 74 279 82 46 67 229 412 252 401 365 285 149 23 68 277 278 314 127 6 140 305 17 343 319 139 202 89 112 355 454 437 423 468 185 121 354 71 313 121 285 338 31 7 86 327
452 263 159 466 403 267 108 24 64 318 55 193 155 123 282 193 322 11 270 399 253 353 266 466 388 51 200 158 472 10 210 283 460 245 106 22 40 151 311 417 87 315 182 51 337 282 284 177 391 456 255 364 463 7 457 70 377 169 205 220 304 420 316 337 228 25 200 424 216 459 445 451 467 334 82 442 152 468 23 200 294 308 88 437 471 374 20 360 237 362 280 68 399 285 252 303 319 370 297 454
33 230 234 423 363 107 429 80 400 235 382 406 322 270 229 240 277 330 316 235 31 288 425 306 206 159 31 449 433 375 381 263 405 296 151 129 469 238 128 27 229 483 409 302 324 64 172 288 305 348 26 41 112 25 231 214 287 169 112 496 431 398 11 266 174 126 283 85 198 247 423 10 459 215 28 149 275 292 155 389 311 471 82 135 187 458 11 5 423 364 427 468 165 377 80 290 62 120 470 270
296 122 109 245 138 79 404 39 292 467 271 167 479 487 222 36 417 315 29 337 246 358 280 409 462 453 424 396 91 288 349 349 195 386 336 132 435 168 352 471 375 53 484 446 69 65 316 494 326 396 381 124 140 347 468 378 215 310 187 49 375 425 403 245 470 9 426 188 20 361 12 327 442 371 314 207 437 177 267 406 389 405 70 481 306 18 182 476 395 32 449 350 160 24 368 47 314 381 460 407
418 115 405 204 104 315 492 289 404 449 371 139 418 6 254 376 106 295 394 314 490 299 161 98 217 327 165 119 306 455 377 367 401 53 134 289 11 437 43 39 216 196 317 415 290 299 251 221 173 59 321 369 278 355 124 285 69 282 420 449 239 228 375 459 166 447 475 284 447 287 19 191 138 219 96 195 173 20 337 69 500 425 402 225 457 92 346 155 310 123 467 184 500 434 140 455 387 466 409 429
61 332 124 237 338 208 96 114 22 104 326 342 377 129 381 346 103 334 127 120 275 361 134 481 158 262 473 59 262 437 386 385 273 216 30 143 13 147 345 93 301 125 292 26 326 472 438 499 117 216 378 408 108 189 63 463 308 404 246 343 481 401 100 196 86 154 248 50 457 14 252 24 119 293 465 388 389 181 218 5 22 64 76 440 241 369 424 311 11 179 450 411 434 65 431 326 353 276 27 327
355 360 108 146 180 189 443 12 47 373 40 319 299 436 393 138 318 217 144 369 250 409 382 60 155 401 153 218 221 44 359 289 332 10 457 96 151 206 190 366 145 339 264 166 495 153 165 248 422 463 500 248 334 5 267 53 134 202 400 281 219 479 32 76 34 46 192 234 497 158 268 270 158 172 62 302 351 84 280 457 307 382 210 289 115 494 310 450 385 367 363 247 318 497 49 176 147 320 328 424
41 374 55 69 401 30 251 10 499 187 457 173 128 479 444 440 92 286 258 255 178 413 139 159 303 158 135 65 453 347 433 53 180 450 88 330 192 432 250 435 250 395 209 497 69 460 294 12 393 11 374 60 211 43 202 274 393 146 347 255 146 227 403 377 29 313 147 360 57 383 292 17 32 100 228 455 86 293 342 246 344 443 217 157 114 313 194 347 285 285 98 183 144 436 187 366 221 181 436 309
122 210 123 40 27 202 306 177 483 117 58 194 406 212 148 55 338 100 371 392 410 491 231 427 145 76 96 142 487 61 254 264 62 90 129 339 152 244 238 85 17 184 333 375 401 435 383 53 427 251 67 59 389 224 468 125 271 152 86 189 392 444 302 106 493 457 37 178 349 56 262 273 14 250 495 402 61 492 277 426 368 303 240 288 462 467 414 472 492 342 50 121 444 48 492 485 354 366 44 323
414 144 64 156 283 113 117 171 117 379 52 228 79 83 257 48 463 246 261 272 307 433 94 276 22 147 300 227 339 58 137 500 422 394 328 103 296 462 146 113 358 344 446 379 83 267 27 283 431 391 421 466 439 246 244 406 222 110 385 58 131 196 20 41 174 52 24 84 141 315 278 129 271 150 484 189 452 380 208 193 304 292 462 256 6 236 292 248 257 470 233 244 58 353 145 416 1 484 202 469
363 111 322 283 269 331 93 419 350 449 226 93 443 19 339 424 187 55 349 454 347 189 282 456 428 172 289 399 60 360 248 76 364 107 373 10 239 121 243 118 449 143 273 32 207 13 469 329 114 392 50 432 55 380 469 159 333 165 494 174 302 413 43 375 53 366 3 407 122 70 100 457 133 81 295 153 52 294 188 451 431 23 146 81 5 215 349 267 413 153 359 186 96 183 182 385 107 193 316 325
333 236 133 276 222 16 182 113 171 62 71 86 161 106 494 106 63 265 96 173 348 335 329 159 250 66 444 94 8 494 441 86 397 324 494 383 208 482 21 96 316 493 32 2 286 455 452 111 278 24 372 10 478 192 142 369 443 62 372 303 413 404 409 276 222 35 251 434 491 230 188 269 18 311 125 271 145 434 259 159 304 423 26 293 279 331 477 343 23 434 11 202 311 124 120 443 399 15 199 289
219 469 176 453 418 111 431 358 50 90 127 47 129 237 366 402 467 108 10 258 455 404 497 477 20 185 342 172 184 181 59 153 352 350 304 432 323 463 350 178 205 251 17 18 369 12 307 161 126 252 166 354 259 362 162 231 158 268 92 219 114 432 67 265 162 46 100 161 302 109 377 415 2 78 316 249 50 438 403 198 148 146 284 214 398 66 29 196 459 247 197 236 245 182 155 245 69 187 229 234
62 43 482 365 421 466 116 424 175 424 276 334 401 471 24 307 328 498 435 268 325 53 409 126 416 186 210 453 153 488 253 384 476 235 219 480 250 296 134 79 138 322 255 227 210 22 482 220 326 471 244 119 354 287 181 102 216 40 278 409 207 426 302 54 372 442 244 292 317 403 280 445 487 120 376 407 265 459 471 199 328 46 168 138 104 424 340 447 300 127 301 413 257 8 160 194 81 352 271 390
395 191 28 99 263 314 42 409 351 51 174 241 421 221 202 443 258 113 394 146 61 28 400 486 448 103 313 184 459 29 475 216 94 449 222 16 301 152 486 353 240 345 191 413 218 5 168 84 3 253 420 479 206 28 430 358 168 458 79 126 255 125 123 184 159 324 144 341 10 482 292 19 13 430 51 121 398 477 140 308 249 36 244 2 96 489 245 471 350 313 477 110 393 464 176 293 194 357 368 338
498 288 384 120 288 381 404 290 486 247 267 163 7 307 344 66 82 184 179 40 16 373 240 72 180 226 14 139 324 151 61 187 488 477 322 70 495 187 8 375 277 458 364 25 413 29 296 131 289 25 277 277 392 17 367 198 96 298 412 299 11 418 244 35 236 415 77 51 288 266 15 401 372 117 433 306 155 187 50 139 28 8 59 458 72 262 74 274 230 102 463 323 384 367 131 6 32 388 26 418
304 229 104 8 451 346 176 479 408 236 100 448 488 117 80 480 498 219 417 396 350 356 188 409 444 145 484 226 341 81 293 459 232 441 298 352 301 203 182 243 14 228 373 247 148 124 258 129 284 156 181 181 139 194 440 359 309 333 43 369 193 242 178 354 250 473 196 184 386 494 347 65 216 452 18 175 285 108 171 163 468 298 32 305 314 250 218 95 260 158 282 364 372 280 400 15 144 234 431 377
279 149 275 235 494 299 65 269 351 171 352 209 404 336 389 220 270 341 497 196 466 388 331 450 473 481 189 391 373 178 377 218 75 477 309 121 200 222 484 437 33 475 312 435 470 15 361 49 464 251 80 83 93 4 225 184 333 198 367 353 40 180 409 116 63 250 450 273 46 288 167 214 487 22 373 493 140 2 42 289 251 324 372 398 19 249 269 118 223 98 491 436 303 289 107 371 99 64 402 240
156 382 248 93 270 398 245 244 148 165 187 320 328 428 417 214 122 316 29 311 68 199 244 426 173 292 288 94 418 407 245 131 42 278 457 462 126 224 401 218 129 377 32 89 390 131 102 496 272 352 51 224 168 444 420 290 169 390 3 310 9 242 350 477 164 387 165 264 122 464 325 217 143 57 66 129 450 136 449 87 192 101 239 385 146 140 417 349 17 166 336 259 67 375 310 350 210 250 300 32
459 486 160 328 93 206 467 243 372 137 448 51 185 220 363 253 370 73 272 257 392 388 204 396 69 273 425 38 313 181 111 26 252 194 484 211 113 251 5 120 7 333 172 444 225 428 41 193 429 469 57 20 46 109 301 342 278 99 91 213 279 340 13 357 362 92 27 210 346 124 324 264 347 199 472 179 303 486 388 345 282 221 11 260 354 332 281 301 259 482 100 455 261 146 306 166 380 236 286 473
344 450 19 55 389 444 78 430 258 245 440 420 230 329 343 431 334 277 388 76 231 399 487 493 495 307 347 77 367 265 356 29 179 184 494 240 161 452 408 83 444 286 198 323 297 6 354 428 25 473 488 24 487 144 497 166 162 400 291 261 210 213 323 16 295 327 477 240 350 156 179 12 88 36 45 9 374 22 245 236 455 240 235 377 38 218 446 421 40 232 274 283 454 58 317 488 484 162 260 326
208 26 3 111 346 455 441 228 154 49 447 441 156 409 340 190 325 149 498 93 174 463 332 198 30 190 39 400 418 478 248 339 56 103 220 411 330 112 175 33 4 189 118 168 372 472 240 180 175 285 45 147 73 250 146 436 495 187 337 340 173 293 320 315 450 274 301 21 492 490 405 187 77 361 280 86 375 465 134 239 397 358 182 460 379 293 283 226 113 46 99 132 89 126 265 389 61 333 355 143
483 205 362 84 28 13 311 238 453 153 302 6 439 239 366 29 173 370 7 135 315 355 316 177 362 258 433 486 278 23 130 243 21 30 179 365 358 452 240 432 414 76 56 250 384 302 53 200 60 467 494 413 433 414 145 481 8 312 94 170 292 179 98 179 21 121 486 410 362 51 234 176 282 45 356 118 348 322 54 383 306 292 317 121 272 359 398 466 79 1 119 21 20 455 151 325 387 440 37 454
261 167 142 354 230 376 379 144 84 302 103 237 237 292 315 167 452 138 383 51 47 307 425 250 381 337 24 316 331 205 7 390 234 226 293 7 460 401 376 413 20 119 18 490 492 47 256 462 240 122 212 500 476 277 487 265 76 143 370 193 290 412 393 57 486 441 320 145 441 365 304 52 155 402 28 478 294 122 329 407 156 181 420 361 326 240 17 88 37 471 485 398 222 88 369 348 12 40 482 322
181 268 2 311 6 81 453 70 241 440 217 321 158 53 56 127 46 59 251 269 135 170 312 240 304 481 190 155 249 307 474 253 93 425 362 231 144 13 244 312 315 178 416 373 315 152 320 100 238 131 214 496 102 468 253 472 152 416 464 94 185 218 495 414 363 384 272 355 138 438 427 410 314 11 375 343 94 88 227 318 267 147 389 427 59 169 210 329 198 48 28 256 275 365 230 417 64 354 492 257
291 212 244 479 241 47 428 30 400 294 123 288 346 487 164 476 50 109 296 339 450 418 453 257 103 271 347 339 305 42 47 338 136 450 172 371 368 59 413 223 68 19 178 21 353 64 479 99 410 27 403 202 329 217 51 239 86 222 81 346 44 360 420 21 408 22 82 446 138 490 370 30 311 97 221 296 290 73 359 442 11 53 450 122 369 261 402 272 400 257 194 20 174 373 396 428 240 247 104 41
385 377 69 179 436 472 312 54 163 235 239 415 6 453 447 360 187 251 283 37 84 291 156 64 80 128 257 344 391 36 4 402 332 43 248 497 329 438 350 132 453 329 31 238 95 241 76 402 496 254 193 477 499 257 396 82 108 178 97 116 234 242 179 359 115 448 438 44 242 10 25 331 125 295 484 172 237 155 394 98 66 331 136 393 216 199 238 466 376 130 259 497 277 410 421 159 90 461 432 278
104 284 347 250 250 406 369 153 1 297 349 55 115 121 277 13 355 373 9 332 222 37 60 115 403 362 441 98 361 5 232 217 187 279 473 289 31 261 190 177 186 229 372 353 337 128 331 184 118 116 270 493 260 313 291 494 336 419 45 264 484 353 176 146 494 61 314 244 54 117 383 439 457 196 92 468 90 117 54 215 202 381 117 475 425 165 444 37 81 429 463 217 3 108 116 372 337 492 288 327
225 313 225 204 173 106 97 325 88 351 430 186 370 75 478 156 360 203 367 432 142 132 396 286 254 482 102 316 77 417 1 134 426 53 303 4 455 163 43 298 217 151 308 332 204 101 57 215 11 351 253 113 494 360 104 113 113 468 340 138 422 497 170 222 428 230 197 362 94 434 18 237 23 88 179 126 256 95 269 500 249 93 297 318 357 437 166 100 344 189 397 233 111 334 143 1 166 99 412 423
123 457 117 9 432 259 111 336 135 268 311 88 5 338 487 143 220 286 331 2 299 58 109 342 33 133 483 281 358 1 307 438 454 239 205 46 182 26 417 389 344 322 475 489 89 237 231 26 163 185 495 239 330 166 25 117 223 146 368 181 451 227 322 492 26 187 386 416 23 308 83 166 456 431 25 297 320 179 2 357 61 72 10 195 441 166 280 341 481 184 208 285 161 341 405 85 119 327 436 263
314 474 240 371 127 156 469 142 14 271 355 296 371 249 420 171 393 53 50 15 189 37 364 430 380 388 45 213 62 125 374 292 367 94 473 479 464 257 222 74 179 202 43 69 384 150 192 401 64 419 104 166 477 448 232 170 76 219 193 287 327 478 386 397 213 348 240 323 71 246 189 64 187 55 296 286 193 340 63 211 419 128 169 28 9 444 403 443 325 135 273 128 353 454 118 232 278 19 183 251
353 347 30 80 102 334 332 219 406 379 81 84 359 462 457 419 210 175 366 144 278 459 342 275 372 269 351 156 329 275 489 330 438 228 233 235 4 296 342 214 105 187 262 276 394 198 4 331 303 111 241 401 153 484 478 429 349 151 376 141 166 117 87 257 177 13 485 495 301 248 115 265 269 152 297 87 361 414 55 181 153 1 408 138 173 384 367 266 476 48 63 451 17 260 307 327 303 342 351 326
445 455 381 408 460 290 432 81 437 401 373 485 211 373 467 255 15 210 481 269 248 408 166 423 298 301 80 206 47 26 487 447 340 156 34 332 150 317 221 115 208 280 358 499 322 67 145 304 373 192 486 52 466 175 234 131 81 202 478 459 50 199 69 114 190 339 238 129 468 456 73 107 52 366 106 430 22 95 371 98 124 390 168 336 185 392 406 141 390 418 162 485 211 463 465 371 355 129 351 87
162 69 227 179 395 212 258 115 454 437 425 348 348 84 255 468 2 25 456 364 149 91 323 106 275 224 6 118 443 389 195 269 287 494 109 30 455 105 29 61 339 221 123 385 169 19 129 250 269 440 74 36 402 225 169 119 25 480 61 116 94 424 33 320 427 200 209 368 302 149 67 422 240 375 101 380 439 154 248 106 140 54 105 45 37 104 257 436 250 300 318 191 428 301 194 372 232 424 12 158
350 489 13 459 237 182 166 18 442 286 11 110 486 47 469 304 338 361 177 452 22 92 385 181 258 124 260 380 219 464 486 302 277 372 270 375 419 292 419 392 91 102 378 404 141 128 326 247 97 168 483 347 299 480 197 185 186 282 345 249 74 381 22 38 117 119 482 140 258 387 420 499 104 51 70 216 137 183 247 492 478 351 467 371 240 108 408 499 361 86 341 438 301 291 94 132 485 205 186 471
305 313 237 437 422 292 306 436 391 312 314 358 461 489 27 498 439 160 488 215 152 93 398 120 251 470 448 126 469 270 440 51 237 452 97 284 342 53 2 386 251 9 69 309 299 51 45 317 472 343 185 90 105 314 482 3 241 389 133 435 368 39 306 133 49 229 493 459 346 387 374 330 300 421 12 261 122 287 452 419 429 463 9 42 165 498 464 463 223 82 356 255 424 199 152 353 122 400 281 62
163 69 279 458 134 412 341 342 379 233 289 181 179 434 46 369 413 24 32 399 339 380 323 15 472 418 432 15 28 1 45 261 166 196 496 332 190 241 278 188 479 399 366 219 144 242 350 474 79 256 31 27 4 130 200 33 328 153 436 294 334 128 125 445 29 387 45 380 136 6 304 284 500 300 233 288 352 413 338 185 125 195 188 417 152 326 28 83 432 444 275 410 340 388 112 220 110 370 263 240
75 401 363 133 263 89 22 138 490 488 457 70 349 12 107 255 259 134 239 248 500 58 490 461 199 187 47 52 171 490 333 190 408 135 247 383 373 344 151 378 199 455 422 301 361 219 1 10 298 287 488 240 415 419 123 181 334 312 342 316 218 130 211 2 318 16 383 374 60 125 86 403 354 102 368 111 411 221 445 469 305 389 81 423 335 144 40 426 138 166 53 492 494 415 430 177 194 300 357 46
414 150 18 355 148 485 408 350 333 109 411 321 219 176 168 273 439 488 473 250 59 327 379 464 234 288 52 331 435 195 239 363 145 470 124 166 104 332 122 384 450 288 27 374 468 324 486 11 431 219 252 83 388 93 161 417 328 405 67 436 214 89 281 6 447 258 98 242 447 339 126 196 497 285 78 55 45 301 162 315 244 458 71 145 370 401 103 41 431 499 466 415 138 194 257 226 238 480 394 149
348 422 203 126 40 393 210 461 382 435 230 419 100 272 353 462 44 251 401 66 250 333 226 313 184 430 433 210 4 200 256 15 436 44 126 415 430 107 294 128 238 321 76 170 468 354 114 416 466 419 431 131 323 56 10 5 496 208 87 224 20 13 250 286 71 319 243 485 59 339 387 499 462 133 233 176 76 303 159 487 314 57 360 372 365 347 238 317 229 142 133 108 205 499 454 328 288 365 438 278
155 78 491 175 133 81 493 237 316 379 115 457 9 373 265 21 264 166 322 270 171 150 219 236 1 315 315 401 215 203 434 284 389 411 245 152 468 43 304 486 268 419 490 28 442 143 206 10 148 58 415 7 463 310 495 157 235 416 393 218 45 405 489 261 103 462 69 305 254 149 141 425 353 331 33 456 294 302 179 184 241 330 472 390 445 116 95 336 423 198 261 383 90 19 205 16 8 248 368 291
364 80 181 420 417 85 407 119 284 168 63 477 498 311 237 372 140 121 140 52 432 178 390 460 485 273 331 57 156 17 137 302 129 156 484 46 433 495 468 230 342 459 300 39 33 480 339 492 128 485 266 245 96 347 52 124 182 327 10 225 423 324 468 201 406 425 366 391 38 41 208 44 56 172 208 429 465 306 397 43 55 416 257 87 410 106 484 92 387 417 92 442 333 113 13 349 38 367 6 347
290 186 356 251 283 16 147 463 154 236 467 425 318 10 416 202 126 130 100 132 185 307 279 378 174 48 345 158 326 222 134 370 54 78 87 180 382 9 415 25 472 78 13 54 163 331 336 171 24 260 347 203 70 260 284 336 10 110 387 95 394 454 240 289 27 406 393 419 90 220 162 80 216 481 292 461 430 406 257 32 484 175 94 386 394 286 83 372 449 463 167 13 41 430 133 151 307 433 210 307
219 333 334 298 220 412 355 410 222 393 119 19 442 443 455 176 84 307 171 178 287 158 106 72 367 332 260 47 436 376 259 245 288 408 309 93 397 183 262 447 480 98 317 435 442 5 364 127 93 33 110 78 168 131 439 395 417 146 483 367 268 237 495 220 133 101 211 264 475 383 25 50 24 231 393 228 108 28 136 204 177 418 346 165 473 274 454 119 151 114 152 170 465 263 162 209 95 243 130 495
194 91 389 188 240 42 13 338 84 497 40 90 186 235 252 285 16 300 363 319 196 482 196 49 22 496 13 424 294 32 92 22 262 300 417 124 155 492 114 257 486 78 10 155 399 124 87 116 478 441 359 184 1 359 271 54 358 180 239 269 373 314 326 390 360 489 46 67 47 293 315 458 414 282 405 416 222 285 457 49 199 272 137 66 489 61 100 315 359 247 348 363 333 43 108 45 126 331 314 277
376 137 346 124 236 259 213 168 459 434 208 108 388 97 457 277 173 20 88 71 4 146 273 239 237 85 486 61 121 217 339 105 483 64 445 270 433 233 411 60 419 435 493 273 363 85 228 264 136 428 380 341 28 221 216 344 306 181 111 192 234 155 224 164 240 422 389 354 451 20 458 440 354 231 476 241 213 167 69 32 199 257 429 219 45 262 123 479 31 19 392 472 299 46 382 110 14 59 418 359
179 449 10 232 391 88 329 442 467 7 456 440 361 254 378 293 6 80 350 392 29 271 493 85 281 177 11 202 493 70 247 6 41 392 339 347 78 292 451 390 195 418 289 397 499 205 286 489 147 236 159 342 63 265 266 125 109 81 249 149 230 353 302 305 282 252 454 273 493 97 163 4 79 251 41 135 360 184 168 461 327 344 52 142 66 341 179 441 161 241 144 410 433 434 45 350 300 397 166 404
309 213 473 188 493 423 235 321 313 25 489 127 244 492 380 144 310 195 415 118 287 49 74 491 329 111 405 356 269 103 99 278 256 229 281 446 171 489 155 221 338 70 269 317 73 167 500 280 390 91 83 427 393 334 57 338 279 46 1 418 279 203 294 68 270 305 230 62 87 242 421 464 214 288 387 270 430 373 210 381 66 116 391 480 33 435 12 139 70 84 299 47 199 281 270 441 30 381 370 153
347 393 54 393 65 83 97 478 227 426 416 199 247 476 227 109 118 221 432 375 499 433 81 52 154 332 131 314 497 53 15 189 166 2 73 358 452 55 101 298 324 315 242 24 237 193 114 166 107 3 31 302 429 357 480 346 450 64 201 407 30 73 494 44 407 474 103 224 95 424 416 340 97 480 162 326 239 372 313 387 202 209 267 212 157 220 496 174 189 70 389 467 326 73 318 5 348 112 326 498
333 30 225 342 190 488 426 469 457 425 408 9 42 436 500 160 438 170 420 42 22 433 470 95 157 40 181 368 252 188 116 161 86 313 498 310 239 23 121 191 213 132 75 334 262 127 96 27 321 6 178 424 184 209 432 11 38 96 469 390 82 163 176 125 108 73 5 2 76 230 215 250 152 245 450 336 116 3 185 396 106 190 52 471 293 491 464 110 17 499 71 165 120 473 435 221 400 281 307 269
54 184 225 186 72 460 324 130 391 155 234 361 236 441 255 147 95 490 36 129 19 15 290 243 361 376 192 490 265 419 120 440 107 221 190 213 445 229 330 448 99 315 188 51 339 162 495 229 156 375 191 412 271 266 144 30 173 262 275 256 8 173 132 477 384 98 462 413 294 52 120 135 204 32 465 189 144 330 143 107 475 253 266 398 326 281 27 400 440 215 488 18 192 424 422 414 205 98 338 58
132 257 274 321 137 57 299 469 135 445 420 371 4 409 19 140 480 196 24 348 258 94 476 117 94 464 295 61 347 122 373 105 150 351 499 408 40 159 62 60 195 336 162 96 7 409 408 205 80 479 419 238 267 415 26 341 197 313 11 52 156 389 283 342 65 160 25 499 436 441 316 381 28 45 197 302 331 96 160 407 123 278 292 399 498 411 142 361 199 51 374 454 141 400 436 217 13 254 170 346
41 424 347 105 88 461 341 473 418 383 84 268 348 345 98 209 489 425 204 282 200 338 387 67 95 270 205 281 209 2 55 65 415 499 482 384 108 379 225 445 347 81 290 204 124 156 315 450 464 342 397 179 457 338 360 444 316 83 189 55 253 448 359 80 374 146 153 150 155 13 262 6 10 239 449 112 422 274 453 121 5 257 132 330 21 55 203 291 210 8 392 43 198 144 256 323 210 454 309 438
438 378 424 365 251 279 357 112 491 81 272 338 465 274 165 429 493 145 164 342 403 132 46 448 112 90 188 439 228 118 245 488 332 329 343 329 370 352 479 88 414 463 290 293 436 398 397 388 249 159 293 272 149 303 224 171 110 366 380 95 418 6 309 370 302 128 227 205 279 219 118 291 220 374 185 494 346 104 139 180 448 266 221 65 246 62 281 207 476 60 43 318 417 315 154 378 359 353 447 8
