100 100 1000
486 123 350 706 672 128 118 774 267 397 215 313 407 291 699 985 192 261 921 941 603 996 463 366 953 120 230 405 101 646 444 691 343 329 880 808 259 550 741 203 515 600 937 891 305 228 992 864 73 218 577 969 427 777 778 875 758 430 575 490 688 241 6 679 194 156 638 382 736 544 950 763 887 541 322 713 646 694 927 958 447 440 536 631 71 301 385 507 585 632 225 990 713 647 197 37 307 64 214 104
236 642 909 193 57 361 661 368 76 349 750 48 149 344 386 778 44 282 56 515 740 147 790 725 395 708 292 831 855 610 396 162 43 72 701 153 654 120 798 195 684 437 391 401 30 968 172 934 197 405 267 704 116 418 204 298 627 196 936 979 360 77 562 903 896 726 995 919 347 268 762 911 213 970 375 277 168 179 400 601 71 411 429 213 182 201 974 842 877 163 917 780 475 150 710 20 999 927 411 832
362 683 987 288 520 712 458 1000 198 862 468 709 77 654 203 150 484 917 721 785 924 4 311 806 148 704 731 796 557 545 472 742 616 913 624 458 172 714 548 310 531 764 140 999 548 811 305 135 619 481 1000 394 28 637 42 165 120 823 550 468 662 790 432 695 626 521 442 920 811 118 304 339 53 962 738 122 919 646 691 804 80 90 223 402 283 144 921 414 385 216 529 776 173 420 269 422 266 815 111 303
889 871 20 332 823 99 44 203 3 443 349 522 197 411 570 237 210 779 585 251 708 982 314 35 543 733 268 423 782 152 18 162 595 936 234 411 189 779 365 70 228 629 890 51 912 560 590 446 439 432 838 866 214 486 477 50 815 102 768 934 696 791 583 14 76 478 334 262 147 383 90 110 613 770 31 85 579 782 789 786 918 517 612 62 785 635 948 897 849 115 87 519 46 624 698 943 105 253 374 856
941 907 229 744 122 861 816 787 604 784 918 740 666 964 502 923 379 209 21 251 203 600 723 679 738 992 600 72 670 850 684 925 839 297 852 1000 808 937 153 729 110 555 938 706 960 578 273 485 958 301 963 477 230 393 33 320 234 186 812 798 318 543 710 58 37 39 283 281 515 875 77 659 140 890 639 957 107 619 417 73 176 746 723 667 665 266 781 472 129 43 522 125 301 425 341 721 331 361 356 889
374 672 513 662 252 865 400 988 304 275 314 697 491 781 79 200 838 727 267 394 394 406 31 225 176 667 600 856 381 210 389 857 437 914 706 276 929 909 369 625 83 477 464 235 37 521 645 385 601 739 926 986 595 552 94 45 979 707 690 266 335 798 905 423 173 510 609 939 926 409 671 761 486 551 190 794 808 834 721 26 839 964 507 485 111 316 115 901 433 748 46 115 989 393 724 751 802 128 901 566
73 738 612 624 248 500 769 26 362 981 421 590 859 564 126 213 562 886 107 303 271 409 945 407 475 665 403 877 15 4 240 809 773 163 167 305 579 239 453 279 726 534 887 26 306 889 139 736 959 763 32 461 640 528 975 258 374 455 497 324 257 830 503 864 318 656 25 777 371 62 550 581 631 231 706 642 728 661 950 432 172 454 920 203 217 155 547 576 352 297 122 993 315 177 622 431 312 702 296 923
69 987 935 929 315 358 66 337 720 861 282 403 524 972 879 999 813 415 739 422 526 930 931 256 658 763 449 451 494 704 999 4 77 811 862 646 709 111 124 844 134 653 740 92 355 544 247 843 41 801 113 871 108 503 143 324 81 22 116 286 86 395 794 488 62 986 365 103 73 725 339 319 807 649 128 719 845 126 878 611 304 435 874 406 423 611 346 994 861 992 770 462 827 378 453 258 37 84 857 866
427 4 603 941 759 333 58 9 374 243 143 812 127 18 2 97 505 890 592 846 754 555 920 126 889 138 677 248 629 669 77 434 606 961 465 923 337 653 725 908 146 458 775 378 234 90 420 652 719 337 318 171 666 237 690 602 372 182 893 795 890 881 415 116 64 799 440 116 818 53 622 718 829 399 321 929 372 382 741 329 14 588 911 414 12 656 683 614 192 538 106 378 834 76 401 962 516 658 348 86
485 744 601 690 867 895 601 484 593 380 802 69 544 813 695 930 138 289 225 471 793 499 22 471 966 753 872 962 166 111 809 723 703 716 42 556 920 366 667 464 926 431 68 309 827 339 322 317 144 596 854 991 492 364 695 671 557 318 600 702 778 770 468 975 691 667 669 472 216 383 707 969 799 250 434 900 17 223 173 760 667 581 623 212 515 321 272 709 728 422 532 404 436 829 951 991 478 698 821 834
327 782 326 402 615 387 286 590 720 455 867 498 271 943 576 593 507 551 318 22 102 364 25 255 336 839 817 95 611 222 615 919 266 1000 247 24 322 780 670 607 866 222 840 701 471 960 380 370 136 593 652 566 265 965 868 875 434 105 619 291 695 905 615 337 299 496 803 846 725 930 724 523 181 737 457 582 296 83 272 691 462 588 646 832 789 437 590 789 310 921 395 62 742 24 97 726 791 514 85 922
716 753 636 559 716 435 577 704 829 547 208 544 410 59 96 465 263 728 446 207 945 74 28 477 530 31 120 433 706 227 105 749 82 101 564 405 858 841 676 329 11 534 200 246 54 291 255 373 386 979 446 639 117 937 26 995 602 810 545 958 841 918 99 134 124 378 598 915 933 806 775 610 405 334 284 240 367 247 734 495 27 391 828 752 903 81 130 749 960 980 96 985 14 200 783 439 365 300 239 700
456 838 252 130 408 240 671 809 258 307 513 364 934 163 930 710 555 175 735 303 184 187 537 407 46 860 274 493 778 975 27 668 742 734 617 683 719 808 167 287 585 732 876 968 870 530 500 821 830 814 741 644 775 602 784 50 46 446 551 931 822 959 382 471 61 297 202 642 663 826 78 398 473 181 804 814 943 632 712 545 346 762 680 657 257 948 480 400 368 3 531 22 630 983 195 354 248 548 161 522
179 786 152 168 783 539 996 187 767 32 952 983 636 56 693 770 993 743 102 612 242 558 384 634 541 421 984 207 867 722 420 752 736 60 883 738 749 921 184 771 103 1000 977 609 393 995 63 603 636 109 750 930 230 284 524 683 432 11 199 324 370 111 550 664 137 100 905 313 209 395 893 889 757 722 191 85 291 704 730 863 877 755 244 990 194 760 426 372 803 382 932 596 617 512 540 389 659 173 879 912
565 590 838 338 893 355 694 830 959 634 179 2 425 989 908 988 792 799 471 674 841 75 597 283 340 528 680 260 450 421 873 898 823 901 311 129 186 7 586 616 690 933 837 346 339 671 937 569 430 188 622 728 822 708 996 821 911 764 160 721 777 558 355 958 122 53 908 308 577 778 262 111 886 110 556 233 1000 725 64 279 910 179 419 59 967 470 558 734 166 815 72 23 596 662 264 381 745 553 58 901
333 920 559 904 201 801 12 971 731 587 381 268 774 249 978 839 280 285 127 402 421 277 122 27 856 319 822 860 2 741 76 240 587 293 425 589 405 296 130 342 833 637 811 971 881 361 784 487 308 189 563 286 600 187 412 673 473 326 527 1000 320 494 614 250 367 701 959 412 712 177 73 852 365 310 928 152 251 559 784 504 536 665 734 837 667 661 265 428 394 623 303 275 582 223 213 623 44 692 575 80
829 888 557 769 300 452 822 232 631 784 854 694 879 967 483 331 186 909 717 945 336 790 556 603 442 717 724 611 502 957 875 597 999 528 899 923 242 625 730 725 731 888 46 620 629 505 695 92 169 569 229 988 662 247 648 931 223 91 895 889 554 310 896 807 836 645 565 796 922 203 600 213 530 281 557 455 208 821 110 820 292 349 588 976 121 718 593 919 745 229 122 854 131 665 529 898 599 76 114 448
688 764 115 362 552 970 182 59 785 973 811 479 343 692 334 210 836 47 288 292 851 816 770 637 966 140 900 27 395 304 739 621 753 329 961 354 513 508 438 451 351 623 4 474 687 354 192 838 860 629 604 500 747 136 306 443 215 969 627 308 998 349 158 660 209 438 652 136 688 813 983 868 476 365 107 88 422 756 909 671 516 326 376 781 684 999 950 772 105 373 339 875 115 992 102 340 155 991 553 896
307 952 191 154 764 164 901 29 801 189 809 338 121 28 119 634 218 331 787 556 177 652 720 835 38 172 439 847 3 248 995 15 253 858 73 88 692 40 638 13 285 745 344 987 326 485 366 510 225 104 555 718 770 634 566 168 99 614 317 610 599 461 808 63 146 894 818 811 87 205 441 916 372 325 175 381 656 963 729 352 205 409 388 870 120 3 320 62 630 89 581 705 344 778 834 566 494 993 812 423
706 807 27 614 499 28 193 325 315 155 979 441 866 290 282 970 873 755 619 186 714 794 154 335 260 850 454 991 461 590 93 567 137 9 288 392 287 907 610 702 18 161 986 166 460 120 919 108 254 517 555 918 573 828 104 305 159 531 856 38 60 537 521 824 55 441 804 36 626 693 454 493 377 841 664 988 119 862 417 377 854 183 468 184 34 27 564 914 820 623 771 87 661 999 786 861 976 977 795 96
994 775 834 646 29 119 490 14 56 160 996 348 226 347 401 875 453 548 145 680 400 963 925 830 229 843 502 748 417 191 352 583 785 612 849 277 834 711 28 839 225 683 586 386 937 527 920 59 370 210 859 404 7 964 336 896 168 906 656 726 734 541 296 893 229 696 271 429 467 876 369 997 983 515 945 391 485 717 107 836 742 889 311 853 635 780 169 343 650 751 205 210 538 768 127 358 785 600 577 459
325 820 831 852 22 746 292 742 130 194 927 979 539 966 23 589 331 1000 915 169 559 359 847 122 682 140 489 663 600 215 746 738 171 762 728 270 186 358 399 548 381 546 7 810 406 229 929 305 649 844 276 793 100 604 68 515 521 142 138 466 920 546 414 871 561 785 184 392 32 763 727 445 897 353 433 631 979 537 473 20 865 700 870 963 483 725 64 592 395 480 717 21 140 764 794 174 197 46 301 7
450 524 375 236 651 747 423 29 486 718 617 179 616 355 518 123 337 699 397 191 38 830 983 939 519 801 592 947 400 421 74 950 797 557 307 790 95 212 910 327 435 448 79 858 690 975 872 830 27 252 81 833 956 30 708 176 951 982 350 377 993 627 490 945 142 635 39 887 752 376 2 36 343 308 222 221 362 531 223 942 747 660 143 837 337 339 104 648 567 190 536 644 770 242 434 116 143 537 544 154
355 690 806 373 604 118 403 87 252 402 297 441 351 654 155 229 874 224 94 880 403 302 240 178 839 743 541 347 630 100 265 68 811 344 680 743 999 856 752 860 470 657 808 18 17 62 658 590 274 331 51 762 479 521 804 829 213 29 793 963 341 911 407 393 956 524 130 399 341 49 707 290 937 93 9 365 935 785 7 187 526 966 27 460 950 851 575 370 495 482 240 958 962 958 332 516 843 452 313 936
160 194 496 923 771 248 888 982 899 450 894 145 257 71 210 185 198 65 654 964 994 105 175 794 191 574 126 506 980 874 368 150 430 665 257 228 952 591 872 697 91 757 348 852 552 760 116 245 338 806 475 384 762 85 730 794 642 514 488 135 178 275 757 501 433 594 828 296 875 270 134 411 121 615 572 696 399 534 948 132 854 247 212 74 818 316 973 810 69 911 567 326 58 195 786 401 614 576 804 140
17 33 879 718 35 499 98 912 465 989 215 418 414 767 293 365 654 864 380 30 542 952 237 500 87 318 324 814 874 15 510 700 69 828 156 296 564 902 426 128 282 321 457 156 214 650 160 910 107 998 266 275 832 209 968 948 350 672 279 921 600 987 468 555 484 755 260 812 815 227 737 894 224 334 950 324 394 45 859 137 789 387 372 507 206 383 132 683 203 485 39 93 739 746 612 942 546 809 233 950
810 903 442 844 940 295 673 784 630 939 25 681 551 681 222 356 334 173 195 429 65 968 143 749 257 389 642 769 850 276 257 778 320 997 345 798 372 762 568 739 911 809 534 563 86 573 747 497 235 160 123 694 508 999 916 655 740 826 584 159 16 854 22 709 388 345 810 666 444 322 461 481 23 874 855 155 853 811 1 878 809 275 543 969 369 780 810 151 338 548 100 69 993 845 108 393 972 296 74 754
975 770 989 462 99 139 575 412 977 350 170 735 708 930 531 307 339 349 45 695 382 864 577 543 408 715 465 900 443 909 212 946 114 319 891 351 239 166 522 859 101 396 515 224 967 738 164 319 975 412 32 364 916 17 731 392 866 133 183 841 917 13 420 992 744 14 893 302 767 458 61 412 934 224 199 310 448 127 277 90 905 438 745 475 743 931 759 461 771 807 323 484 910 883 487 302 878 641 957 625
216 320 275 954 807 965 564 915 146 363 754 384 692 912 442 623 29 899 120 777 614 69 201 337 594 963 520 568 151 205 184 251 716 63 736 938 797 161 124 221 681 308 320 413 589 356 471 924 585 965 578 362 32 747 909 845 309 970 387 132 8 190 25 304 808 960 568 311 987 510 124 95 233 742 858 676 663 63 726 486 839 883 394 498 732 949 242 610 395 331 244 220 861 32 254 588 25 673 816 487
238 633 408 149 950 364 772 290 871 996 745 193 307 315 955 309 79 966 438 846 800 659 832 940 657 31 729 3 945 901 739 916 674 734 604 931 396 202 562 570 208 345 550 385 393 889 153 336 308 444 443 180 360 317 618 201 888 230 679 234 198 489 301 594 858 330 811 22 471 677 105 865 102 9 935 891 581 496 960 119 399 834 645 504 743 205 134 271 63 331 244 828 466 248 122 414 282 231 714 224
779 496 796 587 591 215 496 82 67 220 621 190 118 595 66 718 713 456 793 674 802 569 308 732 683 863 903 724 767 73 197 479 469 263 383 787 733 945 359 522 135 498 594 424 931 92 964 922 578 233 726 317 564 331 354 40 99 289 383 696 245 30 736 630 55 271 438 638 516 425 38 975 861 389 454 930 282 586 192 209 438 797 697 69 593 446 19 19 432 938 238 829 327 601 182 505 590 60 814 512
129 973 602 373 913 658 178 871 984 511 554 85 618 135 910 566 734 687 203 114 236 767 865 912 497 477 29 796 294 344 794 316 943 479 135 848 847 796 532 68 536 616 206 724 824 987 722 595 575 816 46 639 653 795 987 300 89 712 879 307 939 177 695 855 867 964 681 893 627 911 63 477 455 385 415 265 453 550 712 289 519 502 888 928 382 714 856 878 640 844 473 763 50 179 287 373 296 944 787 6
49 968 719 854 769 502 11 816 438 627 900 483 315 549 964 335 194 209 445 706 468 927 198 703 205 777 80 473 379 271 938 753 445 722 849 594 633 122 244 45 757 295 211 422 86 33 383 234 399 436 652 331 601 27 636 274 49 95 885 592 104 917 754 729 124 178 1000 110 411 75 991 469 975 533 472 558 653 125 429 36 64 678 915 271 755 757 589 946 867 738 19 830 178 989 743 698 720 923 920 381
284 220 959 850 329 257 215 767 3 471 906 386 433 163 998 799 972 745 262 2 101 573 900 222 790 805 637 697 302 801 653 748 504 496 346 314 765 320 532 772 573 882 345 382 749 999 199 730 363 835 163 239 501 61 990 317 863 671 95 488 851 57 780 711 234 964 146 144 73 262 252 97 807 9 423 381 386 975 28 682 498 7 855 275 909 581 773 543 81 785 770 213 249 758 160 545 206 645 396 648
255 733 482 948 636 281 480 180 507 775 936 396 669 9 791 956 515 417 963 287 578 301 906 162 189 453 117 463 34 349 51 838 757 27 346 543 944 391 488 14 316 874 240 595 233 132 936 589 913 166 286 66 627 352 427 509 588 401 72 477 447 553 573 286 173 460 89 327 432 877 51 351 209 220 734 780 33 54 172 865 277 23 9 700 898 591 488 217 320 742 372 790 604 133 852 557 925 971 17 519
335 968 572 91 734 578 496 979 858 393 855 159 225 441 697 576 931 492 647 795 527 425 573 911 202 213 901 53 303 284 464 948 786 812 920 966 399 431 98 131 568 595 447 424 619 311 537 331 410 76 898 341 955 645 863 404 784 693 828 980 833 580 882 930 29 669 19 757 176 71 230 617 14 566 286 849 590 109 365 208 849 923 741 325 858 583 231 120 320 240 629 701 766 318 9 372 683 255 9 723
373 375 154 289 225 527 745 631 549 680 433 893 359 236 950 765 870 186 888 960 502 260 155 580 777 38 235 927 345 526 965 539 34 226 977 126 140 98 44 252 846 979 57 963 942 333 527 387 517 826 438 760 623 564 67 685 912 497 859 423 402 77 613 43 115 685 575 101 147 875 570 502 228 699 418 121 226 177 501 178 34 188 782 467 446 187 849 381 558 595 366 639 947 874 763 902 892 579 345 834
284 78 865 792 771 907 999 609 144 747 836 438 648 435 930 446 616 854 457 910 191 526 951 604 567 463 987 729 442 768 186 288 528 391 923 990 503 271 13 720 36 105 768 252 477 260 673 253 465 770 439 686 39 785 482 402 163 2 19 358 239 369 430 204 766 578 53 741 659 892 166 721 1 989 981 670 692 394 812 707 412 337 630 568 865 789 699 500 698 413 845 754 112 890 538 442 839 882 458 983
413 422 120 866 563 300 246 674 785 930 481 437 301 280 731 200 379 440 679 367 697 525 959 250 977 197 553 245 866 557 968 330 344 791 751 412 159 930 792 322 975 343 435 847 145 507 346 818 1000 638 889 775 899 878 171 113 207 640 807 122 161 933 841 456 144 229 117 438 769 419 263 852 196 101 902 132 580 670 662 987 420 145 805 151 253 212 173 339 260 887 256 348 256 567 74 295 601 588 872 546
76 19 742 612 979 17 766 961 953 61 837 101 355 775 175 100 826 331 427 12 709 845 897 624 236 816 431 891 463 495 907 941 773 526 499 828 920 310 416 793 69 723 537 414 497 196 900 674 183 887 215 113 879 670 869 578 864 594 28 222 694 986 738 938 39 760 736 33 695 248 631 978 747 734 615 233 250 611 95 572 200 244 606 484 60 671 400 902 33 330 940 709 850 850 242 966 575 684 234 800
356 948 559 782 320 992 403 586 538 48 532 687 288 373 524 491 218 115 270 335 243 580 308 261 255 154 366 45 696 64 941 60 419 710 957 553 15 759 841 61 230 168 152 223 3 16 317 649 507 302 932 450 569 540 520 704 946 838 250 234 95 407 44 512 344 864 404 352 981 421 468 870 816 159 822 623 230 223 140 722 229 949 685 466 143 686 244 892 653 435 267 450 551 148 53 618 695 88 896 231
773 879 305 274 749 671 298 204 469 927 542 370 594 116 621 869 291 845 835 356 21 261 227 177 773 124 706 254 156 650 950 634 204 50 244 691 513 86 488 761 923 189 215 501 448 110 569 460 414 751 299 877 102 678 48 618 372 579 952 614 467 825 136 572 653 984 681 175 832 576 733 179 45 707 723 471 930 343 156 518 134 430 566 249 196 484 46 618 81 813 234 767 568 361 836 794 669 574 899 49
247 327 164 902 710 478 86 45 851 979 226 29 751 672 33 485 452 419 927 909 456 126 902 230 607 999 310 727 864 295 919 781 64 330 785 630 963 602 171 34 553 367 264 142 28 975 767 342 680 150 121 422 356 234 854 838 677 742 856 248 337 817 817 23 568 482 857 654 631 699 127 90 47 23 280 828 122 336 566 631 173 977 448 450 321 741 327 627 892 539 720 97 156 775 29 716 772 933 718 475
31 364 438 729 528 749 472 516 772 167 144 972 976 9 886 997 428 435 269 265 201 361 193 245 182 820 775 470 606 615 439 224 726 235 836 83 306 200 60 810 991 232 10 273 323 873 521 386 689 936 723 420 1000 692 224 785 723 190 706 75 364 763 437 146 969 203 908 884 432 273 118 842 71 943 584 650 484 622 692 118 227 167 103 273 422 65 759 305 830 135 435 462 40 357 342 645 123 775 267 417
582 70 244 527 270 856 405 668 5 99 675 925 350 886 835 258 725 707 245 729 116 693 878 611 463 770 877 740 489 645 877 108 232 923 41 509 587 879 311 185 180 148 811 370 48 919 940 717 658 591 259 220 816 442 591 750 622 277 462 389 927 455 942 683 602 330 370 954 312 88 32 711 803 710 214 58 434 631 869 13 738 128 718 974 191 715 809 11 832 722 125 617 640 314 138 769 784 866 897 728
801 846 189 713 856 332 347 681 571 42 756 614 31 786 699 429 284 908 186 623 272 510 439 359 776 266 108 842 582 500 60 268 739 535 169 547 181 515 347 730 932 356 555 940 271 946 285 579 796 721 228 556 732 581 399 969 820 211 769 499 648 254 495 409 482 637 698 233 272 766 228 586 900 721 671 580 60 859 633 140 538 446 436 8 478 769 625 684 800 321 821 598 682 284 60 844 321 733 882 848
332 193 113 84 252 821 940 752 820 130 817 878 131 870 197 686 212 912 282 355 655 720 604 497 112 625 985 377 532 147 470 170 460 49 942 702 275 924 501 422 418 370 491 179 154 191 269 450 569 982 245 587 757 492 625 39 598 321 121 563 513 908 10 597 46 921 744 217 923 354 864 137 297 544 323 743 372 356 774 72 761 446 526 392 775 416 841 451 72 41 856 319 529 362 89 492 757 878 185 756
416 546 503 813 887 190 651 280 765 824 29 629 175 828 946 5 929 90 680 892 842 836 27 985 266 697 369 435 501 851 416 841 911 514 231 414 150 707 409 736 800 240 54 955 57 957 467 759 166 196 42 835 584 150 61 172 40 823 396 982 337 677 294 589 468 132 636 408 236 192 240 819 289 41 36 976 146 372 672 578 859 388 691 989 103 212 306 365 398 855 919 25 895 318 377 859 802 670 417 936
748 187 604 591 301 861 948 855 398 350 2 769 179 260 214 535 977 265 591 655 449 501 518 537 314 917 68 953 573 898 483 640 170 976 786 286 544 937 467 964 73 494 94 145 587 529 672 995 867 354 671 880 517 980 548 928 414 499 635 856 402 965 14 862 673 130 53 732 621 249 170 27 735 720 177 846 407 711 277 327 521 186 614 130 636 914 350 724 207 222 506 743 885 979 102 309 967 621 849 70
1000 9 32 489 84 217 310 915 865 706 705 398 440 550 312 593 565 153 360 384 689 386 502 960 337 240 655 329 935 582 307 344 94 653 16 944 460 204 642 917 112 774 384 388 722 809 634 546 386 638 6 792 160 162 274 328 723 520 708 255 557 408 382 526 219 64 797 446 899 966 152 79 806 767 173 766 93 303 759 969 279 845 932 8 584 618 163 690 126 118 986 809 733 792 198 411 666 544 284 982
29 626 412 127 631 865 205 942 459 829 451 186 241 906 173 109 829 527 963 195 703 912 645 829 35 280 943 876 488 639 329 180 334 956 298 807 384 103 692 858 73 374 754 16 908 617 70 513 539 988 984 703 65 993 673 101 547 415 454 612 152 203 943 724 274 817 847 643 981 575 22 541 804 822 793 544 35 582 147 994 942 301 677 161 369 244 658 927 857 447 941 505 671 846 227 290 645 36 173 88
801 139 174 651 359 730 939 213 786 21 360 171 531 855 375 166 18 455 195 518 673 932 43 780 433 901 114 123 91 34 891 898 432 33 537 888 693 366 212 781 918 642 905 336 548 118 65 490 257 420 385 102 943 18 673 340 24 260 566 905 857 254 178 557 568 691 283 440 948 764 793 241 235 656 985 709 478 12 159 977 473 288 672 52 895 86 373 27 187 776 963 330 689 860 168 628 298 302 200 704
158 698 77 728 420 565 605 246 749 752 837 982 295 135 292 362 989 788 570 262 628 538 943 257 872 761 408 452 748 630 323 282 497 124 604 324 14 899 801 600 438 571 608 661 567 485 840 622 790 14 404 728 615 17 756 34 690 152 158 824 626 919 786 964 584 77 995 682 948 751 360 150 891 995 627 212 932 118 209 107 692 987 936 367 321 184 695 593 36 966 766 261 703 477 815 921 30 753 884 189
987 598 688 779 593 171 698 661 666 414 347 589 572 620 673 420 998 683 92 763 616 598 765 359 160 172 543 293 409 445 741 474 670 34 395 373 5 384 921 500 934 985 330 808 290 887 315 846 257 45 366 762 12 316 454 274 617 71 261 700 100 844 810 941 810 216 38 815 105 285 613 926 404 602 258 64 931 584 578 663 238 4 667 396 514 709 910 761 268 700 303 674 859 371 749 681 250 564 637 302
579 247 801 623 175 951 870 66 969 497 291 132 714 498 261 356 575 165 663 985 120 213 607 724 970 405 108 436 67 354 43 100 389 841 825 507 900 434 171 600 993 393 993 112 897 373 633 294 448 446 679 13 319 64 506 77 172 598 914 39 793 501 222 439 125 495 754 901 254 161 645 816 464 225 792 248 830 471 331 822 615 486 834 770 885 287 364 648 7 387 732 329 727 715 952 489 141 462 423 730
969 166 608 973 744 343 909 448 22 181 702 984 122 681 746 100 839 111 376 283 158 695 260 68 513 135 742 552 123 313 236 198 275 278 559 507 751 807 715 75 884 211 495 137 452 810 525 934 481 540 60 794 341 727 568 36 916 804 587 23 385 917 477 372 709 333 839 102 759 43 278 86 893 277 810 819 840 701 342 37 718 722 474 343 304 894 164 903 804 335 277 747 765 69 199 721 478 343 4 242
478 738 346 285 556 319 523 628 308 519 497 797 82 885 727 335 371 353 234 847 740 477 22 94 378 125 973 792 992 352 914 660 742 181 540 227 678 628 158 783 899 851 795 594 722 353 455 223 394 858 952 208 24 504 579 486 723 418 643 551 895 132 765 23 365 378 223 77 39 802 710 232 160 661 463 863 506 538 637 186 306 344 17 112 637 701 272 637 422 839 518 800 224 454 256 407 197 557 935 983
57 955 753 971 129 506 89 88 453 604 742 844 557 996 249 537 151 608 521 249 774 505 561 23 862 484 704 64 572 969 969 236 411 877 585 845 737 558 341 139 448 810 558 601 496 468 437 535 729 229 201 421 359 475 800 905 966 704 457 382 789 378 447 713 463 922 514 336 4 188 520 642 870 882 353 501 999 756 400 896 40 840 101 213 628 130 663 322 796 600 143 621 627 853 384 98 633 608 874 290
429 656 77 481 692 110 963 940 150 519 718 134 831 700 393 470 555 616 659 958 811 110 869 66 724 469 53 274 62 593 347 230 818 470 377 854 717 259 559 19 530 57 396 397 547 239 425 250 143 884 503 392 527 487 313 79 859 262 108 374 450 474 978 664 526 555 126 387 822 725 866 157 845 615 173 402 551 28 768 527 756 319 775 629 581 872 757 42 756 685 488 121 824 743 67 268 269 515 882 172
338 552 480 758 876 580 309 409 968 526 883 727 326 383 24 760 609 731 318 894 555 773 477 649 853 780 762 719 355 928 800 806 198 536 453 26 3 124 552 454 962 322 390 600 361 144 564 166 38 965 119 39 35 299 911 848 492 844 58 867 348 97 293 45 813 297 869 589 919 796 155 860 336 493 309 925 665 989 210 515 177 465 358 969 570 914 179 138 401 213 848 326 580 591 931 173 660 975 147 459
994 88 553 304 222 513 908 603 154 282 99 762 493 157 317 361 179 295 668 700 714 258 968 875 559 424 664 873 711 766 284 25 650 250 854 270 737 67 574 420 608 508 109 656 671 972 569 17 610 149 414 842 680 966 942 446 521 80 280 334 217 969 356 561 729 961 990 889 837 687 481 718 591 118 418 129 802 529 421 751 115 520 902 592 786 279 134 523 582 641 477 280 638 414 942 721 469 62 566 990
29 825 30 971 123 684 305 656 579 178 15 758 362 253 839 185 682 527 947 414 331 602 429 754 923 319 776 412 232 919 185 824 989 996 804 921 465 179 979 339 453 609 961 466 507 159 661 610 420 619 266 996 314 708 875 185 228 370 532 134 672 679 419 652 330 878 878 731 707 487 470 523 389 724 464 159 658 179 901 806 85 271 463 679 784 493 428 976 452 225 847 411 823 723 257 302 384 714 399 174
718 466 493 927 566 717 504 497 835 468 633 330 256 223 590 149 113 193 522 957 808 649 773 792 275 262 78 938 26 619 76 660 654 419 12 297 45 585 149 813 323 958 847 858 226 23 730 969 986 291 43 945 443 430 345 775 807 901 686 267 757 15 625 354 176 339 792 501 382 276 522 470 348 958 371 914 399 219 1 311 557 919 667 715 210 692 761 126 918 795 646 790 212 432 946 909 358 632 44 233
780 74 661 943 915 927 295 381 90 935 245 907 631 713 692 293 896 279 663 704 126 84 136 486 836 563 738 744 589 613 956 783 323 631 152 798 908 69 553 648 215 615 490 474 917 287 708 196 378 179 112 329 682 221 354 64 392 148 198 359 346 359 668 67 448 230 647 959 459 325 468 126 915 518 990 246 889 858 814 595 51 387 759 517 934 609 840 72 973 767 970 726 247 273 593 35 903 589 584 60
829 475 389 756 290 722 779 509 792 744 198 287 536 797 314 953 997 157 348 681 398 400 714 473 402 608 14 841 835 998 477 746 548 234 831 646 903 293 767 66 839 60 273 76 604 468 435 183 717 196 244 800 40 539 930 389 733 447 792 465 777 711 243 566 485 518 54 527 750 84 452 353 304 931 994 718 28 51 511 237 345 962 843 281 742 252 453 124 838 362 345 576 460 146 166 587 61 995 502 108
701 348 302 774 121 912 613 984 60 527 106 630 45 612 222 568 885 318 800 516 119 942 983 650 712 268 466 669 790 510 915 593 397 967 875 637 660 975 207 119 719 628 623 590 693 981 735 552 233 559 647 512 678 750 973 931 707 562 754 272 334 739 474 801 989 514 757 187 663 949 579 582 825 223 844 913 221 826 540 645 701 473 102 604 901 343 960 702 174 526 740 104 815 533 798 585 206 865 865 290
469 870 997 130 191 498 307 91 17 974 289 173 501 594 592 868 218 180 898 400 216 349 466 953 999 568 740 69 383 751 955 56 393 196 953 591 685 234 921 185 93 901 656 442 895 388 178 677 960 129 617 869 411 763 265 824 144 609 326 184 226 114 319 160 833 533 756 48 382 450 601 445 269 404 567 912 628 820 720 201 978 979 489 440 779 651 372 439 496 259 442 103 251 445 528 214 496 269 497 58
774 680 841 445 349 271 545 749 394 982 894 534 78 189 556 878 621 379 720 516 82 34 772 950 607 227 403 382 841 311 204 457 363 967 363 308 313 880 594 339 549 102 752 767 87 948 296 906 204 926 154 50 625 275 126 944 89 370 100 37 354 503 961 32 174 434 4 38 446 157 79 974 104 792 369 336 969 467 832 657 517 447 244 909 419 673 574 10 438 84 775 773 78 378 213 180 38 343 736 415
126 266 19 204 968 192 110 453 407 231 968 591 444 532 50 906 179 697 415 800 458 758 71 356 521 587 555 441 412 712 155 820 966 26 90 454 808 554 667 26 727 650 789 208 316 639 778 171 172 166 605 549 784 981 242 133 991 543 79 18 751 322 760 87 906 57 393 571 181 817 140 964 100 395 778 895 929 237 262 254 76 301 29 222 292 795 682 156 892 105 782 700 880 450 924 238 542 124 459 973
266 755 60 501 978 643 43 201 120 362 523 278 470 992 866 375 99 109 748 53 340 589 763 355 214 754 723 236 47 262 956 729 108 106 993 731 573 720 173 833 581 634 93 471 822 718 48 603 961 151 99 549 555 640 434 770 867 831 161 325 279 459 56 547 702 100 429 393 801 134 83 972 331 49 56 701 520 912 684 287 801 316 213 806 277 901 687 70 235 45 833 285 124 656 852 142 349 35 76 627
570 512 369 830 503 763 751 732 519 397 401 879 696 10 828 54 734 609 199 235 443 431 649 840 200 520 955 711 853 884 516 525 404 482 75 946 76 172 63 896 321 854 771 118 97 524 453 272 562 631 861 788 822 291 155 707 96 432 681 185 337 731 119 52 243 561 78 661 983 407 964 78 689 121 894 89 233 429 620 456 461 835 237 886 617 980 92 552 497 427 10 890 797 340 635 818 227 520 645 155
627 410 234 113 403 473 711 627 83 603 788 946 43 498 500 388 496 613 807 765 661 630 891 980 974 803 34 765 768 579 388 664 309 896 492 909 515 611 640 961 12 536 947 386 400 95 501 220 510 916 234 205 506 124 783 99 128 428 560 512 495 263 911 783 656 844 112 166 821 218 784 15 511 913 675 749 528 727 564 303 104 811 967 932 682 17 563 244 558 59 211 799 946 840 795 260 481 811 384 280
598 459 504 409 289 66 441 229 991 981 949 604 569 31 907 215 75 650 593 251 197 411 61 358 30 480 331 917 235 185 569 255 256 825 278 586 893 527 712 264 738 133 613 93 605 764 946 104 776 290 455 308 888 66 267 873 583 486 724 884 779 730 254 520 208 552 461 471 624 332 302 121 451 620 287 951 570 558 919 165 772 326 728 978 276 122 265 965 42 339 616 917 213 906 837 973 946 741 841 899
502 13 637 964 463 773 223 213 529 673 720 840 101 185 489 137 68 48 51 724 273 589 29 86 76 53 720 996 330 651 55 691 762 990 802 325 443 957 650 653 769 281 95 735 374 679 916 999 517 657 12 460 465 743 454 937 388 943 340 56 260 151 970 851 704 299 153 569 993 967 963 232 579 282 129 53 235 93 559 526 442 863 969 400 359 342 288 634 282 268 149 613 685 116 750 590 533 831 518 410
494 1000 334 781 670 96 465 22 543 862 62 291 584 575 342 660 869 157 549 519 714 592 366 752 399 334 535 298 29 40 156 262 391 66 223 606 804 534 637 831 784 703 139 889 274 125 471 413 480 697 292 394 655 902 621 811 239 418 154 864 27 376 64 800 606 980 435 200 649 946 303 826 905 163 836 869 253 364 192 965 677 117 110 591 942 148 76 452 602 755 690 423 732 140 334 60 393 247 485 126
378 86 300 245 326 494 972 739 100 714 196 154 310 213 288 652 842 612 560 69 170 46 139 681 667 193 154 182 434 721 865 293 602 319 136 315 139 133 352 782 460 170 184 294 545 526 175 890 408 571 884 236 565 950 626 18 333 353 623 258 975 566 972 873 766 786 702 296 660 851 146 547 937 23 688 983 737 987 118 824 827 365 110 844 141 135 354 296 741 905 451 125 722 329 168 846 42 953 140 432
637 277 816 14 22 727 208 864 705 457 578 184 152 358 704 682 823 438 711 845 8 29 224 385 665 870 331 487 217 545 452 303 106 30 318 746 807 580 963 358 367 675 334 551 858 650 943 600 736 310 461 694 417 96 155 12 719 322 9 592 623 94 443 626 311 466 734 412 617 564 494 243 925 397 334 761 414 917 207 875 755 140 609 326 5 840 343 657 935 624 228 295 689 108 292 915 48 150 606 120
128 233 397 501 833 836 638 985 399 891 867 104 619 971 126 914 151 144 34 540 79 909 162 742 363 790 45 192 889 989 89 65 575 872 204 358 678 691 242 236 98 728 833 50 374 111 1000 437 156 651 926 161 690 756 87 57 48 802 368 492 998 636 644 572 115 245 879 356 824 543 351 5 346 367 459 805 494 421 724 221 64 887 480 125 52 297 69 886 285 330 538 179 843 846 665 53 791 124 385 322
514 19 696 161 36 486 582 829 865 433 876 228 470 766 628 546 185 249 266 623 293 964 215 473 964 328 294 751 176 249 759 732 322 492 674 684 748 567 734 191 682 37 911 254 634 749 773 870 612 679 873 640 629 650 499 851 398 28 166 591 633 767 493 615 819 492 455 362 221 440 198 981 557 471 30 529 169 737 368 268 43 815 630 143 688 330 905 587 747 561 934 993 311 868 239 429 649 842 509 678
251 579 363 989 957 107 159 23 847 772 553 152 529 182 982 606 859 950 142 415 152 880 897 16 629 778 64 140 8 71 984 13 299 765 377 841 976 300 581 356 759 619 780 862 242 424 436 609 169 987 102 858 369 639 587 713 976 607 790 558 932 98 18 514 649 914 580 111 657 230 444 581 413 961 261 819 562 919 580 14 47 925 893 312 803 906 112 808 307 365 411 177 49 188 49 154 336 262 944 186
244 670 288 390 238 364 991 961 357 330 594 895 593 480 790 525 368 796 29 880 547 129 12 496 27 475 264 161 389 429 48 863 933 279 254 555 798 207 192 542 759 818 179 808 762 615 399 878 590 713 933 286 652 160 172 264 246 578 883 2 371 722 66 536 304 421 201 255 640 902 490 445 76 485 626 702 670 288 450 229 527 838 860 581 825 436 345 323 110 310 591 83 703 675 112 227 793 381 509 231
449 748 705 490 72 551 491 989 626 54 684 48 305 590 406 571 526 42 189 23 583 786 607 821 468 339 366 906 308 931 495 119 124 999 787 633 215 154 339 193 338 516 960 809 454 286 728 321 912 317 581 118 421 843 743 447 703 589 378 547 829 1 450 610 166 209 402 262 293 725 213 997 33 640 396 790 100 513 949 750 195 803 172 870 572 227 212 875 339 599 614 881 800 174 354 205 690 279 812 501
111 737 829 110 275 140 602 667 845 547 170 820 898 951 216 354 681 265 360 245 165 19 847 529 969 395 916 83 101 301 618 35 439 452 15 288 469 965 23 154 671 65 345 312 922 149 755 966 238 703 866 363 272 630 953 837 740 574 522 865 691 743 691 163 458 506 112 526 339 871 839 976 772 62 416 317 558 936 82 71 712 217 91 975 857 348 728 794 901 866 818 843 895 33 18 617 100 14 859 5
464 367 669 706 706 918 250 841 74 237 41 855 27 747 720 606 988 105 175 893 808 780 64 212 125 775 618 905 178 420 356 848 665 582 790 635 884 174 356 365 972 953 468 204 36 10 798 339 964 33 571 825 185 455 950 202 962 181 560 471 766 841 512 156 89 571 799 814 429 818 72 568 141 806 70 777 677 322 689 155 221 168 720 370 197 984 794 422 626 431 568 735 781 224 153 981 629 289 489 594
515 45 516 252 884 89 741 234 612 5 499 105 12 514 26 580 910 610 167 63 48 80 381 598 996 765 686 279 672 76 835 264 577 587 596 302 714 534 955 243 651 873 74 395 925 866 829 747 257 689 218 191 224 918 229 359 61 437 56 917 311 807 880 685 659 992 906 561 902 617 124 576 903 10 449 819 939 166 204 612 627 754 894 419 983 163 474 30 566 827 973 491 885 320 27 654 525 345 684 506
682 46 814 174 69 315 876 237 267 496 956 761 598 336 671 158 217 116 249 191 337 740 728 719 743 913 897 77 307 882 413 181 498 737 611 463 855 480 608 351 840 798 793 920 423 784 961 53 529 685 445 590 412 347 917 819 577 832 630 248 624 990 546 941 683 749 32 593 435 614 952 491 359 914 511 132 371 301 488 244 756 179 748 103 561 621 768 884 142 63 349 922 890 49 229 983 457 288 209 567
132 632 144 733 155 425 305 129 148 459 641 158 901 384 728 567 6 852 422 533 330 283 187 495 620 879 444 975 423 660 426 293 333 427 732 138 729 111 796 187 784 103 87 544 185 280 278 80 94 103 874 907 34 840 61 692 98 510 315 712 513 375 974 591 860 338 777 70 356 128 124 927 305 77 775 214 675 969 106 536 884 735 297 650 178 162 949 699 400 847 844 399 356 771 619 57 331 977 970 125
873 888 165 63 565 175 843 843 808 582 864 322 334 403 893 117 669 797 687 650 251 248 405 432 332 437 787 832 752 653 163 10 491 819 115 417 46 683 513 780 660 131 451 674 623 948 188 41 632 652 265 67 645 708 1 918 884 697 442 743 798 274 577 514 959 364 785 800 410 189 645 741 753 267 192 132 322 944 921 362 558 965 981 12 827 768 709 294 857 51 910 538 321 130 302 184 104 273 492 920
188 632 273 145 566 980 835 293 413 482 601 811 627 75 888 264 753 743 171 436 454 167 729 789 740 643 193 450 203 828 376 181 103 760 59 173 213 680 128 199 547 487 662 721 469 393 78 188 723 853 865 459 632 641 944 996 173 337 803 393 308 611 425 19 193 506 414 53 946 692 627 384 160 354 63 232 973 292 138 170 853 791 194 368 226 253 591 363 95 183 906 732 638 960 747 839 605 545 302 180
130 132 671 603 16 856 109 371 442 369 994 928 308 184 635 391 809 342 154 366 814 177 169 925 173 856 969 427 902 17 960 823 857 485 833 332 415 92 557 239 766 34 728 664 426 149 711 163 112 626 37 698 926 523 644 713 719 968 704 973 642 63 935 250 970 217 349 31 537 762 188 64 957 780 737 928 500 329 738 953 700 187 595 650 595 51 535 971 277 354 788 152 396 294 103 496 562 908 727 929
873 599 222 953 828 475 865 619 319 489 328 29 208 319 425 874 761 402 15 344 677 987 176 632 920 435 653 150 580 140 762 444 373 950 749 927 422 923 571 509 597 184 902 122 17 256 675 342 804 942 727 660 323 390 26 297 898 305 452 535 612 820 955 910 969 932 303 998 488 272 732 747 659 338 15 629 10 451 908 866 856 194 228 899 842 281 132 16 238 917 512 912 728 864 982 578 999 788 791 65
166 221 361 391 582 844 583 17 192 572 50 523 441 643 576 760 159 791 795 999 704 674 5 853 193 851 751 796 540 466 329 381 547 80 827 767 288 473 330 99 23 223 711 451 299 420 457 135 517 875 339 764 228 164 488 674 550 258 34 544 516 939 682 422 507 676 953 902 831 813 541 87 90 80 64 392 482 594 98 126 521 771 223 106 78 576 636 522 968 442 810 10 67 610 596 511 579 468 21 192
845 813 163 753 446 763 801 893 562 103 536 255 830 281 52 493 946 1 229 650 558 717 764 230 349 596 806 373 519 405 701 281 136 701 89 260 854 531 821 478 480 706 46 935 929 3 119 881 596 491 479 733 602 488 676 137 350 204 513 139 26 444 19 853 434 103 969 621 718 238 177 967 670 45 552 889 438 195 601 371 80 43 199 97 856 247 854 950 83 102 955 62 865 459 779 600 289 10 729 359
203 822 986 756 537 788 146 10 255 534 545 565 514 757 592 391 725 606 93 569 326 295 799 498 79 7 131 271 776 223 388 799 569 937 889 714 685 355 713 878 547 160 602 605 422 460 494 646 732 793 806 310 972 474 801 355 256 348 69 301 986 252 991 25 995 705 549 275 959 247 536 120 500 845 551 902 345 548 574 488 338 308 326 881 866 716 117 236 890 150 726 710 805 397 12 649 86 259 88 805
297 964 11 85 742 385 69 660 253 361 163 962 347 562 134 222 74 552 520 866 246 272 298 990 588 620 945 658 45 59 400 155 288 580 582 241 774 887 736 227 991 72 345 871 306 329 277 418 825 387 509 560 875 472 829 609 595 32 826 720 997 805 519 305 833 269 374 647 592 285 755 215 227 333 196 844 500 523 581 824 172 583 737 275 267 833 562 803 734 274 345 569 218 669 505 684 22 363 974 916
255 557 43 468 910 210 297 797 876 334 579 84 317 715 678 703 562 822 983 577 128 696 796 487 919 359 748 270 669 473 746 371 888 717 381 559 50 406 731 5 438 500 371 842 674 960 266 887 709 132 886 918 335 430 190 639 128 727 714 141 344 451 535 106 102 615 98 651 12 234 542 577 352 474 649 102 173 77 9 649 15 32 27 589 102 190 788 36 50 97 832 387 125 406 768 403 782 48 609 20
425 60 863 997 859 900 665 636 772 923 237 526 213 260 860 900 481 583 280 699 296 784 818 478 550 557 785 426 475 741 341 238 947 384 185 901 86 510 598 689 857 96 380 69 99 29 843 158 764 290 736 976 951 338 76 993 641 389 382 852 554 328 345 181 608 729 968 276 186 636 629 911 274 175 65 808 444 271 141 992 435 69 904 422 27 673 417 857 609 569 468 5 926 870 74 349 994 299 504 6
382 602 58 580 994 837 304 468 188 398 302 708 650 756 626 362 823 986 519 240 497 886 286 585 516 363 532 547 535 915 638 489 43 324 72 115 124 709 46 916 201 790 210 224 13 58 268 712 848 42 568 907 815 358 104 307 703 370 130 282 706 180 53 831 960 198 621 584 510 316 270 349 556 19 485 623 600 139 193 371 289 755 112 639 982 480 119 672 68 121 330 525 142 226 993 124 767 27 283 975
3 597 748 107 907 576 338 693 279 44 366 528 398 746 117 95 826 869 934 515 910 315 390 954 329 42 903 710 684 57 191 285 639 572 348 889 906 507 398 390 503 968 189 699 965 835 793 703 710 411 33 762 314 43 91 973 781 967 682 270 940 42 597 188 597 638 891 900 12 190 173 334 578 611 932 159 159 209 178 747 136 398 996 830 636 127 972 144 328 942 974 347 147 667 896 66 531 950 420 224
878 271 482 121 357 786 390 521 419 186 538 663 83 673 708 246 295 209 951 944 605 50 663 87 196 704 6 18 508 736 564 56 243 792 643 780 460 752 24 109 458 993 285 352 587 968 548 380 287 326 286 570 224 575 810 287 979 277 321 288 436 49 605 649 520 478 802 986 380 458 445 310 155 441 145 289 836 480 40 213 538 122 742 121 804 410 442 447 869 54 902 512 695 261 461 407 536 629 252 366
