100 100 2000
1247 507 1617 1249 320 1328 1048 357 1074 972 1965 284 193 1 1691 193 751 863 1379 466 614 951 1832 191 1545 127 1255 1677 1912 641 965 438 242 384 816 1265 453 1016 1879 74 1857 784 1445 1790 650 463 409 438 1228 984 673 1469 217 468 1509 927 1614 299 96 896 1412 958 216 54 18 755 303 180 1759 1806 1538 291 1525 1833 95 95 1169 432 19 1884 1063 75 1025 1508 659 777 1695 1246 1290 869 1914 1467 1759 1704 1546 240 1409 1979 993 11
1825 134 1020 1941 322 218 1372 867 1161 584 1982 1928 1796 1468 518 1802 359 1497 507 1119 1841 1250 1803 1236 1133 819 287 1257 1812 1034 1306 1965 1344 148 651 1442 1436 1416 1522 1741 1591 1386 1118 1788 1767 302 36 1396 890 986 1277 1830 1959 1382 247 1469 243 1154 187 102 848 1716 606 1500 1792 876 737 1488 1687 486 611 1314 1582 1900 935 526 884 709 128 869 1967 30 584 1847 976 1796 1424 122 261 1963 1954 1706 39 1501 114 205 372 66 83 801
23 1161 1798 437 435 513 493 1873 655 1046 1181 1650 1803 395 1874 1862 1632 432 1004 448 1094 288 487 1641 1135 1722 873 292 1696 266 1813 683 240 1188 748 827 313 508 1923 793 268 884 175 1087 977 1251 1181 231 444 1774 894 1123 874 214 496 39 1147 175 1672 708 1898 392 1514 161 583 1723 1291 1752 1877 1570 1726 1578 511 1812 1099 1472 1078 1051 206 191 1510 147 891 1479 966 498 1983 792 1454 110 1537 1874 1363 1551 936 535 1678 979 758 735
347 1639 722 1544 332 1177 755 1176 157 919 1032 289 627 1219 341 1663 1358 278 1416 433 1262 1533 778 1681 849 1285 1057 994 1114 287 481 1397 1806 591 594 616 1127 1639 1661 1388 1659 795 1361 705 1079 257 354 144 1925 7 1105 1236 765 288 134 1062 792 764 1306 1844 831 515 1409 606 1938 1918 388 1692 1893 1427 205 1903 1700 971 1627 915 439 465 1206 1085 1856 1161 1212 1895 1041 522 106 1525 123 1482 262 1075 1618 1620 985 1469 300 584 1018 314
1176 1104 133 630 1691 379 1819 1707 565 1256 867 235 114 928 1742 397 1981 815 408 961 287 769 1451 1218 1365 1254 797 583 1135 1585 1017 1109 821 931 1067 1685 1204 862 869 189 1334 9 1215 1518 768 863 1979 1194 1429 628 1478 1664 519 1862 155 1077 781 1915 82 416 1617 1981 293 241 1696 1679 114 959 772 906 461 446 975 712 1709 250 653 636 727 1282 1068 652 1400 1075 1976 1165 955 944 271 458 570 1115 979 1632 545 1587 1454 264 1439 986
95 993 470 1889 1298 1738 1569 354 1438 682 469 682 1624 60 768 993 69 42 1007 1719 1101 1428 859 1693 139 1053 1219 909 1553 19 1525 455 72 1481 1525 1610 725 18 256 1147 135 1948 811 68 588 23 1444 1500 1059 1345 1802 1775 205 175 345 170 1853 1738 1165 1525 1038 19 872 1149 244 340 494 317 1146 373 1501 1640 475 1960 411 1862 780 1 887 1705 1446 1413 1137 1946 209 734 918 965 1596 185 1268 94 746 1981 668 1518 758 119 149 1086
1751 870 1996 782 1454 912 1385 1059 732 1247 1678 1211 1969 924 633 622 1103 774 696 1139 157 1343 1708 123 1559 340 373 1678 1747 534 1405 1937 926 1466 1634 1793 261 329 795 575 144 1668 1915 1799 1816 1449 1331 1198 297 842 1986 1287 131 224 1368 195 1339 1548 744 947 878 1813 684 1931 773 1491 1698 84 19 919 1523 1390 1628 1429 564 1377 1328 1327 502 1278 1637 1743 1049 1175 1539 1168 237 839 1768 1130 1896 543 1372 1080 548 382 398 664 1312 460
157 1582 1670 1092 468 1333 621 1788 669 1379 53 706 1734 1032 1151 1076 1344 931 1359 140 948 1969 1738 1303 1728 1731 521 1952 1471 939 1488 365 1463 1618 1688 1573 1260 1817 1576 1117 1938 1098 1667 1230 1007 698 954 1973 1039 237 258 1751 129 230 1568 1278 1327 666 1425 260 1611 944 487 1003 1780 1031 1901 1830 1736 259 1003 680 1603 1622 389 999 1718 1143 1006 876 243 1986 250 922 789 508 1808 1513 1500 1105 1887 558 630 203 1960 969 1673 497 1192 1322
1948 1962 1193 752 1318 1196 927 1152 1278 1414 397 878 849 1334 1482 1547 82 1095 1246 412 716 1499 1190 690 259 993 1575 235 377 1667 191 1621 748 143 455 506 220 1520 36 1020 203 1128 349 335 1405 428 1495 973 1102 1052 300 170 1123 846 1483 1461 488 581 1016 407 89 1731 676 619 332 200 1815 330 811 246 1178 1649 992 1603 545 1602 1578 1962 805 420 108 1982 624 856 131 1036 913 233 1032 1564 464 1087 284 531 668 544 1968 985 959 243
199 1762 179 755 1187 1627 1101 668 1804 1842 136 581 1615 450 253 201 1843 1962 1758 1348 1655 1065 802 1943 1799 1129 1850 1017 1789 1749 530 1050 1603 1655 1876 1172 1927 1475 582 1744 184 1162 1955 114 1757 971 263 1395 453 252 1844 953 89 497 1250 165 1885 1863 676 376 1285 352 1541 1698 1956 1947 944 1225 816 287 1647 1699 450 1156 140 1329 1145 238 1699 1640 782 758 1432 1820 1041 183 133 91 307 1266 748 883 1293 1247 1851 1969 1758 929 1469 1991
1346 1332 396 1689 125 997 1701 53 7 270 932 252 801 844 1742 1521 101 1135 718 941 780 238 887 1005 90 1317 1288 665 1491 12 349 593 737 517 1810 1093 1981 817 1826 98 939 95 238 228 450 1314 234 1181 1896 1454 1489 1424 1917 1903 584 1226 142 438 1008 190 1946 1777 741 1227 465 1958 68 653 759 1548 1561 1564 408 358 1750 1460 454 1676 831 50 686 471 546 1736 569 137 325 238 1454 7 920 629 1333 85 393 329 1782 684 22 1090
591 10 1981 679 1044 1158 1215 1664 721 1214 1955 1846 1211 1519 678 553 1269 480 2000 1357 511 1836 1571 1858 1368 1146 13 1359 292 1450 492 1403 616 926 1249 183 914 819 653 1899 742 1099 1848 428 675 1849 1024 486 661 1368 1598 156 35 1959 1045 809 1800 789 1124 194 1503 1989 1531 1690 1799 302 394 1249 1238 1890 468 266 1578 553 306 1368 1339 1417 1652 1812 1196 1284 1283 653 944 1870 1858 765 9 202 1011 1428 1211 16 1398 484 31 1149 1147 1352
1556 663 825 1489 1840 282 1463 974 837 1876 727 551 1118 1754 691 1094 888 901 1439 275 1182 461 1854 1179 620 1136 1393 1676 1029 798 1914 1807 160 980 927 915 1613 1140 857 962 518 1133 1996 1762 192 604 1729 1338 1681 495 31 1870 1675 1185 1545 1962 294 1688 32 55 940 1159 985 1485 1742 1327 1226 1109 20 57 973 1656 1154 1305 55 602 1942 1440 130 1357 733 576 1943 868 1413 1036 1751 309 1085 140 152 1625 25 1498 1757 771 1362 1036 1646 1674
1434 382 711 709 317 107 860 242 1283 1720 1562 771 82 45 329 1030 1488 577 254 112 118 241 1116 997 1584 284 1786 310 816 478 496 1207 627 1959 731 1756 427 119 736 960 1500 1289 1901 897 1890 1945 507 1851 1135 1443 1584 111 1411 1066 1601 400 308 385 84 699 1085 1545 1523 368 1858 552 1916 961 929 1250 38 1509 1428 695 655 1946 371 777 448 101 1687 120 50 55 1545 491 1593 926 1529 845 366 708 1179 1538 475 952 315 1717 416 1720
1729 831 1186 1304 1280 1126 1139 33 1592 352 1917 1945 603 1314 135 1002 1149 1657 1450 690 596 260 1134 359 367 156 1453 1029 787 1314 1321 1957 1600 339 73 59 1619 1082 270 1468 645 146 1492 1434 1296 758 453 302 1073 984 1223 769 1497 1674 166 167 1261 252 1468 1016 1390 1058 1644 1356 531 913 1598 1891 1442 311 1812 1070 573 84 715 1453 809 1848 1422 1766 1450 1418 1157 271 203 243 1978 1464 1353 517 924 888 1119 347 156 1762 1052 1502 1045 1939
1296 1184 1017 1771 1382 873 1878 454 107 1948 151 518 733 1110 1047 607 1614 1250 160 206 936 1803 1585 199 1514 1375 1359 1050 1985 1453 66 32 802 43 944 488 915 422 695 233 217 1702 932 1875 1020 845 417 1126 983 1245 426 782 1228 1619 2000 410 1204 1108 423 1464 564 1026 266 750 1675 1754 414 567 1928 1806 164 1145 872 954 104 767 1261 325 151 776 1770 342 1981 602 1962 1200 300 1684 1041 300 617 1536 1819 1058 96 193 1504 227 583 622
1865 21 352 234 1820 1676 425 1792 146 1442 1165 1832 1146 1187 61 936 343 167 1385 1754 1636 1036 1240 470 792 1840 1592 428 1749 1320 1615 640 938 640 1376 930 1464 96 1097 1800 881 1798 1720 827 876 726 190 635 1461 811 556 192 434 1656 858 1646 1553 1856 423 1588 1180 894 1626 257 447 1138 1254 1299 992 185 1533 61 588 536 1659 1556 1731 52 1859 1991 1386 1152 344 633 126 676 1169 1645 920 1735 1887 828 28 1945 555 1125 1627 128 1416 1394
1481 1869 200 1074 649 745 1867 217 1508 1 274 896 648 1035 1441 1114 717 1156 1810 1205 1811 1704 1526 457 855 189 1479 1552 164 1837 266 1986 1671 14 1552 1900 1675 1599 539 1212 1650 577 813 1483 1221 991 1771 951 466 764 1921 780 1301 968 1216 1871 1314 606 146 71 1694 1565 158 1096 589 1905 855 1677 357 1902 1615 385 1698 24 1208 1306 1779 1553 475 435 1890 1472 1938 245 417 122 335 1249 816 1024 304 572 379 389 90 24 1087 1258 1106 1994
13 760 1083 1629 583 426 1017 1123 1048 1924 756 483 640 1171 264 1092 1837 1715 777 1764 1429 663 548 1893 848 1416 1089 1653 114 141 917 56 1702 1444 1795 564 342 1658 818 1097 7 1581 218 43 1089 459 520 1133 828 678 1266 1308 102 1831 852 149 1889 11 24 1076 1770 1070 1763 1626 1875 1891 156 1594 1843 462 121 1712 1603 1678 66 1694 201 1578 614 37 1633 199 924 1916 407 1059 242 224 1394 737 1169 1432 42 1137 802 420 1770 171 1913 738
465 680 159 1356 498 1646 623 1825 1883 406 1926 1966 1106 1339 397 1177 555 801 1234 1418 1191 975 674 1719 807 314 1284 1402 974 1184 1935 1137 500 46 587 609 199 46 533 1944 1259 833 300 222 1426 565 1976 1927 695 675 474 728 1700 328 1006 515 788 1661 1358 1456 979 1013 272 1978 1857 2 112 1076 1877 149 168 1862 606 784 219 1464 885 441 337 1577 1070 462 1532 1564 126 336 186 1328 966 1134 1651 443 317 878 1378 802 428 777 1617 232
450 1428 829 720 744 1095 792 1696 943 1884 1709 1140 517 646 158 828 7 220 1593 1508 1184 1056 1001 1742 1328 32 905 877 168 1864 643 688 1761 593 1095 586 1724 618 1495 186 52 1218 575 1180 1824 927 1794 1883 1364 815 79 529 1783 1192 1906 1884 1568 606 1431 1007 1193 673 346 1938 438 415 1562 1783 1103 1133 444 1739 808 206 1995 404 1665 1597 1436 1997 1258 1005 544 683 911 539 1891 395 1329 1052 1522 1003 1716 9 1113 1233 1317 803 1898 556
1156 356 186 661 703 1828 869 1649 463 164 466 54 235 1995 1761 1607 1562 1659 1888 1054 727 1295 1021 885 1277 435 422 1058 1665 1328 876 812 1791 883 1782 974 1485 680 114 391 1628 1432 166 714 492 316 69 265 1711 685 1357 1962 1030 602 1084 915 1351 1221 1123 903 1440 923 1907 445 54 1229 1700 425 1190 1823 725 1353 748 1069 221 1326 978 1733 80 1845 992 1973 653 449 962 690 324 183 1847 1698 197 6 1989 567 131 784 1210 1624 184 1690
1950 1197 1922 1292 148 742 1899 933 1503 1401 1734 446 705 1367 1189 1129 1007 1898 760 390 144 973 1936 1905 436 680 545 284 1602 838 1958 1973 1657 1301 14 579 1864 745 1508 1554 153 1533 1420 1049 1207 1063 1449 1620 113 1079 1404 755 1799 524 423 1022 1457 1619 1328 739 607 13 1345 14 1867 923 1692 612 1643 776 1243 395 1346 596 1205 1849 22 601 893 1656 1676 1372 1429 1667 1423 1025 1856 832 256 43 324 1274 376 1279 1614 1273 1560 1187 512 1664
289 1865 1957 675 960 1074 1078 707 641 529 1493 1736 52 637 597 154 653 178 1565 1227 357 1700 1202 980 1135 81 1665 875 677 114 46 1630 1584 1614 22 95 582 1132 1889 315 45 1362 212 1400 110 1183 467 91 645 65 179 180 1765 1011 1692 263 1208 775 1662 1543 676 1628 459 1088 1289 1420 706 1569 935 117 1772 997 1613 978 1823 349 1308 37 976 603 122 99 725 477 1586 1420 584 1780 744 149 1064 241 1706 1540 1978 427 274 71 1405 1359
553 914 1146 596 406 19 1146 825 115 163 609 1886 544 316 985 60 1857 913 554 1970 130 111 1476 1341 556 1982 1567 483 607 611 330 1595 1391 614 960 1869 1243 554 1960 18 1656 1502 203 647 828 144 81 596 518 1353 564 291 1307 296 726 607 972 1759 1311 1227 1875 1348 350 427 1452 965 1760 259 1873 860 1007 555 285 1914 1138 379 834 819 674 1193 1493 149 1884 348 711 1846 2 763 1247 1850 1997 791 1779 1070 1693 1746 1174 1972 112 1179
1979 635 881 664 1863 409 1528 654 757 1736 1984 1407 1907 939 1429 1072 281 1452 92 1766 874 1427 1245 781 3 1348 1451 1829 1184 326 1380 1913 110 1052 1907 1949 1547 162 99 1491 1289 1749 174 682 290 127 1428 1684 1174 573 1271 1363 1279 1487 3 511 1301 1516 299 1542 750 1696 910 192 333 531 553 1310 1163 1814 1462 47 1091 636 1922 1439 1223 67 1356 1292 465 1631 1240 1413 1172 641 1588 1650 1168 265 258 1019 1843 677 404 934 333 404 1990 591
685 1739 613 1190 1863 931 1118 1296 1431 478 1841 971 1854 1956 707 979 1963 654 1331 729 470 622 724 822 1429 1881 345 1996 177 66 1680 261 115 357 1301 283 840 268 743 835 84 1905 7 22 787 1313 1836 798 1802 1769 1124 761 315 16 1301 1933 407 113 1954 1513 766 1795 1801 1987 1123 822 89 1155 1243 1036 1056 1307 787 114 1858 705 849 810 1527 315 1443 615 331 374 1428 787 89 1763 925 384 385 127 360 105 118 77 1551 1893 277 1794
499 1256 847 476 713 1013 919 1264 1535 451 503 446 28 1787 781 756 1973 1660 883 1804 443 1835 1340 914 546 1354 986 1223 1565 1971 237 1003 549 1458 870 1706 952 732 969 1670 1406 1376 161 1356 1879 345 941 950 1073 717 1368 1436 53 1029 551 456 1824 952 443 165 1024 758 1254 1603 500 335 1178 1178 838 1534 573 711 1909 613 1593 1400 730 710 416 832 1724 1707 332 1592 1327 802 1396 643 871 1177 1787 843 251 1250 1411 1533 1013 147 511 814
1830 1228 53 153 1173 1814 242 1766 1320 1173 1272 1496 1979 1481 1635 115 461 951 1513 1991 1051 351 191 638 1220 1577 56 446 459 657 1944 1580 1499 300 1431 14 949 630 626 298 1844 218 1803 1568 1890 301 1568 624 1667 1655 1529 1578 383 271 971 1985 1182 850 1962 1722 795 607 1531 1671 251 82 583 666 1991 299 443 1128 1060 106 1356 444 1892 1626 1545 1541 1270 1799 441 1294 56 413 1954 1431 1532 702 1931 453 1689 528 1786 1411 1896 1441 1063 1363
1743 807 994 549 363 617 1952 882 6 771 176 1797 1752 1786 523 1319 969 1453 90 774 1844 1571 290 498 1656 151 58 820 1688 1005 381 1339 1202 160 1339 931 1693 1593 1322 628 11 1998 1513 117 158 84 1717 155 247 1795 741 1282 1001 1493 816 438 972 1642 1615 1422 430 11 300 166 532 392 521 1944 1950 1520 1326 1622 1144 925 1498 391 796 1082 1770 92 1541 466 1704 1645 1855 1975 1675 612 426 1531 1740 822 1341 1390 57 457 568 628 1074 1815
1233 82 608 1086 64 325 213 401 1238 1264 927 1726 1656 1152 247 668 1114 1341 1270 1521 1254 1535 1014 718 539 74 1366 1928 1906 1720 1992 1892 1468 1106 516 1582 1512 779 944 501 977 1288 599 614 259 1999 645 148 622 1148 613 1777 563 1962 1601 620 1083 1188 233 1575 1511 1560 1344 1843 1458 548 1263 250 67 225 1388 361 1023 264 582 728 971 1029 1095 1320 463 1719 860 840 1941 1056 257 403 993 512 437 1689 923 456 589 264 775 861 405 1736
950 380 1440 32 1685 1108 976 888 1427 1444 1825 204 1105 866 1008 825 1554 229 810 1879 1665 1536 751 1043 801 1420 645 872 95 640 1448 394 1924 416 767 1406 360 1391 1338 1161 1184 305 583 980 776 674 1220 1337 1067 637 415 604 15 1626 426 377 478 152 1898 102 1422 1714 654 1140 706 304 380 1192 1850 93 663 1184 1894 1217 381 740 360 298 445 1371 1830 236 1061 119 1135 1698 186 1886 325 1359 1025 646 984 1622 90 1931 660 738 348 1216
1281 1379 955 337 1560 150 1094 1440 453 1759 125 4 1415 1237 16 186 453 427 771 1479 651 1831 814 1691 273 1312 288 1347 701 1417 787 364 1663 1684 1386 655 1178 453 1191 61 419 1636 202 40 113 638 820 523 277 1033 170 1511 243 1138 564 1100 1502 1397 917 288 1489 840 309 1135 1114 773 1577 1951 753 290 612 430 310 1054 855 794 505 1850 1573 301 1027 1409 1106 867 1906 1909 425 1690 1329 568 1179 773 885 1781 1141 1485 1668 809 1579 852
993 1856 961 311 1250 624 1593 303 739 1164 470 1364 1907 1302 975 1055 1291 325 543 1114 1247 1278 1401 1079 989 1186 296 938 1859 452 1925 755 493 197 370 524 1755 1566 1859 795 1953 857 1116 1572 969 1309 1461 943 259 1012 747 1377 1516 170 1984 1050 332 948 834 1034 1481 1803 25 160 842 1220 1210 369 38 365 265 641 234 1477 1547 1282 969 809 825 1270 1405 39 96 754 1532 480 150 1857 231 159 1159 1697 1420 1889 45 1807 747 1536 238 506
949 1376 1935 1798 1520 772 199 1824 1447 1118 814 1689 302 1362 372 1009 100 949 1806 1345 65 1991 1594 1940 831 538 1364 1843 420 1390 1826 844 445 971 362 446 823 618 1603 1124 119 1937 1896 747 1258 441 1321 1250 246 829 1084 61 479 544 1233 726 1157 203 979 849 763 1411 90 1049 1747 1859 77 1468 404 1067 548 848 1437 1605 764 1937 1844 1775 1492 1193 1239 922 68 1466 564 78 1582 1691 1620 1464 972 1244 1393 913 937 439 1721 12 1596 5
1067 395 1614 106 702 62 1453 1279 592 778 1993 954 1980 962 299 1644 501 1861 1430 1911 591 484 741 1497 1709 749 772 713 1204 824 475 381 415 734 1413 438 860 209 607 1545 1459 1933 667 1066 871 73 596 1543 1589 217 1692 1118 1386 1907 290 716 1617 635 1231 419 1305 462 1231 1047 356 1000 1725 534 1692 674 1078 1202 1697 811 1552 1852 1902 1218 420 1198 793 1613 1702 484 536 777 1813 1096 353 671 1646 746 586 95 1131 1960 1087 1996 169 1199
1090 1684 839 590 1661 730 1562 1491 851 625 1309 597 1508 359 1718 686 1887 1291 1172 994 1682 1469 708 1504 941 1793 1091 1380 916 1168 1774 22 1667 347 1877 1635 1916 92 942 389 763 1067 341 290 11 1801 417 942 578 1885 1890 1022 1063 345 1623 1147 1988 1768 1852 398 1030 1286 896 302 865 1867 404 1027 625 1894 1056 822 251 1651 1184 167 1778 376 827 42 389 1618 100 1247 21 1062 1881 861 1813 1750 1961 1723 1178 1379 1923 1803 754 746 1993 355
1889 1452 1827 1464 1654 1821 2000 585 1372 1401 1832 1877 1676 414 604 123 368 938 991 1756 578 786 222 63 163 539 922 465 1560 1801 23 646 1423 1698 44 864 31 1166 1419 939 1261 878 1307 483 1371 1205 2000 1331 331 1847 237 1771 1185 1853 415 1469 310 786 298 1828 537 126 1874 801 1888 1756 1552 723 1772 1545 996 1298 1610 1996 697 1129 1574 1564 100 846 186 243 1574 1438 1396 909 129 1002 406 1996 167 936 1031 1324 910 1608 1335 510 784 1412
1567 1267 1279 306 887 1527 1462 793 449 1239 1930 1662 146 1184 1023 202 1713 406 807 985 712 1293 501 434 184 1160 320 1182 937 380 179 135 414 1231 1537 1086 503 1730 614 1385 1472 1657 1224 743 1159 1507 380 993 1067 170 261 416 1167 1913 1400 549 366 69 987 936 1961 1977 459 848 1036 642 29 1771 1326 1811 1532 1068 743 1446 1777 943 1740 176 1889 185 1558 176 160 1312 1424 660 19 324 415 1559 1331 1546 380 1323 1038 707 1869 1999 887 733
706 1821 1405 1621 1018 627 1578 184 646 123 1586 1221 421 1017 811 336 1023 1297 1275 629 1198 179 1421 167 1541 292 702 741 1524 1642 596 327 1940 707 1469 1083 381 1763 117 566 1816 1752 786 1033 1870 875 1386 1826 447 998 1316 1468 270 428 1164 820 1657 1866 1471 232 1223 1928 1430 510 1099 331 352 415 1045 490 1640 382 695 747 358 249 740 890 1089 1627 1380 1093 1362 475 629 1831 1956 20 1708 719 1687 1682 1241 620 1443 1094 632 1863 330 1350
452 189 1334 164 342 1896 1138 1129 1435 665 5 222 1971 756 1016 551 790 1063 1817 765 513 616 616 1238 1790 1195 1055 1042 1746 1805 334 1557 143 1311 1940 1884 1162 1458 74 1182 1847 1244 409 1601 1520 1685 1244 789 724 1425 1040 577 1629 329 1831 1000 1450 1064 652 759 1210 735 1873 1550 1514 981 1061 1833 422 607 1569 970 572 1160 1537 949 1470 1149 1168 648 1013 1127 1212 1316 595 1878 680 444 1793 487 1984 1193 823 978 647 1655 1930 546 1949 416
447 1 1853 899 1230 1600 1282 321 1953 1312 185 1092 1260 1280 1569 1420 823 243 63 1718 855 1517 1614 1803 1771 410 1780 1875 1489 923 1472 213 1192 254 896 188 1361 408 1694 1015 863 450 954 253 781 1982 147 826 430 932 191 1707 1504 93 1931 1698 1994 827 1916 1111 1684 1427 483 1307 1846 1768 1006 1177 1257 1093 364 1804 473 1751 1353 1463 92 709 1543 1637 1948 1596 1229 1966 304 1243 345 466 1289 1400 1186 1877 936 1454 1497 183 573 1412 29 1359
1370 426 1245 3 1077 1410 136 1126 317 1625 656 991 1204 577 397 1538 1515 1660 1214 1582 219 1399 1083 242 143 1185 774 700 112 1974 1455 1664 1768 1996 1127 1905 391 553 252 239 324 127 339 493 1323 1014 1011 1181 1109 916 1950 331 69 1051 203 1987 1823 1359 1582 1472 339 1746 1498 258 1351 1998 1437 1946 1394 1967 1881 1045 149 1258 1490 1747 1668 1182 1395 1171 754 406 1387 1373 955 855 1909 1147 1370 1260 342 260 1627 1708 240 231 1227 1445 1443 1233
1819 1495 530 284 1556 1359 1891 1252 244 1342 1504 518 870 102 107 1287 1568 209 799 190 38 125 897 767 1404 264 821 1381 1144 388 1389 1867 422 1543 1324 1576 757 1697 649 837 1630 459 1055 1419 1765 697 769 526 1785 11 1675 352 1669 54 1540 1155 1737 985 1519 15 82 783 1024 1916 1973 401 235 397 1932 1925 329 1673 1447 599 1844 519 1268 834 1474 1173 313 1050 1086 773 1517 457 1105 965 1302 725 1504 841 1198 1611 879 535 671 1930 99 655
1485 110 1637 1125 691 1687 1923 701 1013 1381 1008 225 148 1906 204 1090 1281 957 1006 584 1913 622 205 1000 1038 171 1774 689 390 710 392 931 1100 1408 1795 365 1781 287 1023 641 765 1623 1825 1270 960 280 1320 121 1988 403 798 50 1059 74 1290 1710 999 1267 370 478 766 953 845 187 1661 1904 1575 341 1073 1907 1374 887 1040 603 89 40 446 1469 1800 1776 172 1169 982 1348 1499 411 491 1233 349 344 110 193 588 1479 1192 1501 197 33 1907 752
1548 1110 690 163 227 1446 1098 474 629 184 830 586 572 1099 1096 757 498 1078 627 276 69 158 566 559 1732 1748 1675 444 278 1640 1869 674 314 1022 1279 441 488 11 1658 1137 1942 1372 1391 219 503 1779 586 1383 591 1632 1303 827 1569 808 895 828 1929 1476 634 892 1333 504 936 1601 414 1118 1787 1182 389 638 1004 1552 1432 845 318 215 1459 1424 1904 1391 1523 827 1451 26 1863 122 267 1467 431 1786 859 1490 934 149 857 479 1676 873 1048 1397
780 228 1621 60 1693 110 289 514 595 531 1660 1024 1125 1532 1955 1813 553 1064 1120 1521 748 300 1600 592 590 996 259 113 1161 996 236 993 1762 704 135 1257 153 533 1786 1393 1227 1106 740 15 1367 1190 1123 1024 1053 1127 1154 226 1329 924 62 108 751 1864 410 506 425 1812 1113 72 1020 759 584 235 625 980 510 135 271 193 571 1904 1229 831 1886 1504 549 1931 371 225 628 1360 665 168 142 1286 1714 31 1423 635 931 1262 172 1388 571 645
1080 337 1953 391 1395 370 710 982 988 1258 89 1016 1143 102 57 1395 809 1770 613 1050 1840 465 1231 132 1600 894 1440 1765 1800 1172 1685 859 643 446 1062 647 1707 444 1175 742 1431 1322 1672 1228 1973 1295 1143 1100 1123 111 646 981 1079 1805 710 556 1375 945 418 1634 1187 658 105 1363 918 1680 947 187 267 1808 916 356 499 1621 239 1088 1573 439 978 463 1703 1091 1151 1790 1577 31 1050 12 1873 632 1550 458 1680 1178 395 1183 532 1531 90 517
1431 420 801 1123 1428 1789 353 1272 1913 1012 316 1777 1496 1562 997 1383 296 1354 576 872 585 1895 1656 1680 533 1601 911 1908 1201 1235 368 890 1907 1500 256 24 1037 519 1443 488 1623 1594 123 277 491 712 1484 1238 10 1219 1498 1187 796 66 1556 1928 709 106 986 37 530 716 281 575 1459 1483 1383 55 1635 952 265 1333 898 380 1651 1537 1620 689 1719 605 545 1277 1134 642 1773 1916 165 1974 947 825 1359 327 1275 505 984 39 267 1765 9 1427
1065 1714 439 818 1582 174 1862 150 1653 504 652 1378 1363 236 1312 153 481 43 1296 1518 1781 1283 162 1118 1823 448 1186 1478 527 174 1275 1329 723 42 1489 338 1054 1556 1546 1579 1189 1059 637 1784 1747 293 1826 363 652 1057 969 1621 526 700 1207 1597 179 1268 731 496 1875 1404 1103 1013 1719 1860 1194 1723 824 67 1474 1874 1398 1348 1663 1219 452 492 1146 605 81 356 1204 941 1394 502 883 1753 826 1624 567 297 587 1872 555 146 1590 627 1911 1073
1519 271 1251 80 1500 129 1941 1080 1324 963 1867 1923 1748 454 324 1164 932 1112 537 614 1561 1681 938 917 1900 384 1826 1085 935 1741 556 566 1511 891 687 648 780 300 1733 1081 1774 448 602 928 1882 1196 1967 821 1418 819 989 1767 259 868 71 969 1272 1919 665 1706 1179 1829 797 175 68 11 1148 48 1434 42 1777 412 1230 935 137 1593 775 826 375 172 391 237 772 1985 445 851 979 1832 1604 1090 83 1324 1673 526 1853 1937 842 1108 605 569
1609 784 846 483 1391 395 862 1762 1022 932 1217 1557 1087 1897 1441 1960 1962 1891 1458 950 1860 1452 244 8 867 1742 1378 239 589 905 551 794 814 752 368 164 1159 1584 572 62 980 366 464 1380 1366 1180 1784 1199 95 1816 552 631 237 1298 112 978 813 1287 1422 1501 225 1246 605 437 444 879 1467 1315 1609 1179 840 722 1996 1276 1722 1454 1184 281 526 1499 32 1542 216 895 1329 950 236 1565 812 350 246 1983 58 440 1699 1967 1511 1232 130 1746
809 1087 469 1841 634 353 1265 214 1265 1157 1797 1647 1424 1937 744 1474 1718 543 923 94 259 1911 861 1689 60 1786 1309 1659 1029 1337 1626 486 1627 1744 1047 1681 1956 1827 1898 111 1261 563 1811 929 515 44 442 1381 734 1646 1553 376 1815 1367 1065 1231 1019 1817 432 1198 1575 189 567 468 1507 1587 754 883 267 981 857 1583 1112 71 1964 1859 1086 1005 723 1050 1294 1626 354 1184 1308 1855 908 662 27 312 847 1292 356 751 813 1278 629 1100 1563 126
1046 586 769 1674 1654 534 882 441 1429 1574 742 1815 731 1252 355 522 1605 1910 1899 801 1792 492 718 664 973 149 1967 1226 997 445 1525 1108 566 679 200 642 1020 467 1387 1048 1547 157 1449 1711 1463 450 1111 746 631 639 809 1236 46 1224 1297 823 1273 1041 1827 1115 1079 1677 1028 1562 466 1264 1712 44 876 1827 1578 596 1924 916 590 742 1896 487 1891 963 757 1694 1692 1763 1129 112 1501 1853 1786 585 363 1206 1839 877 1676 547 252 234 1870 1869
1979 1929 1875 289 517 864 778 1056 1393 1000 1113 1690 1763 662 1318 962 502 1305 1941 926 1540 95 956 1549 1633 419 1490 933 744 215 1942 664 1453 890 795 1826 1426 1974 49 1762 1717 280 1951 546 102 1357 1068 805 247 774 1646 1597 828 1480 1161 1493 833 322 25 1697 1339 876 411 1425 1271 1208 549 1772 734 968 1350 1246 1370 1468 1352 336 1266 1525 594 289 1857 667 714 1470 741 1432 1544 1747 852 671 869 366 1864 620 322 252 91 746 1141 1682
1678 491 655 714 1331 231 1241 40 1994 1588 1340 616 1304 189 15 1479 964 35 875 554 1836 1373 1467 1134 1892 221 1599 1581 670 209 1360 153 1925 1491 1870 1705 51 237 68 1726 1683 76 1373 704 1873 848 1632 458 925 781 1399 1950 1582 1793 1390 310 771 306 790 648 1445 963 1433 1813 1704 1443 1560 831 96 1875 191 21 1424 1282 186 124 1262 471 242 1579 611 761 928 963 654 910 866 745 520 894 1675 1250 1682 180 228 1050 170 849 1168 960
1437 1948 1134 1730 934 906 1399 128 1989 1462 888 559 42 1453 537 1597 17 520 1051 1100 616 455 577 846 1754 71 1765 683 1680 992 1052 97 158 29 675 1672 761 1080 136 1056 1240 1361 1334 1706 872 491 1208 113 745 148 1742 1523 1894 287 669 1775 1682 1168 977 205 525 195 14 1876 1943 953 996 1244 1803 1168 657 1233 956 941 336 464 62 41 655 849 1435 53 1294 1681 790 428 1571 1595 1740 1108 1723 1427 774 1935 411 1759 139 932 1236 498
1747 1814 661 598 1494 1310 1914 20 514 1225 755 1475 284 656 1631 1212 1422 1360 1815 694 862 150 407 754 1375 1097 1239 965 848 851 296 477 339 1597 1737 306 921 310 361 1947 1528 1136 1863 890 734 648 1110 645 1055 768 252 1266 1114 922 1498 398 1787 1139 1605 1978 937 1305 1570 1298 1471 459 945 1883 600 1820 1248 1145 1987 499 785 666 1335 930 1062 1331 1887 576 808 1812 1606 309 54 1274 878 354 1131 1442 1546 1531 1928 1909 1628 1506 545 1396
1705 689 356 97 552 1092 227 1975 457 1824 1011 424 1986 548 637 625 1301 731 1105 491 1165 330 1083 513 1239 428 1102 761 78 1112 1100 1777 1662 1291 824 856 1162 1352 850 1702 42 1529 1217 1704 1708 1472 1984 1276 1962 286 1679 1221 1740 1615 1738 364 516 768 1190 1459 376 1983 1783 55 829 1006 2000 1154 254 563 322 857 1740 1134 725 1097 1631 87 740 1577 1419 756 738 1868 174 885 1531 789 1381 316 118 263 319 1116 758 1192 265 1661 384 1074
936 1688 1095 1830 85 181 850 845 98 1471 351 1228 1787 577 1312 451 184 256 1732 914 46 1204 1665 1272 150 1651 1949 602 917 1916 156 669 522 797 4 768 871 546 988 1928 1783 1291 179 1417 1533 1208 1453 1806 1085 99 199 1462 804 682 1932 875 385 216 112 1392 1207 1951 1097 1782 1739 1957 830 907 1640 744 1880 416 1986 1038 1701 1461 391 1069 459 1539 1601 820 1481 309 1385 1300 1193 1412 1078 1807 1826 1694 1186 395 1146 1058 1277 1299 1737 203
1355 683 1417 1239 568 1725 1033 690 812 37 1696 1252 1818 613 830 1011 786 230 190 102 1990 1452 1032 1432 634 852 1764 325 1316 1037 25 868 1955 1424 259 497 525 1149 818 86 1568 1859 1375 69 1945 1836 906 613 1987 963 638 1062 328 1299 1062 1522 435 1133 761 643 757 1701 945 139 406 1738 826 707 1380 784 1157 1972 247 908 876 1788 309 1691 160 429 1616 1087 1806 360 1373 1191 288 49 1889 1034 399 431 1764 1744 1703 1058 839 1677 563 1409
1825 731 951 1472 5 1315 444 779 960 727 261 113 734 1615 977 159 1276 430 842 391 1304 2000 954 1726 964 194 1757 751 1082 238 1873 1183 1049 754 521 606 990 1260 306 1414 622 580 1325 1636 1503 38 1851 480 1798 906 1783 1514 875 1906 380 1811 426 895 903 1397 818 848 328 560 128 313 658 738 1542 1420 1282 482 1748 1990 1116 666 168 584 1184 62 1810 1776 284 205 1792 916 731 1459 1769 1931 827 936 1301 728 1548 457 1065 1044 1397 1313
1601 566 352 643 901 673 885 1399 1678 1018 1253 1423 1202 1269 1597 1348 1034 459 442 1714 165 42 1611 477 694 1241 1058 446 233 230 1109 1406 1059 1199 1233 1229 1718 1449 478 1247 1427 1824 1261 1605 1082 1563 1293 515 1342 1739 429 1043 180 928 77 1318 1209 1064 701 546 1347 21 1575 988 1504 218 1448 1155 1547 1522 1001 871 429 1932 924 308 1103 1511 1810 463 1230 1846 57 459 1383 896 1539 1144 226 1640 498 618 1436 99 991 177 556 459 1705 1754
439 1551 1131 769 654 1300 294 1345 821 1245 1726 1834 175 818 321 1470 277 992 1873 1240 1909 1917 355 697 103 1878 1328 1249 411 199 1177 1014 1342 1286 1095 627 268 1564 1872 896 1727 1345 1366 586 197 51 1849 352 463 354 525 1945 1862 1852 1814 916 1433 960 1391 1470 1217 1169 139 1274 1701 393 643 1808 1865 1303 493 149 369 119 1118 802 1908 1900 1414 900 1356 1100 297 303 1113 1304 702 1791 485 534 1041 1757 306 1966 403 1499 624 1981 1393 844
1307 1273 1858 1795 144 1090 1257 582 960 1585 907 798 1966 1744 202 1358 1602 53 1584 206 1136 1517 887 1203 962 1841 1813 892 850 1895 822 1596 372 359 241 207 1824 1432 1084 1082 365 1799 1644 1172 633 1203 500 1531 645 152 1598 1764 509 1031 216 483 1046 830 182 147 1360 937 1110 1698 138 788 1088 1116 516 475 27 163 1104 97 669 1400 194 1561 571 1176 551 805 206 1782 1697 1049 1191 913 96 1674 1049 33 429 1704 1604 1572 1936 661 898 1087
193 1057 762 3 11 1700 739 1118 620 1782 498 1915 1562 1711 1380 999 1536 1958 119 1905 1109 1960 770 1165 1549 1272 1925 420 1737 1613 236 1564 762 1292 1133 864 307 1186 656 188 972 1358 430 215 899 1274 1826 988 1501 1940 1117 71 922 61 1782 1321 278 1437 1390 200 11 160 32 343 1412 1185 439 221 1645 1138 939 788 1654 661 3 336 886 346 1886 1225 1772 326 1661 1911 1729 1052 1304 186 1241 938 832 579 169 403 420 211 1330 1668 1806 1694
555 1430 1941 890 333 1951 133 810 1415 132 1403 450 1714 1711 410 1318 271 1721 1996 1187 653 1109 994 1402 1319 1465 1100 1732 921 825 1876 295 659 770 388 692 982 256 1336 761 555 1964 1454 1914 227 1813 1866 1255 1577 505 982 1913 1700 561 951 1551 1368 1607 1642 2000 1580 548 1757 284 1735 1834 347 1700 1764 75 1599 818 1844 1845 218 101 1106 314 1183 605 1297 1216 363 576 1906 1665 1218 1783 1026 464 36 1545 1968 969 1647 1825 1500 51 382 1502
635 214 543 1399 1975 1443 707 873 1332 1812 1582 142 1549 1808 686 1052 1484 59 792 1735 968 1496 1997 1572 1545 1788 1404 11 1431 337 1154 359 1424 1123 1484 1822 921 90 1821 8 1420 101 1563 14 175 15 1315 320 725 769 1917 306 1438 100 282 756 1306 1265 1049 445 1163 1367 122 419 1639 1319 378 1722 444 1231 76 1415 831 914 473 815 1037 593 1518 1073 258 1016 1844 1740 1256 743 877 1070 727 811 1450 1323 939 617 362 406 1923 1734 1372 719
950 934 1957 921 16 591 1661 310 1018 729 1396 130 1639 1156 451 393 1594 1414 1084 822 1909 656 1267 889 1469 827 1302 1043 1593 772 1592 385 1177 146 1531 659 1412 960 203 200 297 251 1656 24 1047 1369 1772 829 1176 36 1067 1199 984 1586 695 331 1587 1586 1923 431 1356 1189 176 340 587 1367 1747 1161 1422 505 1399 888 1104 812 863 39 1430 11 932 253 1654 549 1052 1310 963 1638 1100 1109 387 690 580 1326 1873 269 1144 1245 366 602 400 1102
1235 1869 309 1834 1729 111 1419 418 1050 1358 878 1339 1112 1662 117 263 1962 400 276 668 1040 1678 1533 1907 1852 1584 38 271 1352 1006 21 759 502 1522 1944 1666 1618 1560 1618 974 468 1846 1440 1981 1506 914 41 1981 50 1669 307 1875 493 1978 691 211 1632 50 1916 1934 923 887 1737 872 1388 107 149 580 1830 524 535 623 890 1334 668 838 1064 358 1565 581 991 311 463 253 1216 1098 1689 1105 1841 806 1375 1294 237 106 445 1460 1128 1435 1008 389
1409 1647 879 968 352 1940 151 762 974 13 1715 1075 1204 1242 1514 2000 1756 1316 851 1410 468 1506 1795 1811 1009 1754 679 1584 1775 631 13 1319 999 1571 1149 462 1257 946 133 1069 905 1772 833 170 806 500 1322 624 1941 1001 1653 266 780 1720 1548 1681 1579 492 1322 1040 1877 1268 1872 352 1899 639 1989 1909 10 1398 378 1924 123 837 1370 623 1736 1832 320 1775 175 1727 1476 1869 366 1406 270 1069 62 387 1819 423 1565 948 1484 307 1315 1972 1851 896
806 1362 1305 49 1433 1727 275 1574 559 1146 1683 1522 686 265 339 1582 1838 1430 316 521 304 931 1132 1482 523 476 1446 932 562 1304 1204 628 114 1819 871 778 359 171 671 674 1054 493 86 1182 1093 700 1334 418 1135 1973 875 43 452 465 195 1708 901 880 1778 631 412 1023 162 1685 1201 629 664 370 810 1568 1954 1720 666 1303 1388 1462 282 379 97 892 902 1583 1855 1126 334 1057 275 179 1916 1780 1476 1488 1173 1419 92 70 520 180 1040 1261
1380 1807 944 1963 967 570 1626 574 368 1162 1625 417 1814 1640 779 606 1922 1493 849 672 1414 92 287 1396 1185 1218 147 1596 1435 540 1698 1231 26 302 750 1281 104 1003 676 1434 1899 1214 1073 549 1332 1108 1573 535 835 1859 1728 522 647 1835 1128 1366 1348 1784 1085 315 397 625 372 1725 1857 1616 1391 1371 1729 478 1709 238 1039 1611 958 827 643 6 943 1654 1175 447 1172 387 114 983 1091 1001 194 1424 365 710 226 647 1656 1513 1867 362 727 1056
615 855 843 590 1633 675 578 824 1143 1748 302 1101 561 28 961 928 1340 1650 1316 211 271 1614 407 162 783 1873 1474 217 1038 1407 906 770 1822 1642 1520 895 1843 1020 1363 432 1702 1601 934 914 1797 1982 748 773 184 1794 1215 1208 1791 1079 256 1522 392 949 1224 1983 316 1572 413 1750 1593 1723 1329 1892 1546 1242 917 1415 402 624 1754 872 983 378 776 1717 1963 729 871 618 1815 31 1450 1388 1712 1189 1789 1153 1371 412 1523 1952 1820 1694 1906 1329
1242 448 1338 384 943 1127 1968 1667 1307 1203 1881 645 1288 972 1425 1886 345 1672 380 1297 1659 1255 404 1251 1229 843 1937 179 108 503 438 906 1847 1202 472 1263 706 184 1018 1239 693 958 1043 1848 180 959 577 265 1738 216 823 744 478 1261 690 1607 280 614 1945 948 1645 1993 498 819 1525 5 1090 250 1710 456 733 1672 314 1342 1147 899 1843 1158 1019 558 1598 291 161 291 157 636 1418 1794 1919 912 1185 38 1618 218 251 224 1753 668 876 1891
1464 347 300 555 1068 359 1012 330 1544 1285 930 1569 1929 491 13 1799 939 344 322 1913 1205 1470 220 894 1312 1596 1378 1894 661 1804 699 382 947 1589 717 67 1632 1406 1858 737 1847 912 1628 374 1072 1511 63 1224 1405 1797 1708 687 1408 1155 415 1120 522 84 1518 199 1374 1688 1218 97 20 282 546 1955 1898 294 1930 891 1317 1067 347 817 1189 1000 1851 761 662 1671 989 487 1315 707 748 767 709 1303 1298 585 809 996 1541 142 1487 766 1856 1169
670 36 495 1021 38 634 643 774 541 1124 454 30 683 1874 1017 152 785 259 1289 609 932 1319 753 127 280 1973 568 169 583 21 59 801 1825 1083 821 42 845 1632 1690 1642 1885 847 595 733 1695 1065 1460 1203 16 518 1834 1367 764 745 944 61 1168 894 1328 1496 1249 770 38 853 1077 1919 176 1735 1838 1171 1202 1296 615 556 663 1160 1255 978 209 1869 1635 1808 609 1528 1872 81 946 215 1094 947 240 301 992 1115 1590 1970 1439 405 1637 40
1902 1461 1361 1867 561 1663 84 1476 1895 879 422 27 734 1590 1220 1046 101 371 1693 706 1148 185 300 956 536 1458 224 173 596 528 1031 2000 337 155 1672 753 1981 1709 960 852 690 6 1237 1951 213 1132 1174 805 815 866 835 1184 232 1300 25 971 1359 317 86 1129 950 1909 1802 772 1130 154 1646 1974 1585 1977 1535 429 812 377 1074 1279 60 421 300 1403 384 1300 1865 1463 1852 1527 1498 59 710 1774 716 1562 1834 711 195 520 766 436 1814 1580
975 615 739 1907 778 1821 1075 366 407 1413 392 250 1647 460 499 1114 30 854 867 1651 67 170 1704 1252 165 1546 1301 1487 1728 1902 339 1656 61 1788 1170 1002 959 198 58 96 1002 1169 1696 1191 446 1725 1781 1613 1665 1285 1720 1589 1178 677 220 283 649 899 596 366 1301 1292 202 1071 894 1052 1839 1845 1328 184 221 1850 1737 956 968 789 849 1260 338 1220 952 1593 1502 1606 943 867 1277 1363 1516 245 1988 617 1600 1874 207 468 1413 1577 302 1768
113 1031 813 862 904 1850 834 185 158 462 1952 532 969 1014 328 714 1428 520 639 1857 144 229 186 1251 1014 1395 1158 11 1032 361 676 1737 1093 759 97 1506 1787 1232 628 919 1526 1413 257 1823 599 1359 1786 420 16 1608 1621 535 1275 182 1449 1569 170 565 82 664 1770 1056 1972 586 49 380 1740 1144 1574 1313 1105 1970 383 6 1018 1531 149 1256 729 1737 1493 742 1493 635 1472 1868 1845 247 1905 442 1992 335 1230 305 1858 1599 1960 922 1729 1078
1437 1970 46 1119 109 1605 814 1707 681 454 808 1676 1575 1928 1409 448 1458 220 1651 1784 815 8 1916 1205 426 240 963 1262 1839 468 1381 1951 1972 1606 909 578 323 22 947 963 1190 252 1947 818 267 1536 654 1050 7 1369 1494 361 1271 993 466 988 737 1298 489 457 1241 1184 1324 1544 63 1617 388 830 566 317 235 1799 912 110 1558 607 52 996 1007 974 1810 1656 1458 1998 1149 1243 397 778 295 1082 1674 196 891 1296 409 195 979 1832 1238 152
1993 1869 1611 1771 907 1921 46 1255 1336 422 234 718 1734 1116 1115 954 1318 1928 803 2 224 141 906 1445 1336 233 770 1798 594 1663 1304 1987 577 1500 1030 1172 1099 568 406 1949 1304 1355 881 1152 585 1946 1222 1122 1526 1405 662 440 304 718 795 878 1829 1903 985 1123 145 1288 1709 1061 97 1213 1106 1124 611 1688 1410 854 1930 568 1849 455 1486 501 1398 730 1360 1166 1083 1584 123 433 803 1459 661 182 99 1072 292 921 761 880 1918 1059 1185 785
969 1124 1591 1765 1266 1807 1494 599 9 161 767 389 1960 79 901 1998 20 571 1461 346 413 1602 212 608 1584 1142 1856 1736 1275 1427 504 846 1168 992 1752 559 819 949 1628 1668 1150 1251 933 920 436 1539 378 375 577 1423 502 1733 1376 1783 47 855 583 34 855 802 1517 594 955 1311 332 977 281 536 114 1917 1998 770 881 1950 1805 54 1397 800 1900 830 710 1186 1401 920 1539 473 1321 346 63 1857 401 962 856 386 350 1464 593 939 510 1892
1442 253 1297 1141 198 726 1978 1269 258 745 1264 950 1845 599 1954 248 730 444 455 1723 1306 1224 770 444 959 1704 1524 814 1075 1456 892 1046 1096 1672 313 82 209 1760 449 1958 108 529 1002 1493 355 1746 1269 1081 984 419 714 432 1198 938 1310 1187 1222 40 1826 1875 935 1686 742 450 1735 753 778 844 1958 128 1236 576 1546 686 893 367 1124 1416 1366 1663 1185 1028 297 492 125 620 58 716 1362 1670 1388 989 207 1393 208 942 1108 1326 120 647
697 1384 393 1461 1837 146 1343 1670 428 380 618 1725 1930 785 262 1683 781 1472 1945 1690 151 325 1894 1567 528 1812 990 1884 626 737 1686 647 1374 910 1331 858 1388 898 514 1375 1839 67 1204 24 71 1696 151 1225 256 893 1184 611 1768 171 1427 1373 1678 1171 1637 1264 758 63 1337 32 1145 1654 1015 1939 25 1042 235 1007 1089 1616 57 868 1483 1939 1470 274 556 165 1297 664 298 923 169 699 1277 1043 1000 400 387 1261 1157 1014 46 1875 1879 531
1512 1830 1885 1257 1831 1271 1227 276 939 1119 1919 1155 995 1404 274 912 1136 1144 1114 1406 898 1575 859 1774 1822 1789 1886 766 465 105 26 318 1774 626 1166 769 131 1805 1392 781 1130 360 304 1054 315 646 310 317 303 1688 1643 1560 623 1332 115 1487 1419 404 119 1786 1462 701 81 1578 174 1978 1920 747 922 629 316 1858 445 1554 659 217 327 312 786 820 906 1437 1167 1759 729 13 1091 950 1021 902 229 1216 257 1554 337 921 1197 610 712 619
1297 1700 1617 1464 727 1457 1885 247 442 982 536 312 1862 1532 332 1174 1349 6 1759 1432 664 791 1644 339 1031 1213 207 1264 1551 46 1754 101 1290 237 741 979 13 585 130 1500 922 898 1134 190 1174 1321 1828 1041 181 244 1724 1496 113 858 368 1623 298 1937 654 1170 23 1985 122 446 1866 404 1579 1015 674 1773 790 1292 298 1619 1688 810 1359 88 524 1876 670 1594 124 812 1164 1077 1397 305 1023 1442 1891 1236 42 961 491 200 1446 510 56 391
763 1667 556 251 1278 1850 536 688 132 733 1800 483 1877 1372 709 870 1388 1290 1614 1155 938 5 1457 794 299 320 1698 857 1984 1887 1790 215 1595 1630 970 78 1530 845 820 83 1002 412 1307 1042 572 1631 715 650 1461 1295 1808 1203 80 717 1564 600 302 1155 1635 436 1134 1977 1651 1133 1943 641 242 152 1186 1760 703 1143 660 1721 234 1526 681 807 320 1902 1933 870 351 1171 1827 47 1064 1121 1880 1727 802 942 770 1938 922 379 1875 1857 1768 1900
1577 1382 654 1618 1335 711 234 1954 1182 1959 1210 436 1221 516 1055 1337 1033 1550 1385 1657 669 1350 1954 1289 1842 334 712 246 977 210 210 1552 1045 531 1027 1590 1943 1340 908 1034 177 1667 412 560 1764 718 1283 344 132 350 500 806 1312 685 1465 1290 1936 1920 384 1873 1512 1913 722 1224 1977 363 1636 375 903 1338 727 1586 709 463 539 935 1867 614 2000 1493 346 548 156 698 662 824 201 38 1874 652 6 1281 74 1224 349 166 569 755 341 443
1995 1687 382 1646 1229 624 1657 45 401 1089 426 1394 1325 1859 1030 1657 435 1370 1863 528 1963 247 1102 378 1244 1843 1863 111 521 1647 1384 1252 232 693 1220 354 1455 1850 1916 150 263 211 757 468 1891 832 309 265 937 265 390 1628 1982 260 1309 783 449 32 1172 1128 1453 1650 867 1303 290 25 942 931 638 896 40 1317 1636 1903 1125 496 1342 1054 844 1372 1903 8 812 1454 1185 1255 1574 293 1165 114 1176 868 1146 1728 329 567 28 1223 144 1731
637 854 1743 1711 234 1563 397 1545 1028 418 866 1174 1911 1514 699 1034 615 1477 1373 384 165 893 1782 327 18 494 1567 1721 1275 531 349 1096 114 737 855 1479 1581 1610 626 1491 1192 783 1832 1645 453 1781 1064 213 852 274 1414 1059 1677 1156 131 293 266 1167 1223 112 1570 673 779 1461 112 1188 115 1491 178 575 1688 1138 1261 809 740 259 590 1291 1270 1713 1723 81 822 163 1128 1149 515 1122 1702 151 1319 1826 1062 1653 1548 782 523 371 680 20
205 1888 515 762 1881 372 329 1788 1302 1009 571 148 738 1494 1936 1556 1339 426 1673 1090 138 331 18 1297 1194 499 1125 1112 1127 1283 1896 289 305 1727 982 1904 975 1206 572 1150 1728 1820 233 1553 540 453 648 105 1337 1920 379 1610 1531 334 1629 209 771 1326 1641 1189 327 71 601 1484 962 1393 519 1863 258 176 1471 202 48 126 1365 1500 29 1683 227 487 583 612 283 1005 1019 1701 491 1832 1108 588 1630 1947 465 356 110 1914 69 746 1480 754
1080 328 1608 1255 1419 1324 1443 1977 1209 116 340 1042 1225 1944 1870 222 1727 243 336 23 1154 863 1670 397 1656 1741 12 1774 1806 1230 1710 1031 1764 321 122 1927 1733 1434 1591 492 1700 234 495 605 1041 33 24 1811 1403 1085 352 1349 1696 1965 886 1471 1376 1030 486 1693 640 1713 1292 137 1226 688 906 719 433 1419 212 538 1330 1276 681 637 1030 194 236 2000 116 1062 960 1508 1651 696 1522 1669 573 580 368 1003 1936 1575 1192 1293 94 1672 235 1587
1268 261 1264 1446 631 939 788 678 1546 561 1487 1815 12 1746 1347 505 623 869 1774 67 1651 171 1614 1084 865 20 68 1989 1860 1294 1201 1814 337 1307 1933 1491 1175 365 1926 1099 497 1905 469 125 505 1718 717 504 1303 680 1181 541 1318 1549 1045 83 1688 1211 1829 743 1424 53 880 61 429 1840 1423 743 1814 566 1699 129 1872 550 1074 1367 93 1093 834 532 143 341 388 72 971 1440 1432 1300 1096 1890 46 1781 22 449 1821 539 1003 170 684 1157
1704 1416 669 1692 539 1955 42 728 1502 259 1799 338 1164 720 759 711 1460 1800 1979 1877 1814 795 1349 1525 954 1143 859 70 1408 635 1126 418 1937 1514 906 239 565 334 2000 596 46 389 63 165 1442 1533 714 1885 102 904 499 808 501 812 860 298 1584 1930 1086 1375 1855 1192 1570 80 902 1533 189 271 1810 825 1130 1535 1891 1679 1567 1794 1508 1599 976 241 901 964 1810 786 138 1863 600 1593 604 1118 666 1853 221 1749 1364 645 1417 215 523 1199
1560 873 1513 397 1903 1267 1929 1965 119 1708 671 164 1829 353 302 70 600 1937 1597 1860 1458 1608 452 466 1901 246 320 1156 1023 1036 1494 676 792 50 468 499 568 1224 1651 1306 1358 375 1609 331 1211 466 123 1369 1364 158 1535 560 1382 1724 1039 1283 196 79 586 1153 1212 1615 1348 194 776 136 1262 1987 257 1151 128 124 1405 1379 259 1867 1977 1548 715 1919 402 338 593 274 716 1804 975 1491 1510 1972 1685 672 1109 1108 1144 685 1484 1999 698 979
685 398 1269 40 1162 437 1904 294 1860 690 1636 347 1909 225 1993 589 1961 143 169 1479 1558 841 1142 1541 684 687 743 1688 327 619 1501 1718 434 1704 980 961 422 945 1190 1922 161 312 825 1074 225 1935 265 1589 1327 86 336 1027 856 1346 1217 612 294 710 1172 632 1774 1968 859 1488 467 690 1203 492 1560 28 503 1202 1266 3 863 1160 1883 1616 693 1118 163 135 648 1691 273 1602 1577 514 824 154 1411 1920 229 498 1528 1157 1252 1135 166 1853
161 840 152 42 1932 1894 1513 96 551 520 19 1756 393 1798 1829 2 1637 1231 1844 465 260 865 376 1189 1902 1316 391 106 1528 452 591 1175 472 826 621 334 964 101 715 31 1048 842 309 516 1718 1493 1452 28 631 1691 1956 727 992 1822 1448 1019 432 1324 61 1377 1493 4 20 607 1087 693 1913 1619 412 293 457 1080 371 1564 320 728 1772 1979 1568 767 636 475 1822 407 718 342 70 1814 1005 444 1566 400 814 451 1784 441 1802 287 498 651
474 1322 151 113 1323 1520 1688 1342 1920 649 1301 877 1207 292 325 1846 1380 1420 1190 729 1065 409 1262 858 1415 1110 800 1513 478 1067 1818 1068 608 1095 1242 620 564 123 129 185 135 421 1536 1083 205 1288 1487 582 1572 356 253 1992 1049 104 721 1907 148 929 958 1106 943 1356 1462 473 596 400 1206 429 1620 849 1582 1581 915 1603 932 1212 209 28 1870 1564 1812 1171 1197 1641 1233 939 122 655 937 1830 392 296 208 1032 1305 1734 873 969 189 489
1132 1302 85 1102 650 822 21 69 472 452 1031 1517 342 541 125 1870 1908 551 46 1282 1994 1675 690 337 1301 737 1849 71 1154 1255 101 1380 419 1470 456 1265 1422 1410 519 778 677 1347 1790 140 1088 1044 1982 1100 838 880 1825 1777 267 1476 814 239 723 1132 344 577 341 1038 1281 434 283 205 715 712 389 843 607 14 1885 1343 727 173 853 1119 789 1782 876 1977 55 1662 1072 1508 1554 1750 1742 1374 1243 1174 709 689 1509 1862 184 1527 1796 585
