50 50 50
9 36 39 25 30 24 14 36 37 21 7 10 39 33 38 27 40 50 25 24 37 36 33 50 25 28 37 31 38 22 9 2 45 30 42 45 18 34 49 50 49 22 31 15 28 18 14 35 25 36
3 24 42 1 13 19 10 16 11 44 33 13 48 17 20 31 50 38 3 35 18 33 17 18 41 43 6 38 12 24 31 11 29 31 28 10 28 11 47 43 6 34 1 24 17 19 34 37 34 42
29 26 25 11 6 25 39 3 9 28 28 28 33 3 21 36 12 40 21 42 49 29 29 11 6 21 1 24 34 42 40 49 50 33 48 6 23 20 48 4 35 18 20 2 36 5 9 10 28 23
29 13 18 3 34 21 30 37 9 17 15 30 34 2 32 16 40 26 25 3 46 50 34 3 11 18 9 21 18 24 48 16 25 24 36 34 11 47 25 34 40 39 14 4 50 41 31 20 42 16
8 10 11 13 20 2 44 11 47 2 26 37 16 31 9 11 18 44 38 29 49 33 46 33 21 16 46 50 47 28 21 30 19 3 22 35 2 31 21 12 29 23 34 48 42 2 31 15 37 11
8 47 10 8 47 11 7 10 15 4 2 36 39 26 16 38 37 34 40 9 44 3 40 47 14 19 12 44 36 39 9 24 38 48 46 42 40 5 41 7 4 31 10 35 16 9 32 22 21 23
49 23 28 46 11 33 18 2 8 10 33 32 12 37 48 18 10 26 39 15 20 40 36 15 43 28 23 30 41 41 47 18 29 28 22 35 13 17 2 35 8 12 26 47 49 46 12 49 32 48
37 46 18 43 40 1 15 42 5 4 38 40 44 42 20 13 13 24 23 50 44 16 34 1 31 34 2 47 43 2 5 11 37 16 23 45 48 5 48 28 46 50 16 10 33 41 15 49 19 30
27 18 43 19 17 24 2 25 31 50 47 19 41 42 41 19 30 8 26 37 9 9 10 44 50 34 43 11 8 37 34 8 16 41 16 46 27 22 39 23 13 15 50 34 31 22 24 6 37 14
27 12 31 49 36 42 37 41 24 27 50 17 45 3 18 21 4 28 31 2 16 9 28 20 8 18 7 28 37 34 16 20 7 12 4 7 31 29 44 3 42 35 50 4 13 30 6 31 49 3
35 33 26 32 23 28 41 35 43 36 36 8 17 40 24 17 47 26 41 17 48 23 15 9 32 43 19 11 6 33 30 1 28 31 50 35 46 49 27 37 47 15 37 1 36 41 19 30 2 21
23 38 48 39 29 3 38 45 25 14 29 38 40 1 6 13 5 10 41 43 49 3 12 18 7 35 16 46 38 37 15 49 24 22 23 14 6 25 16 29 9 43 48 5 6 45 32 38 3 20
5 19 37 31 3 42 25 9 15 23 13 10 28 36 20 34 43 28 44 12 2 11 1 12 2 33 47 25 3 23 38 32 36 42 15 19 37 36 25 15 41 34 50 18 14 29 19 33 35 12
12 15 38 46 2 43 1 33 40 30 29 37 4 40 16 50 43 1 13 37 20 36 33 40 31 23 29 1 28 48 17 11 4 44 46 1 49 40 49 41 14 8 32 30 14 11 36 12 8 20
45 46 2 29 41 39 6 9 42 45 12 19 14 41 24 27 24 47 23 34 15 32 6 45 50 33 3 28 27 40 31 5 21 33 13 12 46 31 11 30 39 50 27 13 50 2 11 10 40 33
35 3 40 42 33 10 21 48 18 33 14 23 42 35 29 37 13 9 38 50 19 43 22 44 14 3 32 10 45 45 37 15 23 17 22 21 49 11 15 45 41 41 34 41 2 14 16 43 48 12
46 40 31 4 49 40 42 17 42 17 50 3 40 38 21 3 45 33 47 26 36 30 34 43 19 33 21 27 41 41 34 49 48 39 38 17 43 14 19 2 42 16 23 27 43 49 27 2 40 23
5 26 46 37 11 27 2 44 25 47 32 44 29 33 5 38 5 37 40 42 9 13 17 21 23 18 15 27 20 27 36 9 31 47 35 47 6 48 41 46 39 48 36 6 11 35 22 47 23 8
47 6 9 14 39 32 15 50 4 41 47 2 46 17 34 43 34 8 13 9 49 11 39 50 3 47 26 16 20 40 44 34 40 12 36 50 32 38 32 27 21 37 23 44 30 3 25 32 50 47
41 42 7 30 42 19 43 19 13 26 4 11 41 28 31 29 24 34 27 43 48 19 6 32 4 38 13 17 10 37 19 5 41 44 36 32 14 7 37 38 12 50 23 44 14 16 25 49 31 8
3 24 23 29 22 37 16 14 13 42 35 2 20 4 9 28 38 19 7 1 43 17 38 1 46 8 11 8 24 49 2 17 45 38 47 48 33 17 15 37 41 48 23 21 43 41 7 18 42 44
4 50 50 24 48 16 8 33 43 11 1 42 48 2 42 39 48 47 33 49 35 12 47 5 48 33 48 15 20 9 49 38 26 2 14 34 36 33 34 3 24 41 5 14 28 12 12 37 31 40
22 24 42 34 34 3 10 28 50 25 5 28 10 13 25 34 13 12 36 16 4 38 43 46 36 14 38 41 6 49 50 49 6 13 9 3 33 6 50 25 13 12 49 50 44 34 19 27 23 27
35 49 38 38 17 28 3 23 28 12 36 10 19 38 45 2 4 45 47 44 19 4 12 7 14 19 6 19 13 34 10 16 34 42 37 13 40 18 7 28 7 8 5 38 21 33 15 8 40 47
35 39 19 23 1 39 36 35 42 39 29 5 50 11 5 32 5 34 24 3 48 26 16 1 31 16 37 37 14 14 50 27 34 26 20 16 10 36 24 24 46 14 8 38 14 23 27 32 32 15
27 50 14 20 12 50 33 19 33 13 4 24 22 7 21 17 28 3 35 41 35 49 40 6 14 11 20 47 39 4 30 14 10 1 43 21 9 31 37 9 9 7 28 1 45 37 43 34 46 17
24 27 31 34 16 46 23 17 17 14 27 15 40 13 19 43 5 17 35 21 50 25 20 19 6 13 39 16 11 2 41 32 37 12 48 29 17 16 28 28 27 11 49 49 36 32 6 9 34 19
33 4 34 46 44 27 39 12 23 19 8 24 23 35 5 43 35 11 42 24 40 44 26 11 18 39 18 48 25 5 4 4 44 2 36 46 29 27 7 36 24 11 43 30 8 22 30 12 31 3
22 26 27 40 11 6 31 38 17 19 22 13 14 37 28 17 29 17 36 34 45 31 38 30 36 39 41 9 23 45 44 30 15 26 25 48 30 21 18 37 32 7 33 29 19 15 11 32 46 43
20 32 47 40 15 37 46 41 39 5 28 39 21 15 8 50 29 10 50 3 26 9 38 40 43 15 21 16 28 12 30 34 41 43 20 29 2 11 27 25 4 50 27 43 15 30 49 37 43 3
16 8 18 42 16 4 2 46 47 23 38 32 34 15 9 42 7 27 2 46 30 45 8 24 15 17 8 6 35 45 39 17 8 26 14 20 3 4 38 13 5 49 39 10 29 30 41 3 36 35
11 35 27 22 36 11 20 17 26 12 32 33 40 42 49 20 4 20 38 46 32 32 3 11 48 22 2 35 29 29 29 12 2 25 39 33 16 36 3 1 42 4 37 6 41 37 8 28 45 15
36 6 12 42 10 30 38 27 42 26 6 4 14 43 45 45 29 50 44 13 21 46 39 24 45 45 40 44 33 23 26 4 46 26 24 28 46 30 37 19 37 43 1 4 41 12 25 23 10 49
11 16 40 39 21 21 45 30 1 17 2 42 17 38 20 16 44 25 20 38 33 30 15 7 31 7 20 14 37 39 47 29 5 46 39 10 9 41 7 14 49 16 4 7 50 17 11 11 18 33
38 3 45 28 23 48 29 35 45 26 39 7 49 42 31 41 45 39 34 28 31 39 26 36 22 29 28 34 49 33 24 38 50 32 38 44 47 6 10 19 50 17 35 28 41 45 4 19 10 39
50 16 10 37 34 46 12 49 46 18 33 30 41 36 50 46 26 17 22 13 29 7 9 10 50 14 24 8 2 21 36 20 15 35 11 6 41 43 22 18 21 37 3 6 9 44 30 47 2 10
11 13 17 8 43 41 49 43 21 35 47 35 29 36 40 35 34 39 39 11 8 47 15 6 22 11 16 43 36 10 3 31 10 19 17 8 41 19 44 24 13 10 47 9 43 5 16 28 7 26
31 1 5 15 22 36 13 17 30 30 24 22 13 37 2 33 43 43 41 23 44 20 1 38 19 16 21 10 11 42 7 46 48 22 27 47 49 47 23 8 34 33 20 22 4 45 19 25 48 14
10 14 44 42 16 10 14 48 14 35 42 23 25 49 41 40 33 25 7 49 14 17 27 9 29 15 1 27 46 15 6 41 34 29 2 32 11 44 26 3 2 19 12 33 12 35 33 43 13 4
49 33 26 16 31 9 45 48 43 46 4 19 41 50 24 34 24 2 32 4 11 13 44 47 27 30 44 27 34 37 48 35 15 13 50 45 37 41 19 5 18 43 12 43 8 31 32 10 1 8
40 28 32 11 21 24 33 36 4 35 24 4 36 49 39 50 13 13 43 28 27 15 40 15 23 40 36 1 1 17 42 9 1 26 9 37 17 10 21 49 24 34 26 41 39 7 36 26 30 32
1 49 28 39 14 32 48 30 31 28 49 7 41 25 26 25 14 43 45 12 6 39 45 46 44 13 15 5 18 21 42 10 18 29 40 48 17 42 10 9 45 6 8 48 34 35 45 11 50 18
5 26 28 35 11 19 22 26 42 42 2 20 15 43 21 32 14 1 44 43 21 41 11 10 50 30 4 5 9 32 36 28 29 30 31 7 3 9 49 29 36 43 11 26 25 13 20 32 47 12
49 20 37 26 35 26 1 20 18 26 41 30 24 27 29 44 12 25 22 25 11 39 35 49 3 25 7 20 41 46 13 46 16 39 15 13 5 31 39 38 11 41 10 17 24 14 20 24 20 10
5 14 46 13 43 17 25 28 30 44 37 50 41 26 26 38 17 28 2 31 8 41 5 24 47 28 7 35 40 33 20 43 39 48 40 29 10 23 45 12 3 26 44 32 38 27 30 44 17 47
47 17 4 46 36 14 3 33 14 20 8 45 42 31 17 41 1 11 20 38 28 33 40 30 6 11 20 40 45 8 32 4 36 30 35 19 41 2 29 20 5 6 12 25 16 30 44 31 35 31
1 1 2 40 14 30 44 41 47 14 43 9 32 9 43 9 28 33 17 43 14 17 4 11 9 30 31 21 15 34 27 38 21 7 50 16 22 12 37 34 50 9 30 23 26 35 5 42 13 8
43 5 27 16 28 35 35 13 16 43 5 15 33 2 23 11 41 16 37 26 9 24 22 4 33 9 35 44 46 27 43 16 27 27 33 22 25 22 27 19 31 26 46 30 33 39 19 37 21 27
15 41 24 43 1 48 7 20 38 34 16 47 40 11 1 20 7 43 49 25 27 8 2 47 38 41 47 38 20 48 47 31 4 37 36 40 13 45 48 24 14 49 18 36 33 35 2 18 23 33
25 11 23 7 7 17 20 48 24 39 14 23 41 38 35 16 40 10 6 40 6 50 34 11 9 26 14 43 1 32 42 40 7 1 27 29 42 46 6 33 17 42 42 7 31 27 35 8 43 19
