1938 1880 1148 1913
1798 269 1030
800 698 1222
1694 1517 1122
1005 966 1399
910 703 1981
616 453 1890
1776 800 1381
1336 1297 541
1443 581 362
754 691 379
1917 835 229
167 85 1275
1176 841 1035
1169 233 591
779 504 1753
920 131 1895
1916 1440 964
1750 1643 1810
1639 747 589
1646 1544 1477
903 102 678
1334 1257 567
571 229 1653
1852 470 1917
921 106 1978
1776 1384 45
1254 882 1811
1523 1175 1247
696 292 1364
767 54 1198
727 607 1995
1180 1025 491
1316 109 1788
1741 200 530
1547 870 1916
1744 1389 755
570 424 1880
1808 1194 589
1237 971 854
1556 1426 867
1303 1082 1229
1474 1291 100
1937 1034 1317
1749 667 1116
753 232 1333
1513 929 1057
1410 559 433
1069 59 1076
1900 272 1774
1211 637 943
687 416 585
1638 1169 1922
883 143 947
1873 1050 248
1796 1167 1393
1353 1282 217
1434 729 831
1692 635 1555
1310 224 1330
1937 1841 90
1069 7 465
1727 379 217
1108 250 822
1004 410 1324
1794 280 197
1663 605 193
1577 401 105
1256 854 422
650 262 531
1640 59 1818
1856 1725 1082
1515 1392 958
1034 598 1052
1371 522 669
1689 87 1133
1583 29 593
880 763 885
1342 1131 2000
1142 121 1735
759 637 693
464 11 608
951 189 538
1742 1642 1611
1752 1088 1212
1931 1155 1450
1704 865 1025
1763 484 426
592 550 1478
1361 1117 1724
1561 1106 1142
82 6 1441
768 174 1481
1427 650 103
1846 1032 781
1315 719 618
843 579 884
1172 49 1404
565 297 633
1482 1296 1798
1685 1556 1414
378 364 1095
369 295 9
1308 1156 1841
1594 585 928
1535 23 440
1919 838 1431
1914 1050 1852
1567 1318 11
1812 161 310
1868 726 798
1009 978 1246
661 35 117
1876 792 542
1242 359 1648
1858 587 1154
1336 299 1390
1039 414 373
1866 111 1833
1260 6 1585
1811 251 1575
1002 752 1995
1285 426 1681
1688 1198 467
1481 953 544
1097 559 1933
1690 399 1563
598 280 1444
1760 1709 1904
1889 194 781
807 288 1947
1856 275 296
1585 689 1854
1386 212 545
1261 588 739
1895 1338 1196
1897 459 391
1711 1151 1950
1912 745 1622
1862 462 797
810 26 563
1619 963 1897
374 174 356
714 536 1862
540 297 1312
998 985 1085
1559 95 838
806 175 699
1461 1120 306
813 610 529
1688 451 175
1236 1027 97
760 223 410
923 636 1632
1641 25 25
677 617 1481
1879 743 1093
959 587 708
1703 1204 1906
1731 1679 1315
1663 646 1468
1708 410 388
1099 487 97
1511 1264 435
354 127 209
1529 330 12
1505 161 717
671 605 882
1131 839 1459
1110 791 77
1762 587 1275
1468 1258 1426
1872 1111 1481
303 192 707
1092 769 1127
1365 651 1609
549 251 558
1651 1331 232
1625 59 545
1182 392 792
1479 459 212
1350 105 1883
431 199 24
1605 1549 250
1717 975 353
1802 713 1998
1470 1014 697
1353 80 42
1770 273 1589
1878 1745 1401
1469 573 559
745 221 1341
1183 41 1388
1622 267 133
1478 306 369
1933 144 1879
466 198 5
1298 807 1428
1810 1342 197
1566 1052 1968
1354 169 185
1413 354 1916
903 192 977
1645 1108 1330
881 857 1768
941 53 1502
1642 1432 399
794 166 350
1619 1485 1448
1202 560 1340
1919 102 1672
862 430 663
1920 1109 1523
1240 118 1244
501 340 316
1630 1294 960
879 765 566
1708 1649 315
1353 636 654
1673 1062 284
826 450 1347
899 736 1473
1860 1831 1573
1600 465 187
629 212 215
1374 252 17
1870 271 1287
1841 630 364
917 319 274
1302 289 1929
445 137 638
1856 1526 1797
989 274 276
1915 509 321
765 271 1826
1807 313 1158
1190 1129 800
1639 166 718
1453 550 106
1777 1425 979
1153 309 360
1760 1059 231
1724 1715 233
1870 1820 1083
1162 1114 775
549 461 483
1101 671 637
863 212 180
1623 27 729
973 693 1691
403 208 6
548 499 1761
510 223 1028
1709 40 1015
989 386 1862
1728 1278 825
1643 622 480
1225 586 976
942 532 72
1220 7 201
1684 695 1143
805 774 197
1519 251 1532
1184 820 714
1322 54 62
1891 1569 1383
1417 190 843
1629 1527 48
245 84 1631
1667 945 1127
536 36 1702
1222 1124 105
1660 1127 1998
1669 405 1748
646 443 145
1329 223 204
1692 1523 623
1694 158 177
1566 1424 1273
1672 463 1854
1349 495 286
1453 173 112
906 571 2000
967 421 1378
730 613 175
1143 1109 440
1418 385 1288
1713 1179 56
1869 956 1406
290 177 775
1591 1229 787
1407 1372 1480
745 639 1880
1171 523 96
1109 393 843
1630 420 1485
1572 1068 1805
1925 821 1708
1354 1148 317
690 219 965
989 60 1477
1796 831 532
1796 1028 1131
1214 531 991
1898 1419 518
535 200 83
1514 669 29
1476 310 1703
1818 236 940
1606 610 1029
1068 1008 844
1012 445 1511
1708 991 1580
91 2 361
893 700 334
1818 748 505
1710 998 1532
556 373 1541
1700 109 475
1658 968 224
793 474 486
923 164 1424
1727 1067 994
1278 238 1870
1696 756 1039
1405 1234 1078
955 271 550
1585 358 1950
955 49 1125
878 785 1426
728 14 191
1598 1274 1430
1546 594 438
1600 501 151
1887 395 1033
1453 1438 1717
1416 1108 626
1377 1138 899
1731 216 891
895 559 1945
1599 1419 1706
1380 1342 9
1215 1020 37
1092 922 1272
312 76 64
517 120 554
1602 1327 1652
838 305 705
1832 1055 1190
1844 348 177
1808 1420 374
1810 1542 1427
1751 652 1057
1881 1631 1356
824 299 146
835 127 1874
1561 1476 1315
1363 1270 486
548 119 554
1626 905 1939
635 157 154
522 264 1004
958 410 119
1501 1248 269
1543 94 266
1278 497 1627
1906 683 388
1811 1746 1357
1806 297 176
1903 1110 1368
1404 27 779
1478 716 1579
978 162 1666
1119 842 723
1265 852 1106
1050 901 391
843 762 1059
1483 1406 599
1276 51 1770
395 228 338
1642 1110 1900
103 13 1248
614 340 1283
1556 877 930
1409 1399 1467
1172 839 1565
1234 1175 849
1255 362 302
1147 92 1471
1920 1913 14
1557 184 54
1249 1071 1905
1786 970 1849
740 640 383
1654 570 1889
1884 1481 200
983 172 1100
985 341 524
1519 892 746
1677 1027 232
1548 1406 680
1620 439 1440
1367 535 1022
987 575 1948
1497 675 872
969 9 1332
934 174 32
878 157 1878
1679 888 1089
735 657 1832
1808 1716 1981
866 296 1163
1447 594 1413
1564 996 1141
1195 858 1197
1813 1280 1614
1820 914 1014
1773 482 237
825 438 1840
1843 1172 1004
1743 636 1534
1614 268 1757
1760 241 937
1075 509 625
1886 1030 706
1389 69 233
1803 1188 991
1793 906 899
1425 333 447
378 75 926
309 256 1820
1857 135 1640
1473 810 451
1719 1130 454
1792 1111 1614
1304 945 446
1175 1076 1024
1361 1183 1775
1599 273 936
1841 703 158
966 245 558
971 651 817
1905 1449 1350
1407 908 1144
578 436 1662
1811 1486 1401
1843 1195 560
1365 388 1587
1282 972 729
714 286 877
1643 1516 901
1844 216 128
1704 1324 1041
1648 461 1190
902 323 535
227 21 224
1617 501 1470
1827 1105 1317
872 870 1873
1583 636 341
1633 193 784
1285 858 181
1914 1378 1435
1877 227 1510
1400 140 573
1028 68 92
1137 747 113
160 151 1023
529 45 1562
1127 791 1703
1926 1770 1571
1622 1561 683
1063 758 1938
1453 1228 1800
731 538 497
968 626 785
1924 950 35
1860 513 108
708 350 1318
956 57 1442
543 524 457
1816 1209 1560
757 49 1161
1369 911 38
1583 5 808
744 594 502
1836 98 202
1152 1040 422
652 634 206
1517 1473 1588
833 510 1400
1199 175 1334
1685 1142 714
1827 824 1507
1107 737 1395
796 707 955
1668 785 227
1784 686 937
1188 99 285
1361 1189 1372
466 259 1573
1275 197 1447
1931 286 1113
315 252 509
1469 88 30
1937 825 333
817 593 626
832 282 81
1402 1053 79
1788 1434 1105
1155 471 1549
1423 1384 348
662 609 636
1592 457 316
1797 891 231
700 580 1789
1732 1535 1405
1873 501 689
1494 1080 31
1418 1130 15
611 396 403
469 418 1697
1381 872 1682
1751 526 935
848 147 902
1859 1268 930
1185 11 54
437 344 1047
1898 302 469
1648 1099 1793
1551 908 512
1843 1372 1729
1110 427 807
1834 677 1414
670 135 1298
1783 1110 1143
1745 636 1018
1833 526 695
232 65 1852
1604 1062 184
1639 1595 462
1482 566 1928
1659 578 822
1819 49 1070
1785 791 691
1416 265 462
1788 795 964
1045 755 1007
1690 756 1084
1405 964 730
298 82 391
190 169 1921
1822 1459 849
585 406 1059
958 869 1295
1772 1735 626
1287 715 1099
1363 935 1438
1237 663 674
1207 947 715
1923 914 703
1330 925 814
817 484 1403
1932 1300 15
1723 1124 1617
1280 346 1759
1277 1023 910
1305 1237 1604
1420 770 1875
1487 771 752
924 816 1849
1414 1368 1899
763 1 504
1249 841 172
1811 1492 1350
1526 623 167
898 61 1677
1770 1631 1957
1777 1726 1621
1836 1175 1830
684 522 22
1067 246 121
1182 8 526
1440 1026 1852
993 363 1984
1583 873 52
1712 778 1339
487 42 1843
1364 815 656
1226 287 472
1778 1461 164
1679 263 205
1517 1095 748
1399 1007 399
1632 367 1366
1692 897 1009
1285 120 847
941 184 1081
983 373 1459
1124 528 1313
600 434 455
1771 1766 457
1008 678 106
1627 1319 1473
1864 182 36
411 257 353
1007 231 1322
1628 1504 455
640 254 1691
1672 1207 269
1916 1882 1417
716 361 1854
1325 4 1343
238 221 1590
384 320 1384
1856 1551 585
778 741 1603
1040 327 784
1538 1056 492
435 289 214
320 215 1848
1472 475 891
1100 147 1452
1426 1097 1348
1031 422 155
1705 843 370
1480 1105 1621
1011 365 1736
1424 230 484
579 290 1129
1159 911 1320
1229 995 576
982 694 354
1541 1486 168
346 214 424
1560 1113 467
1751 399 1648
1090 63 458
587 266 1546
1891 1164 1801
1037 992 1021
1550 181 1335
1197 1036 244
1325 1251 2000
1930 1748 1740
1836 1466 116
887 330 482
179 12 1340
1587 87 548
1489 868 1661
1870 351 741
1134 16 1111
340 256 189
1772 829 1973
384 97 543
466 416 1366
712 603 1998
1443 994 258
878 765 1797
453 241 723
994 904 765
1825 65 1939
1284 1262 1301
899 827 1188
1336 285 518
1352 12 1492
1639 1635 1889
1669 1342 1163
599 44 1050
1875 1531 1631
1909 1788 998
1205 904 679
1911 724 975
1447 455 385
741 6 39
732 119 1167
1311 284 1230
627 306 824
1592 1552 105
1811 319 1239
560 280 1003
932 448 482
1582 340 1981
913 735 304
1201 266 396
1912 1115 1225
1732 1594 825
434 259 251
1900 1699 1630
1744 1158 430
1579 443 1949
1582 161 117
797 337 830
1380 433 1745
1505 1073 1666
1169 935 1670
1641 1503 1578
1785 126 1035
404 296 631
1430 1147 1265
1472 1445 1108
1620 1326 1436
1495 1187 1341
1751 174 1122
1838 650 1290
645 455 1979
1635 794 193
1408 73 160
1433 367 1516
1789 249 1063
1635 1435 934
1715 216 7
1718 1328 711
1418 639 1830
803 608 1921
1606 1274 75
1698 1304 464
1745 418 694
188 64 793
1652 1410 1924
957 924 358
1914 1819 324
1651 2 262
1920 799 1086
1921 1348 1003
193 16 915
1735 163 801
1673 332 1570
310 6 1630
1304 604 704
1640 1588 182
1212 356 1270
1407 309 1485
825 706 1949
1376 76 1203
1732 375 1196
1451 997 1429
1134 631 1859
931 791 1274
1814 865 1147
1714 1430 440
920 559 975
1900 1079 195
667 661 861
1775 945 477
1620 145 519
977 384 330
893 829 648
263 211 297
1915 1245 1620
836 308 262
953 125 1667
1348 1336 95
945 597 1042
1375 950 152
794 363 1317
1190 765 1502
622 114 1522
1862 782 1649
1738 840 1609
1344 1277 900
1424 1287 1722
1391 774 1540
1552 1423 168
1075 358 975
1511 94 1575
732 185 1170
468 149 82
1503 343 1741
1756 1235 680
1448 52 1462
699 199 377
1123 572 1765
1374 637 1889
863 852 114
1632 12 1834
1812 531 1755
1138 853 477
1560 1005 278
662 602 497
1746 1462 1258
327 22 479
1512 827 1345
322 295 186
1808 242 941
1406 1141 480
1932 1029 1818
1011 531 1567
1430 1287 461
1339 849 1087
842 591 986
1060 98 465
1462 1404 134
1216 509 1482
416 85 819
1847 438 1887
1570 550 869
1167 141 429
579 139 803
462 54 1200
1915 630 361
944 52 1842
735 439 554
1114 1102 1250
1642 430 1041
1688 1434 348
1414 448 616
1180 1093 148
669 593 1350
1867 919 859
412 38 202
1167 363 1376
1777 806 338
74 69 160
1347 446 1153
1660 1425 355
779 728 1950
1645 434 1912
447 418 1638
1478 861 507
788 747 1286
1434 1288 1239
1117 904 1253
1292 933 239
271 65 1453
1088 865 547
1297 317 1506
1159 1140 1061
1544 872 1883
281 7 192
795 213 429
557 100 1481
955 101 710
1552 917 671
1109 682 701
1636 719 1571
1920 849 1089
1043 992 952
1678 941 1196
1342 303 59
1051 458 1989
1659 1607 1383
1143 243 1260
1353 486 30
1372 694 413
843 310 1509
387 352 364
1329 521 503
326 105 1215
409 297 1590
1155 777 1448
1437 80 1273
1809 632 652
749 301 1555
1726 414 917
924 542 527
1406 1134 292
453 100 1898
1827 1636 141
1839 1018 1288
810 592 944
1748 461 587
737 659 1141
817 379 866
1457 354 1370
1555 964 1497
1887 687 1742
1906 626 335
1226 332 722
1101 339 1387
290 26 785
766 308 1812
1622 1604 643
980 537 82
1549 1462 1227
851 690 320
1842 755 1751
1166 807 121
300 134 267
1377 1360 673
1394 838 764
1539 122 1279
1283 1082 1850
1802 500 1321
1842 527 176
1451 975 1915
937 821 113
745 380 1867
1402 812 692
980 465 842
1042 3 1044
154 110 345
498 190 453
1864 1110 559
1186 996 1152
1888 1169 1095
1253 10 188
1692 1547 698
1643 337 424
1370 1134 824
540 328 1373
703 77 578
1930 592 38
1791 108 1863
1069 755 601
1436 776 929
754 160 442
733 499 1513
1140 422 231
1204 240 955
1406 784 1300
606 293 1948
1822 328 1133
1690 1200 215
935 895 76
1304 1271 277
1393 55 228
1651 814 339
1306 869 407
369 152 184
1594 1366 1570
1279 1127 53
704 592 717
657 165 1312
1813 1653 1210
1458 754 872
973 670 922
1641 66 1352
1659 705 1365
1722 108 754
1063 310 486
1441 1395 295
1168 574 661
1747 1345 662
1812 1574 566
1559 1480 831
1201 306 230
1122 765 750
721 344 1367
748 254 1608
911 27 1061
1390 544 311
1262 95 1720
1111 945 207
1607 1181 408
246 91 583
1250 60 605
1807 1062 671
1581 1561 1167
1258 477 911
1005 907 1128
1038 690 1138
1634 715 1504
1486 23 1143
1753 280 327
1931 677 789
1727 263 472
638 20 199
1732 148 755
1517 1467 958
464 352 1364
1199 1 699
680 355 1769
767 714 472
817 501 1086
603 56 1727
557 352 1542
1755 679 485
1027 25 1338
1260 948 320
1597 268 1017
1384 149 674
1440 352 1666
1833 75 1618
1064 657 156
776 768 1420
1743 644 836
1493 1202 560
1702 263 980
625 236 673
1303 348 167
1021 645 1187
1336 604 1442
1344 155 1638
576 470 535
1389 1264 285
647 627 1097
1678 1334 1251
1775 1090 1547
435 308 338
684 564 1834
726 59 751
723 266 1383
940 746 236
1028 357 1572
1207 508 53
1379 473 1332
1134 830 198
551 38 854
1773 131 60
1399 164 1308
1350 466 1948
1647 1484 601
1324 56 1522
1883 1471 474
567 10 44
495 289 719
1638 713 23
1002 190 424
1516 368 284
671 569 345
1933 437 1359
1316 20 253
1587 472 195
1326 314 785
604 265 176
1859 1432 1411
1428 1139 715
1838 1555 1608
551 324 1669
913 636 1032
1242 410 36
1496 1292 1629
1709 1142 589
1589 1252 1911
437 61 1547
736 106 191
1673 1547 663
1418 1311 1420
744 370 295
1010 364 281
1492 1154 788
915 23 830
1330 715 670
1649 989 1915
1897 552 236
1621 1603 1537
1120 864 1238
1762 1083 136
843 301 514
1100 830 1086
1707 214 1436
1360 1209 1140
1167 502 562
1909 1436 1382
1593 202 1698
1767 1492 1515
890 805 1808
1376 136 1511
1194 1077 236
1545 424 1131
1259 810 1461
781 537 1724
1349 182 1538
1845 414 1349
1032 913 1406
619 99 1224
881 383 1875
1484 879 73
963 557 772
1371 27 37
1934 827 866
1907 617 924
1419 1194 220
1354 871 148
1570 1116 983
1811 255 1750
1738 208 1066
1642 610 1947
1472 93 1015
1463 1178 306
1764 230 1866
1293 402 1885
1606 449 152
1793 1571 153
1017 365 1568
1296 949 4
685 626 1930
1911 1481 1626
1491 1127 876
1788 1416 806
224 148 555
663 616 828
1837 1380 459
1236 555 1485
1287 705 255
1822 101 35
820 27 1582
981 303 870
871 645 1614
362 18 1167
1749 1085 1224
1889 653 685
279 58 1342
1617 577 1477
796 750 1848
1807 1021 1820
729 538 329
821 505 994
1320 671 1856
1161 374 591
926 854 1520
786 490 785
1038 767 1118
1512 801 671
1706 555 1476
1509 313 1511
1688 418 169
708 181 1098
860 811 1478
1506 1272 1088
1337 1125 783
777 77 1492
1734 920 134
1269 1257 858
694 500 1044
1676 7 397
984 329 1223
948 137 1947
1728 630 1632
1804 1759 1209
328 164 305
1623 283 1814
1082 701 39
534 517 638
1200 439 18
1171 811 1565
1702 898 1444
1914 405 508
1669 1385 6
1865 1264 1473
1834 562 1702
911 713 877
1857 1531 452
1138 397 199
966 420 1405
1135 609 809
936 71 564
1493 1021 467
1370 1141 138
1193 202 17
1593 1209 1853
1899 1107 79
1351 480 486
760 591 1063
1331 1084 919
1514 184 667
780 271 1131
1096 605 125
1391 575 239
1533 713 458
1232 585 1618
979 691 1613
1171 635 1894
1533 704 1918
1830 9 210
1193 1039 749
1306 1273 707
921 201 951
661 233 1533
965 852 619
890 381 534
657 18 838
1717 962 1471
1202 1039 740
1926 564 737
1233 345 1236
1293 839 1555
1489 263 493
1415 914 1221
1416 472 355
1228 88 179
1092 840 889
1758 26 410
1103 729 1342
1811 490 1494
954 66 1265
1033 196 130
1899 710 1838
1026 1017 676
1881 1824 1344
1302 376 802
1328 832 1478
21 2 857
727 427 91
1729 215 1533
693 596 223
1665 144 350
1920 748 1290
1230 347 1959
1479 775 1650
1518 1274 1394
1415 109 1856
162 148 818
706 214 1157
564 92 1289
1802 1240 1697
824 466 1935
1538 798 1695
1764 219 1060
1804 221 637
1396 916 1165
1606 1422 1041
1436 325 1573
966 299 186
388 249 105
1023 951 906
1393 935 393
1055 277 1412
1329 148 427
1738 40 782
473 428 1536
1751 22 1623
1208 915 910
849 238 830
1341 1220 1659
780 99 1717
1189 974 731
1190 892 438
1824 125 1384
1884 1402 1304
817 9 390
1506 294 770
1753 1071 876
1134 293 1055
1490 782 66
1141 452 1024
1588 143 261
1001 791 711
1401 158 589
1700 1284 1013
357 157 310
258 119 848
1790 123 104
1665 568 1425
1203 330 1900
1711 1671 1199
1814 259 1737
730 533 1469
995 376 1050
747 386 1070
405 91 363
1003 485 1649
1653 97 775
1313 1012 383
1281 1227 335
1911 1650 260
1409 357 1115
1838 1075 1535
1377 969 1233
718 62 1137
751 40 1157
1479 1088 1979
1801 1643 1727
1734 451 11
584 462 1884
437 396 1885
849 676 1781
1084 84 671
1874 816 1552
703 518 758
1539 416 828
1137 841 30
1144 652 1617
1718 1578 703
184 144 510
1225 991 92
1640 533 886
1933 96 641
1021 459 1099
1117 603 1579
1846 1815 273
960 726 438
791 338 1542
1105 554 1838
519 369 341
1896 1208 1921
346 101 74
1528 285 41
1715 144 988
972 72 1600
1433 1332 606
1213 1160 227
1661 77 1123
1068 640 655
1592 346 495
626 494 1077
1851 489 1763
1895 1301 664
1789 829 676
1885 260 1217
867 726 1889
617 394 1255
753 200 886
1820 1803 1498
1639 545 1731
923 356 1582
1378 1228 729
891 679 7
1933 925 1552
1192 144 267
919 131 987
1119 672 76
1797 58 1104
1861 1106 744
1936 1858 667
1807 108 1938
628 470 776
1433 358 586
1053 309 539
519 111 833
1604 812 675
994 864 1748
923 420 1248
1539 1106 30
1149 975 1998
698 593 1712
1813 258 586
971 446 1209
1628 945 1224
1508 344 1883
900 184 977
801 290 1071
1697 872 89
1648 720 293
1810 195 513
978 389 1331
1245 960 1848
1699 922 1501
1501 13 1426
218 151 1792
1717 1302 1043
1773 1727 1431
725 571 1798
775 387 787
1593 931 1569
1805 699 351
1415 778 1211
1417 370 95
975 156 1847
1801 970 1285
1290 568 825
993 600 1797
1492 463 1545
1334 284 633
1505 192 1062
1714 10 1100
1705 1358 149
326 115 875
851 472 718
1558 1475 1120
283 45 181
1778 1656 1274
1011 309 1197
1823 428 360
861 832 1637
511 497 920
1184 922 416
301 174 1417
1697 529 1029
1253 229 449
1304 736 1721
1390 884 1403
1480 154 498
1649 906 31
1115 722 65
1864 194 988
1508 1054 302
1606 539 648
1181 410 201
261 197 1134
1777 487 1554
1653 22 1144
1733 1353 175
534 108 1875
1295 1202 824
1202 417 1384
1268 1008 481
1153 803 1871
800 254 1213
527 124 1736
1299 865 1134
964 359 277
679 477 874
1053 1050 384
1618 1480 41
1268 594 1634
1319 645 1578
1043 333 1129
662 517 931
1874 1655 1735
1621 248 1746
1020 717 1814
773 481 255
1809 1478 1268
1109 1098 712
872 166 446
1768 1365 134
1837 1516 1824
1873 1734 600
689 215 411
284 173 6
1722 1296 1999
1019 47 1101
1478 1309 287
1868 600 1273
932 889 982
1672 961 514
1708 706 1658
360 212 578
1192 259 1849
1800 1706 1652
1747 991 1763
1611 1013 372
1663 1262 1874
703 526 124
1099 871 1281
1365 299 1874
1782 1588 928
886 305 711
1751 585 1801
1118 950 1805
1811 1161 788
1769 1094 737
1635 1343 1180
1145 528 1032
991 935 355
533 202 97
1156 1025 11
921 870 51
1830 747 397
1716 1181 56
880 844 1966
389 200 63
978 75 1473
1878 474 1161
328 145 54
1728 372 757
1608 360 581
1796 111 899
1902 1110 1248
314 301 1734
1875 222 656
1738 608 1346
1406 812 1814
1730 434 1202
1726 1277 1249
1498 1186 1942
1452 857 1419
1891 1167 1916
1863 1577 485
943 29 681
1040 315 528
1922 521 558
1532 819 1386
1611 1552 1649
1525 220 1093
1061 886 1212
1404 770 1827
804 449 693
1635 669 966
1602 473 1431
1277 520 12
1763 1740 1386
1288 336 1914
1109 435 1836
979 16 1142
1876 1621 1390
1371 321 736
1713 1665 913
1905 653 1907
1268 803 596
1492 1453 617
978 4 686
1127 581 1918
924 855 1317
1839 1625 559
1068 93 1189
1699 1391 1731
1641 1093 1763
1684 346 842
1746 1546 1290
660 620 268
1378 66 1999
1252 1186 1799
1765 1109 543
568 168 1714
1936 42 1298
1807 474 502
1682 11 1958
1173 646 1598
634 391 1287
1926 1053 1762
1728 1326 1819
1935 1757 42
727 680 928
1556 1336 351
1579 350 780
1260 843 451
1360 1253 384
1549 760 64
967 68 1951
1018 60 1254
1567 1519 1446
725 617 841
1925 1333 61
1400 296 1885
1648 672 564
1611 1201 1314
831 727 932
328 199 1732
1385 86 18
1835 894 1243
1792 1701 27
1506 898 1657
1926 1702 901
1732 1178 1030
1421 1239 56
1430 767 1164
185 10 1793
1288 430 1476
1399 865 897
1885 1215 1970
1014 316 1349
1726 222 1295
1842 130 224
1546 407 1163
1419 268 1924
1227 527 109
1780 506 982
1746 1485 975
1903 1646 1036
1425 231 776
1740 1004 1853
412 380 414
898 834 1514
1630 1041 191
379 299 647
827 591 1852
630 491 1690
1826 1472 1374
1405 890 108
1554 1192 1482
1846 809 379
1557 330 1304
1777 1167 366
1890 1592 1019
831 468 1222
1668 11 519
1832 913 526
1388 255 836
1599 1191 1183
385 293 574
735 168 1718
771 150 1928
1916 1818 36
812 735 313
1339 853 966
1167 513 1588
1241 102 716
527 145 590
373 35 402
1899 615 1645
1892 912 767
1821 727 1315
705 277 1723
1795 196 855
166 34 1436
818 536 859
1473 63 1611
1504 1159 160
800 399 1059
1814 732 272
1077 50 1310
1181 836 167
1287 1178 73
1368 218 1081
537 195 558
92 88 1
1329 1272 1096
883 505 1485
1918 611 150
1679 424 1953
624 486 357
1838 1118 956
980 191 891
1329 515 167
1045 120 1729
1909 905 153
1908 77 794
1371 405 1308
1790 949 1290
1682 87 1156
1097 998 47
977 937 527
1167 1125 301
1858 707 1653
1097 525 885
1737 1732 1386
806 421 1553
1837 1074 1963
1444 384 370
1775 739 466
1122 760 607
1211 490 869
1582 568 1868
668 530 1898
962 772 269
1428 1282 1427
1555 1382 353
1547 207 890
1263 528 1141
1563 556 872
854 225 473
867 591 93
844 138 97
859 222 1857
1460 1109 110
1052 113 1305
1487 1091 760
1707 959 1721
1250 708 1263
1470 1344 1007
1466 202 1016
903 628 55
831 106 1293
1014 560 1022
1226 530 1500
1573 501 674
1294 786 1763
581 287 1774
1092 578 1807
679 583 345
924 820 649
1678 1553 278
1872 679 1266
1192 1113 1727
1639 649 1971
1021 456 1118
1765 23 1472
1728 1671 1427
1611 293 1797
1333 1036 552
1476 954 1058
1133 577 550
1721 1028 1643
1322 410 1080
691 66 1752
454 339 1787
1674 660 282
1865 385 1131
1574 405 1631
1567 375 810
1610 352 1400
1088 1049 98
1386 27 322
736 74 76
1410 279 720
1795 1755 437
1860 1802 953
1147 697 873
367 153 1925
1030 276 245
572 528 1343
573 222 1088
907 259 985
596 429 1957
81 46 380
1051 806 1288
1739 1514 1310
1509 280 1366
1822 728 588
1451 1235 249
669 294 137
1425 1287 1068
1056 322 792
1137 597 150
184 149 1413
1016 963 752
1366 777 1691
1787 630 856
1884 1459 1646
1412 146 1948
1590 970 1492
1537 1306 1014
1921 1912 349
1768 1125 779
1650 1129 1510
881 712 103
1916 1420 159
176 91 1420
1270 1217 1979
1669 1286 146
1027 242 576
1593 1055 1888
351 25 430
1066 70 1952
197 69 1262
884 373 1995
1328 468 1764
1485 577 1753
295 239 1229
1839 1418 376
1435 1000 1901
1190 272 1930
1308 834 1685
1514 840 368
802 793 1664
580 18 533
1934 1673 782
1369 904 35
1281 274 1436
955 750 1857
1339 909 825
1496 403 971
1386 1309 769
1731 1418 1716
872 284 49
974 781 1792
992 633 1917
1551 1043 1831
1736 1187 1162
1862 199 567
1216 250 379
1670 566 954
672 363 1320
1932 1144 978
340 143 329
1857 524 88
1851 98 1051
828 696 1729
850 720 398
61 48 1189
1008 689 125
1668 580 587
1602 1300 665
844 514 1510
360 249 1156
1557 43 1734
859 778 1680
1751 980 541
1570 1086 112
1903 2 210
1302 564 1701
1256 678 1514
1901 841 1475
477 402 1194
563 267 1439
1881 1573 1897
450 435 1548
1550 1008 901
683 578 1177
1797 350 1825
1402 1280 1917
1417 650 25
1155 901 1737
761 111 43
1727 1307 575
1374 1024 87
1649 453 513
1511 1162 1790
887 110 386
813 292 38
1198 907 57
1910 1686 1929
1211 556 61
1875 435 821
788 70 150
1917 177 954
1627 1272 1481
674 117 689
1146 353 887
1301 1023 521
1908 764 1843
1391 1088 1454
732 189 49
1815 35 1127
823 180 70
1150 1128 1806
1220 570 1023
688 16 1369
1273 48 230
1336 656 5
1907 622 872
1015 232 66
1797 366 790
1651 1163 1078
1155 131 1621
1398 531 1218
1888 1789 733
1556 20 1340
880 227 1859
138 61 762
1706 1601 1106
915 696 1590
1867 1473 291
1845 306 698
433 89 512
1346 463 1116
1533 1051 1403
926 289 646
994 886 1568
1627 731 1886
1328 920 933
1088 145 1593
1176 418 1128
1885 323 1427
1412 1022 1029
1085 925 817
950 709 1291
1652 875 1751
1164 439 377
1925 893 781
447 49 1951
1801 944 483
1938 89 1782
1651 247 912
1429 1040 1483
734 250 383
938 737 922
877 381 1796
1706 309 1223
1535 615 1710
709 541 1356
1219 746 1348
1033 87 1161
1905 1549 1186
1405 281 1052
755 281 92
1660 429 424
1427 1256 488
1886 473 1183
1373 954 810
691 100 1665
616 551 1882
336 328 305
756 499 396
1116 362 296
691 644 1010
1643 565 702
1626 128 1244
1889 787 1149
1921 1228 1377
1742 1652 1008
1049 396 297
1847 613 1585
1926 1652 1114
285 170 485
1491 812 364
1169 990 1220
1818 62 1014
280 43 1934
1225 658 518
1689 484 1867
1631 1118 481
726 518 297
875 805 837
697 306 450
857 608 511
1002 580 173
1193 100 1115
1824 1496 1394
1177 778 1755
459 28 1369
1432 716 1943
1869 1738 1006
1341 363 1044
1912 865 629
1410 126 660
778 219 828
1611 36 558
1898 320 549
1670 623 687
1861 850 1374
1601 1242 514
1060 771 1527
1220 985 575
286 63 1339
992 42 338
1694 49 461
1574 368 1735
1880
1451
677
1383
1341
1822
1092
554
1194
357
1353
830
132
1729
614
1236
1394
1495
201
880
1848
906
697
587
708
1205
1002
1716
497
51
122
1187
1671
615
894
846
1276
1686
1443
1285
707
1879
184
1218
1507
482
158
1877
172
1021
749
237
670
440
43
163
754
1935
196
1189
914
327
1812
291
1182
1711
506
1887
1597
761
657
950
1778
654
611
560
77
1576
724
1170
877
1135
1231
651
325
292
1719
1582
1082
664
1932
1346
621
371
449
258
919
719
1010
1536
827
869
296
396
552
1318
726
1143
87
1479
1710
1912
391
1208
940
704
760
808
1064
1745
618
573
1347
187
1193
1839
926
1065
547
1930
1022
202
52
1005
1165
1516
1421
1175
1011
928
1545
471
687
126
1110
996
1592
1039
351
95
1237
5
1603
723
556
772
272
1725
1149
783
1071
935
15
550
835
1101
1121
1463
596
491
1526
947
1249
812
1827
805
1838
64
911
661
1734
1697
1801
1496
1702
139
862
231
655
1687
1033
1364
1026
1060
1446
1539
1567
1078
720
1273
521
407
1440
1035
1329
1591
444
328
1924
404
1688
1527
1903
1478
1174
543
518
3
944
421
252
555
25
864
608
993
1758
1852
189
525
301
1874
1330
72
1620
1301
1853
1707
1327
276
225
1615
467
499
1148
845
653
702
644
1602
673
756
1690
386
1008
1365
326
847
920
274
559
1703
686
1469
1419
513
1738
1056
725
195
1491
34
1934
1230
146
282
936
335
1224
745
434
182
21
155
178
135
1488
1083
1036
47
1607
26
1338
1652
987
832
1530
912
1090
851
1219
1547
1506
537
836
1587
1505
387
105
863
261
106
412
269
94
1438
1076
930
1637
1176
705
545
1324
216
822
1384
57
1655
80
1824
1648
581
1461
496
1531
1402
1669
941
945
1917
1304
453
1061
680
1226
370
730
212
937
1400
1442
1072
575
865
841
840
1057
1666
1116
287
424
1145
1616
165
1037
510
124
1340
1391
844
384
1517
1746
169
968
582
455
574
1173
1239
186
263
16
143
268
6
117
1894
895
1780
489
1348
1594
1321
1179
1579
1749
1294
713
890
170
462
121
1720
1678
399
343
1375
1625
1331
427
647
1920
795
411
363
33
825
147
946
1102
250
623
96
32
771
1161
76
1420
599
1640
696
932
1859
1206
232
1322
1399
1588
1404
109
167
1661
1233
915
823
317
967
721
701
523
1355
1704
1427
1335
843
901
1075
553
561
1361
1255
1672
995
717
565
558
239
1258
1831
1559
27
1118
91
896
1296
1
616
1600
1709
1795
284
1641
706
542
1096
602
1793
1387
1019
584
1447
908
1544
1423
494
871
210
426
1886
855
364
1658
1674
1207
1457
220
1764
1743
464
295
463
1685
729
123
347
1815
1913
1760
1646
470
892
358
898
1586
171
793
711
1277
750
19
1377
1274
322
448
1610
1726
593
1256
320
712
757
1201
1584
818
607
410
183
1001
1730
431
254
776
256
1768
956
1629
1820
1821
1851
853
498
1124
1925
1722
1380
199
1290
557
303
493
1343
56
634
1248
1713
133
1512
536
1332
1080
1897
1042
361
112
1799
801
1830
1849
814
1928
487
595
1349
675
142
685
445
837
89
1875
451
1574
346
1097
1696
1792
1263
1651
1425
66
1009
369
1759
665
1243
533
1528
1480
355
1203
23
1538
1613
807
1264
522
217
917
517
1845
858
784
585
1100
988
465
1773
333
175
1581
1501
849
1482
824
979
1692
1123
1063
1325
1701
1573
1198
337
1140
1265
1373
174
1647
1813
41
1878
1147
965
1608
1396
598
1424
1598
1113
266
764
806
1895
1360
305
1030
290
413
1159
1406
905
1844
893
977
85
1774
1211
980
92
1426
1665
193
1742
1034
922
1622
755
748
1809
1937
1117
454
1896
1807
699
888
1433
860
376
1585
353
433
693
1787
829
1262
785
1368
24
1046
1050
698
1333
907
190
1577
242
744
797
1190
1195
185
1487
1192
1371
1415
304
854
1059
538
1319
1238
544
1151
1410
1546
1721
1776
1497
1737
1417
804
1154
948
768
532
1240
1694
882
1049
524
624
878
378
500
788
90
1275
1563
1156
1537
479
1242
1191
367
910
656
885
666
1561
1269
1305
1053
140
161
1921
336
603
17
597
160
999
1856
1575
461
1571
31
1521
779
786
62
1804
1350
1031
650
400
39
628
1693
1106
884
1171
817
1515
414
388
689
736
437
1898
811
1863
1418
1794
678
79
735
1186
148
571
1405
902
1564
381
1882
1611
1715
318
879
588
1639
1259
428
1085
44
662
1933
1155
1510
194
648
1843
1842
205
1872
1837
71
1197
173
1522
1823
475
1144
1568
1370
1649
1228
1542
612
1150
682
826
1590
293
1300
1241
1565
129
224
452
1914
78
340
1922
20
1337
1385
684
1434
83
1081
97
781
796
203
1435
405
375
1462
1058
1381
1286
74
341
1626
1222
149
1732
1634
294
1271
1554
1178
752
690
1132
1282
809
373
1717
1766
1074
255
1476
1867
1747
535
1104
204
1302
1493
620
490
1336
420
1789
1079
1871
1017
503
1395
753
1617
8
1289
658
235
1229
418
468
931
362
1163
507
125
1094
59
1389
1490
641
978
1698
1108
28
429
583
1378
69
206
668
1570
1486
229
144
1369
323
1472
909
1825
1252
1557
116
457
180
512
1699
636
406
763
1631
128
1735
955
1889
245
709
777
12
236
1785
619
1876
211
1200
67
1873
1904
1184
380
1800
310
983
576
1772
951
929
594
319
45
742
63
741
401
1439
982
1513
731
1927
1761
1234
1288
492
1562
606
1635
828
1866
1508
75
1177
309
1359
1464
642
1029
374
460
1718
99
1087
1684
1535
1869
289
568
1188
1605
727
530
1642
120
1323
971
857
1858
875
1714
46
1164
480
1664
567
1040
281
1120
331
283
1467
1908
257
432
101
383
1643
913
953
228
247
1810
970
1152
390
867
1459
630
1683
1448
188
834
1860
887
1471
439
1708
244
42
137
925
334
997
392
734
509
617
897
1247
1215
629
921
1864
10
262
1328
1283
868
639
1141
1653
1543
166
813
566
177
810
1854
324
632
1786
1077
569
408
1292
213
219
548
1450
790
1254
1139
1225
1181
1339
737
939
1025
1086
264
111
416
1572
1911
279
1905
775
344
360
1677
192
1456
627
338
527
1901
852
1534
1900
1129
1907
1796
872
1769
1398
456
368
1748
1638
943
780
700
1320
794
1657
1739
1906
241
9
1413
1492
214
1028
1731
1798
1623
1221
1363
1865
1293
108
787
1084
900
164
1136
1700
1857
277
1069
1297
1048
1209
58
300
1012
1679
349
1216
1376
469
873
856
1261
505
249
1372
1114
976
1314
259
1367
223
1790
450
1013
1728
1549
839
4
38
1902
1137
1278
903
82
799
312
1088
356
377
1107
501
1166
998
1673
315
577
1923
1833
562
1068
637
1317
1705
635
991
1465
286
345
330
1881
1676
65
385
35
586
646
1449
1167
601
572
7
1802
1670
622
504
271
990
308
1723
1885
502
1015
866
1091
1832
1441
443
49
743
1630
1624
733
638
233
1829
1524
916
37
1000
1130
592
838
1868
208
1436
710
1926
529
1752
1555
1814
265
495
1533
1041
36
1429
933
104
1024
441
226
1727
215
240
962
1122
481
329
1862
1494
716
1755
1411
1112
1358
1007
1168
288
321
1032
222
1612
466
1202
113
1244
1388
740
1307
966
773
1514
1138
973
1636
1485
1128
985
478
831
927
1523
972
1468
1689
1460
1412
488
1284
604
299
663
762
1357
1841
1342
850
1556
1741
107
714
766
1306
1929
1260
671
1126
1628
1452
2
73
508
243
688
1870
774
889
1909
1884
1775
1098
981
419
1797
758
551
1235
246
1172
485
157
578
13
1736
152
715
103
600
379
1589
1706
1103
438
1309
474
1466
1756
234
590
366
156
1712
1593
1055
1621
1518
1105
613
669
605
422
652
127
483
138
1751
1788
514
1183
162
389
789
516
1043
1403
989
1936
307
425
1210
14
1109
802
1018
1695
1754
676
1401
1038
792
316
60
1910
564
1784
1656
484
1566
923
1846
739
1553
1006
1806
1916
1268
963
759
986
859
273
738
1540
118
1047
1153
1133
694
1250
393
803
1313
280
683
1644
415
1246
1217
1891
248
1437
703
645
1014
230
1803
1560
942
70
625
68
1354
136
48
1500
270
969
1352
88
1199
1604
1583
486
1489
84
227
365
1303
1578
1251
350
458
1733
1682
1650
816
339
1633
959
342
1777
1422
1558
1366
1724
1601
1893
61
546
820
1070
924
221
352
1529
1356
660
1127
1287
1763
1483
130
1504
1816
354
1618
29
409
1668
1499
1291
1162
1509
1931
1767
395
382
1667
1093
1111
1073
114
1632
1915
974
679
541
1819
695
93
1783
285
1379
1393
718
1659
819
1232
528
1062
477
131
1445
218
1484
53
1280
1771
1892
141
1223
200
436
1326
674
1051
197
1453
1458
1475
1654
1257
1808
848
1663
1212
1253
891
1691
1805
397
1919
1386
540
964
1481
1408
1344
1855
1781
1840
1125
815
1397
1753
958
751
1099
934
1213
176
1428
1169
1316
275
1023
1416
40
1502
473
1918
1818
1519
168
1362
472
633
1744
994
722
1569
1883
1054
1131
778
1281
782
115
50
430
1180
1298
1580
179
1619
402
960
403
1779
102
1606
691
952
1204
207
591
1817
643
1067
938
1520
1511
253
1020
1299
732
1027
899
1596
770
1609
1158
747
1016
1266
1595
1740
1345
1762
1750
446
1390
842
359
1470
198
311
1662
159
791
1503
1089
423
1811
30
98
1474
297
119
1890
1351
511
100
870
609
1861
1270
1134
398
1308
1003
372
667
1160
579
54
154
1847
1295
1430
1550
1498
1220
957
86
631
1432
476
992
1045
767
1782
1272
1142
728
1552
435
1757
278
874
954
975
640
769
298
417
442
800
1245
1004
1315
1675
55
151
134
918
570
672
1899
1627
961
1392
1826
1548
1541
267
1279
1551
153
1267
1431
649
447
1374
526
1407
881
209
876
1312
314
150
1119
11
251
1660
1444
1680
1828
1532
1214
459
181
692
798
861
659
563
515
302
238
145
681
539
1115
1311
984
1835
1765
1185
1599
886
1836
1157
589
1681
1146
626
1382
1938
1066
610
549
519
1414
765
22
883
580
1334
534
1455
1770
332
1525
1850
1473
833
904
1196
1095
306
