2000 3000 45 2000
507 128 1815
1893 1007 1913
1844 109 890
1950 1270 51
639 575 774
1450 1374 517
1714 1684 1730
567 108 246
1910 1052 449
1153 61 276
1789 669 593
1213 679 737
783 84 898
1277 825 41
1392 1238 849
1872 849 1136
1713 812 480
475 179 799
797 172 1414
1345 756 52
1879 1194 1373
1268 65 1001
1701 269 1945
1438 937 1125
1264 485 640
1028 133 1124
1494 416 639
1645 1568 484
1589 434 326
1603 304 843
1597 136 1210
460 7 1249
1960 1057 1700
1985 1378 237
537 274 1911
1822 1157 955
1729 173 235
1859 584 164
788 445 112
1448 1358 1184
1418 319 254
1775 1627 268
660 464 1658
1571 1350 1595
667 524 1054
1985 33 587
1752 1244 379
1262 97 201
1890 67 273
1314 206 1221
471 224 839
1005 159 1364
1692 1644 1301
1970 526 714
1536 713 797
723 346 756
540 27 526
1621 1308 959
1999 1434 264
728 375 705
799 87 1188
1066 353 14
1979 1274 1718
1569 522 233
1748 1014 793
1661 1516 96
1536 721 1942
318 162 1665
1420 1177 1874
161 72 1739
1523 972 1590
1930 242 1397
1254 27 1390
1863 395 271
1423 1247 1466
701 684 1739
1071 533 1377
1142 670 194
1678 933 142
1545 998 1590
1433 180 1896
202 147 1025
1963 768 1884
641 340 377
745 286 1419
1816 1595 1103
1413 1024 1567
747 517 95
962 908 1926
1319 317 1187
415 221 763
1805 1046 1648
1582 273 1530
498 326 1317
1219 180 107
1944 264 1144
674 430 25
1489 416 872
1890 1122 884
1682 748 526
1365 11 404
1812 765 632
383 249 1860
1640 1099 1892
869 341 968
1403 1395 1190
1793 1787 541
1776 461 652
1289 431 194
1850 256 104
1628 1463 1640
1394 660 902
1513 1141 1915
816 619 1759
1351 465 855
1637 175 333
669 472 1516
1259 1185 741
1452 139 329
1000 130 373
1814 1194 636
1407 1373 1941
1174 505 260
1970 1207 291
1619 583 300
1679 1558 1027
1869 1520 1139
1359 320 178
1028 805 15
1699 127 796
1660 238 245
1870 1627 1860
1251 434 1955
1310 1292 1099
527 373 1022
1739 288 1821
927 363 1227
1733 1229 1338
1513 571 1213
1690 824 316
1488 1053 1791
1277 172 1700
1804 1539 691
1677 1288 1715
385 137 645
1499 853 1139
1165 285 1598
1195 8 1337
873 501 1231
1638 545 993
1508 94 202
968 400 440
1841 17 667
1033 518 654
448 372 957
1917 1045 1963
1948 1571 14
1971 951 1061
1557 4 253
1166 424 1032
1765 43 758
457 389 1473
674 17 1015
1184 927 1908
1386 853 14
666 580 1018
1348 1022 1710
1495 970 478
1612 703 547
1164 1043 1416
1969 141 733
819 640 668
1754 1251 1647
800 721 1924
632 493 1220
1912 987 374
584 198 1147
1207 25 1918
1570 1174 550
1602 1140 1076
1655 791 482
1872 1133 310
949 829 1312
1715 1173 1500
1593 1447 593
149 57 998
331 6 1435
1786 920 484
1321 578 123
1800 792 355
1928 570 848
1950 1724 54
1417 943 560
1596 1107 1031
1471 814 913
1954 1520 400
1937 1131 1242
1436 502 979
1096 86 1390
421 355 1219
1039 874 633
1225 39 1244
725 80 274
1012 957 1193
1942 1108 1049
1432 903 1340
1862 200 739
1769 1568 1936
1514 1280 1587
1820 929 1152
435 170 1852
1711 310 1251
1441 829 1545
620 379 1823
1978 515 134
1361 224 824
1756 1134 1393
1964 551 555
1400 93 309
1209 153 793
1745 1491 1241
1587 166 821
1555 1266 1886
1748 210 396
1174 801 171
778 205 650
1074 304 1501
1957 1179 415
1668 792 594
1611 432 50
1851 1346 1422
1931 1784 220
1461 267 733
1992 20 493
760 746 442
696 535 837
1574 162 579
1623 289 302
1765 935 308
1978 106 798
1804 667 1107
1541 1248 1257
1558 182 418
1019 175 262
1467 1247 1802
1460 1323 1756
1561 461 1197
1799 1316 154
1696 679 1273
1489 832 1960
1507 835 86
1856 367 1725
1948 1114 369
1774 158 345
1915 1442 1079
1816 524 162
719 329 1234
1092 630 1583
1884 1048 1330
648 212 386
1425 725 1029
1830 715 885
1211 902 1760
1420 505 556
1098 678 519
1414 1265 1580
974 428 1573
1613 409 1637
1784 1319 1915
1827 501 333
1683 1180 1184
912 882 405
1683 228 320
652 158 516
1360 572 199
1555 1133 435
947 66 1604
384 265 409
1300 332 16
1386 647 524
1572 1471 978
1928 1440 1938
1230 1179 1532
1861 1684 1848
194 96 1700
940 5 1280
1993 257 1031
1841 175 1430
1878 435 1219
1285 143 581
1664 126 161
1152 252 1302
1757 1287 1286
1121 384 444
1591 5 1238
1543 11 1486
1166 913 169
1323 278 876
1344 20 1913
1777 297 501
473 258 1091
1734 967 1571
1685 1170 647
1626 383 1127
1749 1499 6
1238 661 423
1270 1143 1977
1909 1380 209
1204 320 1510
1020 79 1585
962 46 688
435 61 251
623 21 547
1994 783 712
1472 642 652
1953 1543 1941
1724 894 962
560 313 1536
599 288 466
1702 1652 1182
1309 595 1531
418 107 495
1786 550 245
1407 281 1411
1414 1114 219
537 162 826
575 415 1396
894 239 335
1355 51 1290
1593 350 861
240 54 1497
1851 816 1662
1701 1294 1534
1873 911 842
1055 126 1555
1095 265 1889
1827 124 1844
1391 1048 889
1854 1153 390
595 143 6
1719 342 906
1822 649 706
1038 180 417
1542 95 186
1931 260 664
1182 875 471
1865 1187 744
1489 766 517
1434 948 72
816 545 180
353 24 1183
1480 762 1707
338 240 595
1850 932 1888
1421 358 1925
1667 1513 263
1068 345 429
1977 1102 956
1644 1312 1852
674 197 301
902 858 182
1802 1746 658
570 201 1487
1987 1007 150
820 113 1542
1185 1021 418
1324 109 552
1983 691 1560
1587 622 1052
1752 662 1121
1027 115 112
1877 1085 1301
1475 42 1826
1758 1093 1868
1645 904 1469
1976 1479 1587
1100 532 370
1493 1189 1896
1734 1604 1335
1648 387 1229
1767 895 373
375 209 189
1830 850 1484
1913 1569 1523
983 900 1329
1822 1569 1194
1927 186 1232
1527 523 337
1064 841 868
704 68 1638
1406 845 1661
1883 1511 1935
1424 708 171
1209 511 1933
1954 691 264
1067 233 250
1555 903 1398
608 372 4
1387 6 669
1731 1677 71
1994 865 1235
1874 1781 1038
1813 786 1382
1787 868 1387
355 35 1790
418 50 1346
1118 766 186
1587 542 757
1555 1198 55
1189 738 599
1605 1304 832
1348 379 1220
1462 933 475
874 477 758
449 395 312
936 621 307
1636 920 1470
709 606 267
338 45 1904
1404 987 726
645 434 483
1213 517 601
1786 1525 17
1844 1573 98
978 659 454
638 561 36
1569 1497 586
1291 1233 987
305 44 1692
1876 1066 619
328 120 1786
1631 810 931
1860 1754 1078
1093 240 1952
1925 761 1954
1109 120 183
1872 983 764
1694 55 1392
828 220 194
608 431 1252
1345 1317 209
1095 578 145
1845 1656 659
1115 866 1092
1180 190 1077
1522 269 1260
814 298 1519
1895 1234 1160
1851 1216 522
507 192 722
444 186 1700
1801 317 169
1898 1418 335
1884 138 845
1972 1694 439
1851 1432 1333
1970 1570 1824
1964 324 88
1966 1325 680
1433 1149 1378
1915 1383 938
1304 381 358
542 237 1182
864 721 402
1609 578 1553
849 413 36
1943 1802 1960
1673 1647 65
459 177 1457
1589 1102 1743
1167 833 1630
1967 611 208
1908 954 918
1916 763 798
1791 990 943
1229 769 130
1028 483 1344
1885 89 568
1177 498 168
682 566 336
1354 433 1117
1138 634 739
1134 680 514
1190 743 1851
991 856 1369
1243 167 157
1752 540 1605
1406 175 1802
582 135 669
952 791 1241
1440 890 968
1852 1648 520
1787 121 1851
1704 203 1615
1639 18 1375
1427 553 1833
1837 194 1388
1958 628 292
1239 1080 1015
549 526 157
1600 603 931
1444 922 1682
1568 461 290
1445 1441 1743
702 452 1837
613 382 460
1124 1123 1388
1262 437 378
656 386 1635
1695 1531 203
1146 585 1374
1958 699 1496
1229 777 1489
1957 915 40
1281 1008 1422
1515 663 622
1608 1598 413
1971 1844 863
541 294 1654
1168 843 1864
270 167 1747
1642 248 1436
663 124 804
957 136 1170
1966 1633 24
1133 1099 636
1686 1061 316
1626 852 1769
880 215 1123
1392 266 259
1133 203 20
812 355 1366
1301 719 922
1269 969 1667
1928 1091 1196
868 842 1505
1913 1554 49
1777 1516 281
1774 804 1395
1745 180 644
1451 818 416
1711 1465 543
1484 1018 1624
1873 1324 1178
1222 375 920
1669 685 1138
1972 1880 1253
634 225 888
1396 163 1006
734 15 1365
1784 227 1047
1820 548 125
1002 49 1017
1124 824 1487
1468 121 1395
815 672 192
1165 431 754
885 768 1045
1636 523 1352
1047 1026 338
1978 1724 1485
1735 615 59
1891 1446 618
1842 932 1989
600 491 1197
1365 435 930
837 429 147
1267 1155 60
1823 1527 1525
1888 518 394
1672 855 104
1208 1142 155
919 195 485
1733 984 553
1338 813 410
1359 411 796
1842 1151 283
875 604 1149
1458 236 1920
760 539 340
1612 1516 1762
895 378 631
1267 253 475
1848 871 1176
1897 706 1802
824 493 576
1772 1106 1285
1447 1440 530
892 758 1254
1922 1474 30
288 120 986
1572 1560 1629
1476 644 1048
1856 927 177
1941 83 1819
1624 88 1988
1607 886 22
1280 302 1385
590 268 1884
1451 1188 1246
1827 1306 1609
1975 1100 1163
1493 200 1546
1886 644 1258
364 253 632
1452 629 726
1851 398 872
1701 1058 1938
1032 464 120
1310 262 1936
1683 538 1270
1421 222 439
253 182 1344
1848 78 949
1975 221 573
1406 1279 1970
663 485 1389
1431 274 1247
696 79 1645
1989 1729 1095
1456 555 339
1206 286 77
595 349 298
732 276 930
1292 559 64
1999 1601 1652
1964 1617 1908
1300 487 1410
1009 149 1003
958 821 1802
1769 865 203
1292 970 1959
1748 1368 1213
1550 424 1310
1678 871 202
1296 510 912
1778 225 113
1321 250 414
1780 872 387
1055 955 1911
1420 395 994
1870 1823 1760
1378 1220 1223
1254 173 124
1561 1338 314
890 815 362
1619 94 48
1188 437 585
1608 1123 1851
957 309 176
1942 1771 328
1637 1154 138
1067 133 129
1431 99 1052
1872 1807 1064
1749 904 1052
1137 1108 620
844 52 364
1430 643 1515
1446 1137 453
1221 739 1847
1806 289 1104
1586 1063 1546
1434 302 1775
1712 200 553
1251 1220 1443
1645 581 245
1025 663 407
1603 822 969
1315 725 915
1400 16 1463
863 378 632
956 633 101
1964 236 1115
888 710 238
886 157 1201
1376 301 1526
1311 51 484
1009 440 1664
806 190 1846
1682 1162 822
1766 313 1114
1798 57 620
1442 956 870
1491 1308 1455
960 718 1796
1343 842 1657
1530 915 1229
1051 949 653
496 299 1652
1210 486 1200
1229 197 1240
1997 1382 1477
1066 103 1225
1867 1245 1286
1844 852 1093
1579 29 1931
1312 500 865
1634 1377 1110
1327 456 798
1309 188 912
1680 1265 508
1605 1308 833
1494 1428 1766
1646 902 504
1951 1326 1799
1376 215 419
1561 414 1943
1348 1077 1664
878 381 1400
1646 1095 1708
1708 1706 701
1995 1565 229
895 272 1470
422 119 584
1547 146 1390
1356 407 467
1860 1856 1718
1605 1015 1852
603 395 1762
1271 512 12
1821 14 1495
1032 428 800
807 543 1812
915 846 1857
1863 803 535
1075 535 1867
1432 1260 1693
1979 637 876
1303 735 1548
1721 14 32
1971 669 845
1160 604 1364
1801 122 504
1948 1249 1560
1272 907 1000
902 719 1708
1751 1581 1308
1821 374 329
1995 1668 431
1335 1072 1817
1982 11 752
1275 1035 1674
1903 1612 892
1945 13 992
1754 904 1022
1729 769 1628
1456 1232 1783
1770 1677 1264
1677 1605 954
1682 823 183
1567 456 1140
905 800 214
199 154 1647
1802 690 1275
598 197 1099
1882 266 1354
1611 855 451
758 492 1911
1344 6 1712
1987 792 863
1397 1296 1122
955 89 872
1244 911 232
1976 1804 1418
1980 1450 554
344 288 1581
1495 557 638
392 188 1681
712 473 799
1654 404 340
1648 587 563
1999 102 284
982 515 1533
1776 212 705
727 343 1859
1653 1094 1896
1997 1398 876
1193 1154 1905
1983 390 206
889 11 1342
1729 1022 777
1865 392 48
1376 249 1079
1590 715 1459
1641 890 317
1712 1277 1188
581 273 1497
685 522 1587
1692 1308 1320
1482 71 836
741 360 691
1602 1387 683
726 494 1070
1498 1299 1944
1765 36 832
1522 1426 1028
1802 1544 290
1096 173 1957
1621 459 935
1619 1340 1506
1976 914 383
1282 935 325
1012 343 1141
428 324 1264
1440 391 377
1115 617 1352
1328 501 1936
1536 475 363
1829 1827 1351
1047 31 1347
367 264 1592
913 753 448
701 568 256
1384 1284 1856
1711 1536 1340
1728 426 334
386 370 819
1100 888 1824
1290 610 154
1772 360 763
682 181 306
1272 1047 996
1792 21 295
1022 148 40
811 84 805
1568 338 1015
1789 457 1131
1179 21 959
1567 18 817
1237 1062 1090
1665 1126 1462
608 77 1895
1671 603 1064
1218 447 1402
659 632 1817
879 285 1354
1321 552 1634
1297 846 803
977 494 1188
1845 1400 1836
1840 1009 1669
1858 1432 1181
1227 194 847
1590 614 742
1641 1026 1339
1159 1130 1147
1557 1340 640
1567 936 217
1235 39 234
1362 1020 1807
1095 1064 1707
1010 15 1132
1778 664 552
517 2 71
1975 903 1957
1624 227 1209
255 146 1131
438 1 127
1309 454 835
1848 565 1742
612 528 310
1315 448 112
1057 462 640
1444 355 317
922 43 165
1908 1611 1724
1543 1449 158
1888 928 1980
1263 355 1382
865 292 1204
1678 487 1092
1401 326 1619
1566 375 688
1676 1152 404
1528 990 1811
528 459 1023
1624 481 447
764 642 1256
1734 1246 232
1436 7 983
1318 1159 1110
1872 1401 665
1395 1159 1582
878 400 118
1088 426 709
1112 1027 832
1038 578 1205
1961 87 1472
1538 50 1343
1444 1374 140
1572 1098 1300
1536 920 55
1607 1321 1284
1556 351 1189
1864 1030 903
1260 60 1812
675 507 343
1943 1911 331
1070 384 60
1555 490 1274
1733 305 1697
1401 283 665
1706 75 1826
1634 1488 1305
1795 877 1700
1803 52 1117
1207 1172 265
793 50 432
1017 21 1737
1968 146 292
914 301 1562
717 163 624
1956 678 1606
963 281 1187
1854 1264 372
1496 908 586
1288 918 913
1330 536 1381
1968 21 1736
1396 1269 1464
1083 1013 1672
1976 1677 345
1848 1182 241
1578 1230 46
1663 174 984
1649 1468 880
1700 1082 652
1905 1314 811
889 423 126
1947 547 860
1928 1488 496
818 790 496
1629 801 1619
1666 372 1605
1890 1875 1572
1729 229 261
1396 568 271
1858 1732 942
1601 1390 1550
1535 717 1232
444 201 1516
605 86 687
1274 301 662
781 260 922
1163 504 110
1253 735 843
1484 1154 1576
1475 1373 132
1584 445 1264
1804 341 1102
1962 696 1984
844 542 1497
1827 1195 1261
727 32 1805
487 238 381
537 123 1535
1639 975 1193
1548 1196 427
1442 1225 592
1148 366 1086
1767 408 1301
669 355 763
1705 456 1945
1598 57 1202
1741 465 845
1834 1681 1037
1636 512 953
1971 666 1641
1938 1292 1545
1777 499 89
1925 1285 1037
1617 1495 159
801 377 794
1990 1689 327
1614 1463 470
1001 961 1404
1168 1150 476
1961 1197 30
1646 364 342
489 249 162
887 494 1224
1621 1207 1735
377 64 1116
1461 163 1459
1958 1841 450
1265 596 221
781 490 1466
911 449 710
483 250 1427
1511 75 703
1447 1118 672
1327 228 1369
1805 1551 1707
1194 599 558
882 533 1399
1795 1411 1356
542 397 1455
1374 305 1649
1551 1164 1755
1622 1442 1913
703 179 345
1020 189 1560
993 872 677
930 239 42
1896 1871 1646
1893 526 1671
1962 166 776
623 217 1610
767 417 132
1360 749 664
1898 486 833
1678 1331 864
1461 1175 1760
713 682 1355
1673 1256 635
1912 382 221
1894 1250 151
648 363 60
1807 1253 319
516 181 459
977 689 1316
701 354 1412
1647 213 882
1593 1162 882
1894 728 481
1402 69 1121
1984 145 721
1928 1586 1240
1845 319 359
879 435 1259
129 24 1397
1943 270 997
1828 334 1904
1901 355 536
1088 229 692
737 290 770
657 357 1137
1853 1125 1230
877 293 1356
1636 1495 1147
525 278 317
1943 197 1086
1156 56 1677
1981 567 840
781 254 1796
1267 1249 1163
1801 1028 1580
977 251 183
1165 1089 1912
1708 707 963
1950 1177 430
1142 830 927
1156 584 558
1795 829 598
1834 1652 1172
690 660 1289
719 495 109
670 250 848
433 289 301
1429 1217 1869
1772 519 1619
1378 1194 944
1464 1298 1521
1768 195 219
1202 1067 77
1395 896 91
1249 236 1200
1709 248 84
1110 166 536
220 50 202
1370 201 988
663 16 1102
1656 975 281
1894 655 658
1554 6 824
1064 88 1619
1915 652 827
979 59 701
1352 1311 1983
1502 1256 183
1728 1245 1971
1938 1545 28
1460 1042 198
1343 100 646
1075 465 767
773 466 1296
1532 58 1192
793 169 1466
1024 480 116
1712 1190 417
994 849 553
1956 626 226
793 665 1963
1945 781 815
884 579 444
1593 239 1934
673 611 570
1917 146 642
1968 462 1888
925 605 1615
361 331 1011
1799 1666 1518
1307 888 1667
454 37 1481
1565 633 23
1166 742 1305
957 345 1983
1755 431 1447
1972 256 495
1085 332 1865
762 648 372
1524 1281 1194
409 249 1496
734 237 1132
1455 434 983
623 111 1543
1519 162 1769
1891 896 1836
807 505 1208
1470 904 96
1122 516 215
1339 1196 632
1452 1367 1200
1850 1541 1362
1565 767 497
1728 1350 1269
1175 174 1385
1026 307 519
481 131 1542
1777 860 1580
837 143 110
800 741 375
1502 158 482
1502 636 940
998 60 1769
1744 1475 1181
1235 74 42
1067 506 1239
869 125 1234
1820 862 1876
1613 436 287
1141 813 1220
1828 219 221
1344 1237 1837
1556 216 196
1257 150 1032
1352 184 1729
1559 1263 858
1296 1211 1057
1947 1104 1085
1408 30 866
1990 1740 87
1873 906 250
1581 1498 21
1345 57 260
1363 562 916
903 302 1827
1656 1141 1595
1095 553 1285
953 600 1433
591 52 860
1373 766 1205
1495 1040 1973
931 92 432
367 349 779
1539 656 661
1362 724 1623
1708 680 463
1224 201 1546
1406 1116 1214
1549 628 573
630 309 568
1364 92 1370
1253 977 1726
1023 81 655
1758 549 1718
1826 1502 1222
699 216 1879
711 77 1098
1656 220 1061
1319 229 147
1587 294 1245
920 601 1236
971 631 643
1055 1001 1210
1732 1617 104
473 433 1320
1699 1062 1569
1161 999 1148
1001 996 103
1768 1393 1206
1463 421 233
1876 290 252
1820 886 125
1692 1079 378
849 284 659
1741 1128 1814
1593 889 693
1180 382 267
1935 389 1420
1874 1028 1510
1362 744 1528
1829 268 1731
1212 427 687
769 526 171
1645 1076 1354
1954 1389 1399
229 29 1431
1895 598 1387
1924 72 1115
1763 1257 208
1877 1382 527
809 142 1313
1097 198 1863
303 183 253
1274 749 486
666 43 971
1683 617 1128
833 117 873
840 787 659
1537 171 1759
1131 782 1318
1962 311 677
1072 57 562
611 513 505
782 416 540
1761 140 1882
1311 1171 1802
1725 369 1778
1978 1451 460
910 543 1461
1799 720 560
1676 1558 500
1695 703 1404
411 306 846
439 105 1953
1729 642 1040
1515 1313 1134
1267 1116 1916
1993 287 1591
738 140 1871
1186 783 1875
745 743 1031
1831 480 1561
1405 1039 812
688 358 548
1373 690 53
1541 804 39
1669 470 711
329 250 972
184 64 587
304 278 263
641 516 695
1931 1006 1008
1982 823 1979
551 260 1387
142 47 1985
1584 1102 1050
380 92 1119
1791 1366 1954
1020 110 1595
1142 78 173
1433 62 645
863 283 47
735 117 248
1332 1207 1508
1744 1592 1185
45 14 1826
1912 739 938
1162 1117 1899
1929 616 1885
563 210 479
603 274 1104
1988 745 146
1840 1685 1656
1493 750 897
1867 1783 687
1905 1443 730
1099 478 1043
1142 524 1371
1062 472 1358
1890 924 696
632 458 1407
578 355 1473
1640 770 1330
672 640 94
520 335 1734
1961 539 1828
1320 1145 542
1118 4 535
1290 616 159
1858 1217 453
1649 890 552
1543 1002 1204
687 288 1521
1976 942 1672
1897 681 71
436 384 926
1232 800 1809
898 838 1377
1134 252 1147
182 134 740
973 860 1526
1866 613 705
1221 698 157
848 102 689
1990 1565 958
891 82 1246
1860 1550 1158
311 291 219
718 31 1769
604 566 1971
531 276 1390
1756 1052 945
532 209 613
1920 501 325
642 103 1675
1219 257 1916
1957 33 801
584 553 1046
538 468 1513
1385 370 9
620 382 177
540 131 250
1573 619 99
1826 1106 503
1903 561 1207
1262 74 550
1512 1181 979
699 335 342
887 102 1958
1211 294 185
1894 1143 1081
858 556 247
1645 160 1963
834 588 1299
779 488 1497
1646 193 759
1141 821 425
971 441 85
679 163 90
1535 1224 765
1208 854 1841
1963 1881 1177
1954 1535 1995
681 621 478
1491 1028 1776
1597 411 1465
1103 697 718
1048 327 610
1203 448 813
1839 864 728
1376 136 355
1672 1070 1190
985 566 740
1173 687 1210
755 209 1177
632 46 810
892 455 1827
1599 764 1040
965 48 1501
1951 948 1561
523 362 310
1894 1239 231
1549 327 854
1514 388 562
744 241 1279
1588 66 700
1492 230 1971
1482 405 1777
1485 1194 877
1344 402 1847
1909 1855 1705
1073 600 1061
1693 931 1317
903 80 1498
933 683 67
1826 1742 1049
161 30 425
1771 404 625
1345 152 1945
1454 446 386
1507 1238 818
1737 1387 903
1990 1363 1446
1244 373 614
1631 668 1992
1942 1005 955
1430 1319 1087
1846 866 270
857 583 1342
1771 267 1146
924 170 400
1825 436 210
940 347 1964
1327 382 1329
1867 1002 838
1379 183 124
1000 826 1398
1812 1715 1968
810 188 539
1367 798 1806
1154 287 1764
1844 348 1793
1415 157 1905
1540 169 550
955 3 1089
1865 56 1294
1598 155 1003
783 327 152
1234 883 1945
1657 1038 1282
1234 1038 1374
329 312 1353
1773 327 846
1243 991 1322
1201 291 780
1970 1371 259
1108 194 902
1044 310 1211
1793 46 717
1347 342 1606
456 167 477
1410 92 971
982 324 1265
992 849 1431
215 158 1121
1013 732 563
681 580 78
255 247 1875
1388 694 1970
544 144 973
1619 562 1076
740 571 1282
1727 1238 863
1302 240 1463
1679 773 289
560 261 507
1510 804 1509
1204 388 1224
1685 1523 486
1447 919 1811
852 125 1629
1783 1181 152
1315 134 1093
992 778 879
1142 142 1202
1612 812 1143
563 191 753
1519 134 706
990 327 1223
1932 405 1649
1928 148 1490
1950 241 1133
1952 164 468
1704 1502 1870
802 108 1890
645 618 1977
1293 318 765
1809 773 773
1719 1110 1168
500 223 1070
1195 104 931
1770 1263 1187
1976 781 177
852 143 1699
1797 272 989
784 250 1266
1216 264 1621
909 885 1237
1758 1358 870
1560 1345 1257
1132 957 1624
1338 721 562
866 417 897
1750 183 1060
1302 826 590
1886 393 1118
1401 1376 676
1977 1362 1925
531 237 1094
1772 853 54
1988 189 515
1630 920 1499
926 777 1130
1048 904 1780
1679 697 115
1553 331 206
1622 878 293
754 605 1404
1580 675 1862
792 126 1729
1654 661 1696
1360 668 1306
773 725 1948
1941 1077 1469
542 113 111
1893 640 123
1183 1129 586
1929 1295 723
1455 1419 1356
1977 444 1314
1177 331 1099
873 430 189
1964 999 1545
1780 1327 120
918 576 1498
594 336 229
1163 241 374
1079 669 94
884 865 1948
1418 1035 1537
1666 95 667
1603 1214 1725
1220 8 1991
1949 1111 1083
1389 699 191
1157 1063 1716
1835 1124 1966
980 648 1843
1222 274 146
1647 272 327
1675 586 1565
1943 87 86
1452 978 666
1948 30 836
1559 613 864
1084 418 1670
499 363 429
902 679 159
1846 809 1672
1242 1237 1673
1416 321 555
1929 1289 1361
1804 158 809
1957 683 1787
1247 391 771
1700 352 711
1623 1301 1724
1996 1847 1478
1898 1833 607
1454 168 1610
1865 1298 1138
319 118 506
572 98 817
1701 141 1101
1966 620 929
316 220 602
835 215 1240
853 852 1196
1185 1081 1634
997 172 82
776 574 554
1211 87 842
869 807 360
1566 465 1763
1820 1057 1108
1027 370 1814
645 551 100
1927 69 80
785 251 893
1445 202 343
1932 983 1749
1918 1011 1482
913 650 1443
1199 607 1975
1101 855 1365
1949 1078 1026
651 272 1489
1627 392 704
1411 251 1985
938 42 1379
1812 1195 1276
1793 1315 1867
1461 583 884
793 61 702
1763 881 347
1964 1795 835
1144 463 633
1629 1492 1392
1913 1066 38
1530 1141 1040
1642 104 1780
503 171 1415
1192 566 1860
1697 1149 1320
1688 607 1978
1339 603 466
1456 441 1916
1269 1173 1227
673 70 762
1206 47 1122
1737 1290 1498
1686 1510 1799
1363 1151 417
1861 556 990
863 650 1149
407 107 1444
699 653 831
1381 1264 1197
1340 833 1079
670 197 563
1428 1052 974
1926 70 584
1356 933 109
1178 466 1711
1690 908 597
1917 236 1906
721 215 1213
979 695 1853
1915 472 603
1728 1075 7
1198 1140 609
1614 135 472
1973 1298 822
1962 507 1155
960 89 586
635 59 1280
1024 272 645
907 372 1759
1172 1031 414
1118 563 364
838 337 1630
1857 1625 951
1748 124 587
492 35 1712
1981 1658 1087
253 190 1705
1453 1112 1396
1956 286 632
807 135 767
1897 501 978
1375 1011 166
1073 7 1121
1535 59 740
989 838 1691
1933 22 897
1967 1237 1595
1189 504 413
1699 574 577
521 282 1049
1162 656 1135
344 293 132
1360 48 720
648 62 694
269 171 737
1681 1138 925
399 358 575
1831 1211 82
1881 1143 1113
941 700 293
1338 191 253
1962 1059 482
1839 274 1295
1241 224 1023
203 38 1013
1412 806 1006
1438 249 1532
1823 1239 1031
774 665 1853
1112 223 473
1187 260 1506
863 428 118
1206 284 1924
696 245 1293
1363 156 846
1848 216 1517
1707 756 72
1891 641 669
1356 494 1524
1981 1169 1069
1879 1422 1237
1758 793 1266
1787 149 913
1864 975 1057
1488 11 1458
1846 304 1285
971 962 1879
1846 1574 32
1259 689 909
1423 352 890
1835 882 23
1598 478 1987
1939 99 1088
1045 635 16
1134 863 593
1070 6 1113
1220 713 767
248 211 1930
1651 173 759
1599 619 1057
1915 1215 867
1565 631 477
938 716 1393
1658 1097 1391
1214 785 637
1467 650 1442
1082 724 331
1012 896 196
473 274 1635
1505 395 137
1266 555 836
1609 1474 179
1339 847 787
871 564 157
1800 444 935
883 152 1420
397 176 1774
1947 1918 990
2000 1675 1138
1459 587 651
822 311 1383
559 338 812
1619 1434 1139
883 757 1073
1548 785 1074
1302 1114 1207
1111 567 713
1833 1508 1457
761 296 85
1108 346 822
954 286 935
1741 730 380
1977 827 1967
242 64 389
1810 1179 1829
1535 151 1165
1916 751 498
784 367 405
1514 1090 927
1325 1137 1102
179 51 1931
1565 1284 1837
1705 517 1964
1444 60 1138
1901 491 1125
496 240 1425
818 207 1609
669 111 502
1972 934 1991
952 840 24
1902 1567 271
1799 1023 1123
1679 189 513
1560 391 1309
1982 641 1169
1027 891 288
1842 1476 1042
1842 169 1823
1438 1288 914
1604 1305 1469
753 351 1504
1421 605 691
1199 281 1313
904 485 196
1233 858 817
929 337 883
1786 1695 964
1092 103 1794
1291 535 564
1942 561 1041
725 353 1064
1198 52 1964
789 740 910
1767 791 1743
1253 1121 838
914 876 1646
1875 455 1764
1906 906 370
1368 65 68
605 88 1394
1718 947 1273
877 863 1519
129 124 604
1915 1495 920
1856 1727 1949
1511 1143 428
943 216 1695
516 123 1134
1783 550 299
1159 778 1317
1889 615 611
1441 485 1214
1621 1174 1184
1949 1823 197
1730 1212 1436
1890 1642 550
730 710 179
1081 287 724
1859 1664 1845
1678 985 1303
618 284 207
945 36 940
773 77 1490
323 244 865
1539 455 846
1768 298 326
1745 935 601
977 782 937
1405 789 256
1587 789 1061
1288 447 959
1144 1021 1961
1468 122 1808
1382 130 1561
1635 1377 565
1270 94 1420
1018 497 1124
1689 1340 1522
1235 1196 1685
1628 390 305
1853 1074 818
1569 1457 313
1473 424 1234
1438 663 274
1779 1091 1279
1689 3 939
1485 980 1258
884 859 1017
646 174 390
1947 1033 798
1054 713 1868
948 734 169
896 425 1414
1792 1582 1045
1173 440 287
721 625 917
687 613 46
583 273 1189
1794 633 903
1935 1775 1742
1437 646 1647
1601 229 659
1991 1729 1186
1547 1503 1877
1414 973 1534
1824 703 1145
1701 1284 1260
1690 15 1320
881 769 257
1694 359 1131
1454 1373 54
1850 609 1457
1813 734 1912
426 321 423
1133 654 711
1358 578 337
1452 1258 1226
1927 897 1565
1414 1244 78
1473 579 1137
837 709 689
1954 1589 268
684 625 608
885 513 990
1324 89 428
911 699 539
815 539 1587
1089 965 96
1150 556 1198
672 607 1310
1087 841 1656
1423 909 957
1232 270 1969
1467 510 1778
1498 604 526
1564 18 86
543 167 1353
1624 1200 356
1948 349 1017
843 312 423
900 9 1288
1612 584 366
1526 946 178
929 352 1319
963 157 1976
420 142 830
1269 287 435
284 137 387
1832 931 626
1442 1174 1974
1500 598 918
1597 154 443
1786 161 1708
1789 254 581
1871 490 331
825 71 1780
1166 871 251
849 647 365
1376 101 1151
1384 1132 988
1995 1904 568
1692 416 1200
1527 996 374
1946 169 1775
1513 955 152
1477 511 1815
1381 735 1460
1435 301 1657
1300 311 1695
1888 106 761
1961 1696 649
1507 305 935
1755 123 1230
419 270 1129
914 796 1906
1492 597 717
1283 901 871
991 190 1305
1983 1449 675
647 622 560
1507 985 1567
621 596 1
1486 384 1331
504 187 424
846 475 733
1116 184 1236
1365 537 45
1137 1003 1567
1910 865 1962
673 299 141
1578 410 372
1504 1418 61
1253 1075 824
1336 613 1397
622 268 1134
712 628 1071
1883 951 278
1259 811 354
1715 181 1771
1761 959 1211
1871 1763 1212
736 682 1603
1434 58 1619
2000 1251 1816
1462 801 789
903 751 1155
1118 216 1203
1174 268 1093
1257 678 1719
1300 717 1063
1707 1112 507
1515 605 697
1470 280 1271
1731 55 1562
1246 1194 805
1047 682 285
652 474 669
222 150 805
872 468 1889
1717 1321 636
1753 916 769
1131 827 1604
1437 597 553
1119 435 1864
1409 1389 1292
1982 140 232
833 160 879
1237 96 1173
1402 488 1056
1926 1729 1985
1823 1108 1126
174 133 1255
1336 154 1118
1776 761 115
1069 986 1590
1319 818 906
343 29 259
1978 218 538
1592 848 681
1856 954 734
1039 734 1862
1874 785 708
1851 741 1598
1282 1121 1034
1974 311 638
352 260 382
1662 1465 1967
882 748 249
1801 606 1895
1677 1472 51
1946 1748 340
1570 1101 696
344 239 1649
1824 798 667
1968 1774 655
1437 655 1409
1307 465 1855
1374 262 321
1760 467 975
1494 1201 912
220 137 1710
1969 1843 1045
1586 445 1747
1780 882 1080
1297 1191 442
1600 509 1605
658 399 834
1450 255 1988
1124 243 1599
1867 294 1323
710 220 98
1160 560 1609
353 209 1891
1283 738 304
1020 213 545
826 545 1694
950 607 829
986 332 409
384 142 1019
1512 791 747
1983 1125 1769
1694 1661 681
1032 486 647
1836 1714 1004
1764 1543 567
1971 577 1865
1021 88 929
1171 828 931
1457 324 1670
1221 373 117
1541 138 1016
1564 570 1794
1639 1597 1957
1580 756 1477
1738 1446 344
1258 1253 1906
1237 1009 1334
1914 1682 541
1635 1496 1251
1218 426 625
354 37 676
1695 83 1493
930 623 652
930 44 155
1022 640 1018
736 375 737
1960 113 202
616 19 933
1662 1220 1229
889 318 671
1503 157 1194
1818 1411 762
1964 829 1151
1474 86 1976
1990 468 796
1776 329 276
1262 1019 1386
688 279 905
1663 167 772
1180 939 799
1559 398 148
1711 156 1759
1963 219 16
1401 1100 579
1756 1053 1658
1922 1556 64
1254 556 1314
1940 1152 631
1551 1076 1655
1034 236 1869
1710 1166 1831
779 662 667
930 110 548
1687 1148 243
1711 200 10
1541 1103 695
498 481 896
1180 824 1435
1930 1288 188
1977 1552 1376
1090 422 146
1312 188 1679
1701 855 54
1910 1713 323
1923 232 847
1155 62 1344
1962 799 1727
1646 29 245
533 35 261
1211 653 1609
726 538 1551
823 164 1821
907 216 1387
1729 66 681
1718 764 1586
614 199 951
1827 1510 188
645 129 1802
1683 258 1094
615 258 65
1495 532 1265
1062 188 803
1391 1353 98
985 894 151
1876 1662 454
1613 1060 523
1728 1010 1214
699 450 1634
786 597 848
577 289 1385
1204 869 263
390 2 1136
1600 33 619
1843 1481 199
1801 843 1000
625 488 1275
622 546 1284
1952 278 572
1903 1152 755
1427 883 295
1056 551 1364
1037 334 1350
1671 1614 666
378 45 986
1617 1558 1361
1570 463 874
1579 1574 594
1197 106 1567
1829 1334 322
1447 555 1664
1995 1447 1037
1725 120 995
1504 98 1904
1905 164 133
1062 864 1095
679 97 1299
1390 381 594
1302 96 1552
1181 2 188
1083 70 1088
661 18 1261
1795 242 33
1586 1124 697
1641 283 1906
1981 1328 649
1209 552 275
1975 606 231
1466 1292 367
1915 416 1296
1798 697 1220
1183 1146 1457
212 80 1710
1206 894 524
1961 1024 973
955 224 575
1204 97 1540
1874 490 808
1437 385 362
738 731 872
1963 814 1424
655 309 356
1334 828 400
1133 992 1531
865 574 1467
1833 1157 1866
1363 924 1893
1163 367 975
1563 1402 1745
1812 456 1426
1515 573 901
1074 615 899
1965 1160 1672
1278 756 617
1400 1034 1145
1872 1077 1338
1883 693 171
962 81 780
668 441 925
1472 1169 1235
1153 882 722
564 153 1755
1026 379 703
1553 882 1282
455 112 671
515 254 37
372 121 651
1901 1149 1904
494 60 213
571 413 643
329 147 1619
1191 21 126
1722 210 1469
1953 938 1349
708 606 978
1055 697 807
1801 1524 1418
1624 865 1885
1171 44 152
1953 10 1727
425 93 667
1570 431 400
1738 747 650
1516 1162 1163
958 3 1607
1818 1168 781
1529 116 206
1926 1598 20
1710 1209 59
1557 1445 3
267 152 591
607 512 22
1771 1538 1377
1421 1241 338
1066 640 1158
1665 1277 175
1776 402 145
1034 258 1361
887 189 1842
504 152 811
557 530 1626
1499 1109 532
1718 1617 1062
864 310 1918
1316 737 992
1649 892 1449
1830 1826 1679
1859 1714 1424
1633 763 13
884 381 497
1261 1232 479
1723 1302 1046
1402 1125 1385
1090 529 238
1322 657 1752
1119 283 18
1384 894 762
255 39 646
746 271 1274
812 160 938
1761 702 481
1290 978 1323
903 594 638
1473 1454 944
1885 15 716
1915 556 370
329 150 1869
1767 1588 1388
1297 1175 275
1392 840 805
915 462 1802
1152 886 628
761 715 1557
1430 1261 1875
1899 780 1093
1286 256 938
689 665 447
1861 453 1759
1842 629 228
613 324 1558
1699 2 198
1294 324 653
1708 347 942
1595 638 1730
1915 872 1665
1290 886 1069
1249 329 1690
1725 729 975
1242 575 1380
1047 650 799
1428 176 527
1383 589 792
1789 609 293
495 180 1433
1744 221 891
1813 633 1386
965 566 957
1925 727 1436
825 428 1132
1068 670 1649
979 810 1934
535 360 1674
106 11 299
1909 947 1898
1929 995 90
1351 988 1769
1608 1385 1599
1740 459 1647
1552 673 1193
1414 713 1804
1600 1420 1085
1019 489 29
1760 1423 85
1244 1134 569
1245 633 1381
1143 34 1902
555 139 531
611 44 913
1784 1255 1243
632 21 1024
1924 950 938
645 294 535
1495 1156 598
1243 789 1440
1354 466 1918
1496 952 1053
604 338 1396
1326 1248 886
1915 1210 663
1483 77 1282
1453 776 475
1775 408 529
1636 1477 1632
610 239 1204
1044 73 1969
1999 1265 1843
1774 779 1868
1070 499 1869
1907 792 462
1793 506 243
1443 1329 716
1058 220 876
975 781 1107
488 176 747
1508 1277 643
1381 362 525
456 225 1904
1102 166 1007
1952 1646 1499
1131 230 857
1970 1038 425
369 353 2
1049 638 431
1111 365 1109
1834 1302 1742
1758 1562 340
44 17 980
1018 230 940
152 79 1688
1047 743 597
379 167 576
1487 512 502
1939 1429 34
1733 641 1044
1992 147 100
1002 184 1668
162 90 1945
306 172 1330
1247 671 732
665 156 1814
1728 1268 929
912 659 1721
1936 1184 135
1770 1564 1416
1735 627 22
840 673 784
1063 843 243
1841 90 291
170 140 1891
1946 961 743
1065 195 1595
1104 759 530
1937 1322 1486
1442 604 1990
1339 1157 118
1416 781 1581
890 865 93
1321 905 255
1938 1276 1472
1208 1178 1044
1353 1047 707
1698 298 1873
1626 1546 1723
1679 1202 957
1234 802 1578
1316 1296 641
1961 252 1265
1179 533 1688
1002 266 464
1810 559 644
1213 562 1817
1839 1783 887
1927 78 1773
1814 1629 669
1960 621 1322
1164 686 655
1857 1698 334
1729 834 936
1841 1436 1694
1438 968 1199
1550 1481 928
1541 1153 518
1259 281 175
1127 981 1787
1875 1276 505
1796 1547 1541
655 640 978
1700 1385 1045
1115 743 627
1565 1142 1170
777 438 108
1375 1208 44
1976 38 264
256 139 1715
1829 710 1623
1121 334 594
568 496 1278
1048 66 760
369 210 551
940 898 804
1448 834 1181
352 324 1384
1771 974 1002
1686 62 1903
1993 521 1767
1194 986 1092
1242 189 1435
1465 1104 1704
1924 1317 1688
875 260 1713
1611 1070 829
1940 310 425
1200 828 662
1806 1276 1128
921 559 1854
1824 735 399
1074 556 1101
943 297 925
1865 945 1703
1574 1312 1626
1286 92 1044
1951 1658 1810
1200 855 1478
1195 636 977
341 324 1582
1832 567 1614
1997 670 287
1052 195 1915
905 85 1092
979 282 575
1773 513 1521
1158 249 1143
1976 676 1235
1707 1508 1076
1807 1627 1469
1020 896 1682
336 1 1910
1952 142 1305
651 280 1481
941 447 968
1925 913 464
1852 29 1713
417 43 201
1296 807 1945
426 118 663
1342 1126 786
1822 1047 120
890 427 148
1175 227 1300
1637 1030 626
650 613 124
1433 413 379
1788 631 1566
1032 44 227
1839 1173 1210
1968 606 762
1761 25 799
1019 495 806
1361 600 926
1888 885 1259
420 85 742
1384 1043 310
1860 985 1339
1959 1535 915
1145 650 1397
1832 1338 1199
1848 182 1473
1047 302 1421
1028 140 1140
1166 614 536
1857 1163 1346
842 459 270
557 181 1416
1870 260 41
1185 1052 179
1987 91 389
1500 1336 358
1127 726 207
876 59 1159
1450 941 362
1328 1143 1066
1552 443 1113
1554 496 1840
1889 700 894
1675 60 521
1259 17 88
1395 1130 999
1076 212 1493
1276 1197 485
1589 1448 702
708 32 1538
1943 1833 1825
1780 17 351
205 136 618
607 234 1849
1203 714 1528
1411 372 1415
1898 1243 1842
1402 671 329
1465 1327 1505
1556 549 275
1051 883 1621
1391 48 259
1912 1564 1565
1894 129 1990
1527 28 1648
1397 1111 1215
1208 1108 544
1308 1045 1778
859 691 450
1148 785 931
698 525 1085
1666 156 1757
1002 249 1075
1446 1115 868
1975 861 119
1331 180 1945
568 194 1551
1125 469 152
1136 600 1103
1476 1467 549
1540 1040 1837
1506 1283 1748
1820 288 1788
1267 341 1152
1357 845 995
1990 1238 1967
1470 1234 858
1261 17 1446
1999 1237 730
700 302 246
1945 231 228
1014 162 1003
1689 1366 1815
1405 3 307
1375 1019 1434
1962 1335 324
1388 804 889
1089 995 1236
961 678 186
740 457 455
531 429 810
1534 867 45
1822 366 1124
1355 324 1422
626 309 858
1459 219 496
1595 1357 291
1792 91 1307
620 48 962
1282 1167 253
1781 1209 1397
930 226 1608
1929 769 176
1160 806 1725
1080 189 840
1090 350 1537
271 97 710
1990 1810 848
1794 1325 1643
263 224 972
1733 743 1896
917 823 1958
1993 1012 458
1602 1438 158
1250 192 1390
1469 439 1019
1879 299 774
1438 560 922
1351 908 706
685 653 989
1066 431 740
1648 1361 741
1353 240 1047
1899 1415 797
1494 472 955
1822 338 896
1417 105 311
507 117 1515
1923 901 986
1256 470 1019
1270 231 591
1734 608 931
1030 507 54
1384 790 1196
841 525 754
1985 740 1287
100 98 1946
857 708 101
1444 635 279
481 91 779
1268 676 543
1180 537 731
1584 497 229
968 514 1014
1268 277 1965
1785 841 1824
1558 1285 1894
1705 1618 5
1137 447 739
1611 1288 1162
1136 361 1308
943 109 1063
986 636 187
1104 683 1269
1940 1339 1461
1396 852 622
1740 1730 1767
1848 502 776
696 300 742
1593 1345 143
1833 576 714
1928 1231 1163
1340 1211 1162
1124 900 1496
1685 143 530
1884 1604 690
943 30 683
1870 1147 733
1382 381 833
1083 192 1313
1934 1870 1914
291 31 949
1570 777 472
1500 624 184
1235 416 835
789 496 752
1170 435 1296
293 218 1949
1391 571 1922
1893 1249 120
1069 189 506
1146 244 2
1720 426 1427
1140 693 322
1258 333 1455
828 476 1857
699 591 1762
1937 1638 1340
1066 732 1146
314 19 574
1070 933 21
1064 757 74
1797 360 1663
1893 1565 167
934 528 1810
1843 1135 1502
1587 1404 71
1940 1879 1248
1843 621 1865
1177 1149 1703
612 345 34
319 30 311
1795 695 674
937 219 1954
1914 505 1530
1207 273 723
1760 636 1145
1398 604 1499
1462 249 22
508 296 1481
1798 415 1669
1210 657 601
250 57 1198
1856 1635 103
1695 1342 267
755 452 97
1922 567 412
1587 1301 1711
1325 1314 1462
1394 226 930
800 67 1505
2000 59 79
1565 1557 1825
1717 161 1712
1798 610 1363
527 119 265
1474 788 416
1192 716 810
1868 1115 1107
937 397 1854
1157 790 1819
1699 1657 280
1834 551 1040
1485 893 1093
1147 243 142
820 231 45
442 358 1436
1171 328 789
949 911 1418
1158 1146 1000
756 737 925
1925 473 181
866 143 390
1879 713 1190
1595 472 860
1663 21 40
1202 287 182
1468 1327 1974
656 326 441
1660 1005 466
1213 483 601
1592 980 755
1553 974 129
731 680 566
722 624 1926
1153 237 839
1580 965 19
1484 449 594
1084 194 796
1944 846 229
488 340 1499
1804 1137 1573
686 570 263
1411 913 1892
1295 480 1675
1399 1312 512
1905 1626 278
1164 13 1748
1675 1422 1980
800 710 935
1010 402 371
1656 862 1633
314 211 1788
892 205 245
441 282 365
1736 165 1816
946 47 1987
1903 620 1355
1863 457 1085
1539 790 845
807 82 679
1420 40 1939
1674 439 693
1458 1406 1546
1732 257 358
1406 1196 1087
1320 798 1609
1345 1322 91
1807 64 1435
1570 988 898
1619 1214 829
1937 1023 1222
1709 1558 1345
452 372 1448
1622 241 1960
1620 640 1095
1703 381 1815
643 506 1621
1231 1034 1325
1658 479 1713
242 7 1375
1317 301 1240
1665 1186 535
1090 872 28
1642 1195 889
1635 486 1778
1396 892 1585
418 96 1399
475 376 209
893 334 497
1877 459 1319
1426 88 561
645 330 1555
1010 607 1413
1833 1460 1538
1360 426 183
1102 77 1520
1388 1099 1708
1798 456 866
431 203 190
1650 1041 1408
776 293 820
1579 211 1120
1469 988 382
1804 80 1214
286 172 42
1586 1423 1460
1370 277 1834
1996 453 1027
1519 801 1634
461 346 916
1806 1635 1551
1569 1378 1527
1588 1494 113
321 141 1781
1841 1811 563
1066 789 1516
1801 668 862
1808 969 1220
1042 386 1971
1174 839 789
920 168 1457
708 561 1076
601 209 881
887 212 97
1136 514 1473
1913 847 4
1965 1058 900
1943 56 286
1819 415 63
1182 425 942
1998 655 315
1994 1872 1605
1375 1155 1499
1344 1065 1753
1451 305 251
1150 81 1413
954 825 1846
1808 1606 1124
1395 887 276
1653 856 461
1105 1012 1885
336 28 179
1861 180 589
1110 836 256
1701 1452 1893
1192 1022 1126
1657 1277 905
1209 374 1419
1099 436 930
1445 964 1622
1090 235 1059
1887 1599 862
1845 791 80
1833 1699 1803
1684 878 1051
593 576 1108
732 263 1727
433 182 1255
1710 309 1184
664 257 742
1421 114 1487
1352 952 567
390 42 1822
1889 1617 207
820 145 447
1283 751 778
1982 1237 341
1730 951 1256
948 291 1914
1698 518 336
822 333 439
1751 32 1605
1581 1206 677
1993 157 631
885 15 945
1746 463 1060
1689 1398 74
1726 1710 364
1200 3 848
1719 113 1222
1334 570 735
1900 63 1888
577 574 1844
784 86 1819
1320 1200 238
1893 1534 1712
1814 419 500
1009 125 1789
895 780 1562
1942 787 184
1417 214 1651
1307 410 605
1507 84 1823
1061 259 1934
2000 796 1321
1310 247 56
1881 1042 562
1093 334 601
1244 1071 1949
1095 733 796
1222 591 1838
1247 815 1180
837 417 551
1948 733 506
1801 1185 895
1828 516 1769
1062 750 805
1228 237 1330
1759 808 733
1233 399 1212
1070 252 1283
1212 670 47
1653 849 1826
980 479 474
1162 1089 1159
795 80 879
1031 530 888
1718 175 557
964 561 1391
1817 179 1778
1492 755 1838
1139 173 1217
1617 859 450
1732 1288 1539
1027 476 899
334 16 1619
1101 988 1561
1562 217 1364
720 475 112
706 54 485
1740 1293 1176
1251 1212 87
1521 1274 945
1051 868 1058
1970 445 1155
1874 1805 1819
1130 746 1242
1957 107 1609
975 91 50
1325 1037 1737
1584 689 1952
1549 1280 806
1708 1181 1616
1965 781 579
639 143 80
493 401 954
1152 637 1965
1256 1056 1888
979 725 15
1210 1100 738
1611 42 1618
1402 91 1969
1528 1147 774
1259 931 1208
1914 1525 1797
1703 60 804
1450 523 845
1605 502 628
710 303 1673
942 234 106
1175 800 1576
1293 880 888
1011 968 830
1797 981 457
1854 1276 1872
1204 1138 1650
1710 798 174
1411 320 656
1728 772 208
696 581 1482
804 396 128
1725 69 1283
1601 664 43
973 142 1320
1831 893 1600
1368 807 899
617 338 43
1787 454 1625
340 181 1088
475 432 744
1519 344 292
1913 1531 963
1787 32 76
1265 794 173
1296 69 157
260 81 1333
1700 1075 1612
1456 364 1792
1096 233 637
1138 917 951
1273 31 1192
1986 1259 1356
1921 128 1865
1533 1084 693
1378 247 283
1953 1784 1882
1439 1086 885
593 554 1571
532 362 373
963 92 1322
1599 1578 401
1484 273 375
1864 162 264
1091 680 1563
1707 1494 1102
1842 437 824
1578 462 368
1681 1462 933
1586 957 50
1453 1109 1542
1053 881 682
1667 654 1939
1312 533 528
1488 440 1111
1888 838 1576
1604 25 705
1569 1567 5
1620 992 991
1776 296 1069
758 675 1042
422 65 1193
1379 993 1803
1157 807 356
1316 1205 173
1403 404 1829
1268 430 1632
1651 1628 904
1444
1881
1466
1957
1313
650
1016
657
309
1523
92
349
6
201
1439
871
1832
1623
1904
1005
602
128
1369
253
582
369
1376
1677
1570
425
223
449
1479
805
289
1200
484
1775
1504
1816
1038
1173
623
723
707
310
1490
1263
1498
385
525
100
361
1150
1460
415
758
1020
327
1327
473
1447
990
1092
1673
1438
1863
1420
53
1841
727
919
592
543
347
1825
498
337
142
1784
1457
1340
649
1694
773
1091
31
1553
95
834
920
1966
62
1719
97
1328
1480
1287
831
467
412
1826
1296
748
1405
1797
126
1312
967
1751
725
135
301
1429
1085
541
1735
421
1917
164
1515
1627
1674
956
472
1972
712
618
983
677
1135
1499
1214
1624
319
1580
1728
1993
923
613
272
1400
1007
1567
1983
1218
334
1908
1280
252
1992
1283
1935
217
85
704
1398
937
212
1265
1372
984
1295
388
764
174
999
1057
1664
546
1700
1539
1741
185
1177
1443
1126
1681
478
929
1484
772
1044
1166
266
1238
705
830
1569
156
1430
1691
688
908
1109
915
66
1458
560
1362
143
396
797
1436
1427
90
665
1619
1471
1464
196
914
379
191
1467
726
1125
120
659
38
654
121
464
91
755
1139
1196
1599
169
535
1407
957
5
642
1611
1481
1115
1257
985
1050
1541
1003
262
1953
11
888
1544
1386
483
680
1790
312
973
1815
1906
1823
416
1258
801
1821
771
922
241
7
554
303
1658
1617
1212
664
1715
250
1915
635
1087
307
867
989
1721
475
417
1753
537
1259
331
1357
1491
1800
107
1099
1982
1849
1910
1994
1017
405
69
513
1213
1628
141
1958
1245
1947
589
304
968
1370
80
207
1015
532
338
1204
1068
1549
588
1651
774
427
199
480
600
1607
1879
1098
1878
1401
294
1088
783
77
1040
1834
1421
1229
1215
360
1652
1472
891
1561
1002
1807
516
1496
1175
1924
597
407
150
171
676
1531
326
1554
411
1733
469
1237
689
1073
1275
1634
1533
1299
1355
1649
295
1478
1805
1065
147
1987
1039
226
518
711
177
366
921
706
1597
34
445
1563
1556
882
99
1773
1419
1300
1182
1441
876
33
1288
1064
373
1053
934
111
1952
1720
943
1767
599
1344
1902
260
1606
647
1058
1043
893
1806
1256
1871
1638
1967
1847
280
1185
1536
868
1951
1585
175
403
959
1159
64
935
283
854
1302
1069
1885
568
375
926
811
2000
1562
1903
45
1642
1686
954
183
1353
339
1596
1680
1545
646
1819
1381
1242
807
975
8
523
1629
1037
152
278
997
1601
1505
1033
1631
362
442
1749
739
892
1095
931
562
675
701
1132
563
1178
1319
251
1616
122
2
1373
1503
1618
167
864
1206
1363
397
1998
1663
1525
254
1062
50
1928
970
1234
1886
1937
614
576
1228
1435
1591
1945
1969
1608
1291
1939
1943
1316
887
1769
1413
1675
1151
129
352
1384
1318
1331
243
1678
823
286
1404
23
1820
391
690
1676
961
1080
1406
1494
1477
1858
1225
402
75
1889
971
429
799
1583
1756
112
733
15
1684
65
1156
1086
292
616
1029
1255
257
540
928
661
1697
829
1442
808
28
1860
1922
239
804
1374
776
61
1698
454
4
593
173
669
1759
20
1856
1364
1148
1483
810
1990
877
1428
1423
995
1918
1360
1857
1090
102
855
1884
78
1371
363
1865
244
1705
1748
1613
1277
1932
321
394
1426
1266
1974
1251
1179
1738
493
1737
485
1489
1791
404
596
1620
784
137
1045
709
1559
439
822
86
440
14
933
796
204
1722
332
1153
1589
1843
533
1311
1399
534
21
994
1712
1356
1864
1785
1786
342
56
227
1476
1445
1059
460
1921
1127
461
408
488
1702
1133
573
1191
354
729
561
1845
615
1474
853
330
1578
1063
424
1853
368
182
1292
913
1432
508
1293
443
134
1114
1835
1446
505
1868
1262
381
1809
979
1024
1130
510
1727
1244
812
1516
1874
550
836
355
557
1999
1706
824
1232
852
1855
1688
1575
1243
1731
976
998
462
1094
638
1914
1167
229
1048
1810
1689
938
180
1025
1233
291
880
832
117
869
96
302
841
1248
1108
737
940
1367
1542
803
1485
746
489
1883
817
700
1495
1174
1798
1171
495
110
1270
87
501
476
9
371
744
842
458
927
886
1830
148
691
265
471
1172
410
268
1081
58
448
109
1061
1332
1978
603
1656
1955
1395
1199
1181
671
1900
195
1035
1687
1605
988
1804
492
1391
1054
552
1614
658
401
284
1082
296
57
778
662
313
703
1335
1933
1193
1216
1851
103
502
571
1103
390
850
1070
949
890
685
574
902
273
754
1696
318
1517
1940
1760
1493
1402
1158
1224
215
861
336
459
1777
1962
846
1201
1077
340
775
1654
1813
1203
1848
124
1415
792
1276
1209
1774
848
982
1394
1854
686
872
1286
1011
1538
936
297
583
1566
591
1520
455
1971
19
621
765
490
1434
3
839
909
1968
1740
1096
105
25
1934
496
279
1301
1219
825
377
1308
1325
1378
819
945
1066
1609
1897
766
1143
245
1789
1794
715
1581
418
1920
1500
730
1365
1625
1980
858
509
925
1030
1119
1060
731
1488
894
89
986
444
435
1249
713
818
1321
1571
88
365
587
586
885
151
221
140
1145
519
67
539
782
452
673
1235
559
1468
1526
1350
605
305
1803
1713
820
13
580
634
26
789
674
1909
1120
209
651
788
1755
18
27
1487
566
556
1690
1665
1075
1817
1522
1105
1123
1383
1960
1776
1729
1031
323
694
992
1557
1289
1923
1633
1714
73
896
1449
32
434
670
497
866
1762
668
1829
1872
1991
633
1961
432
46
1965
875
1711
145
1812
259
1668
1326
1333
1176
165
898
1707
1946
838
735
24
548
747
722
1666
1766
1615
322
74
216
1128
1101
1850
1282
1022
465
1272
1351
1009
942
474
626
697
629
827
965
1507
10
1582
1604
395
353
218
203
916
1783
399
1682
84
1414
1765
619
702
1528
865
698
907
1670
422
640
1708
1107
1358
1590
1831
899
230
1341
1758
531
343
1732
710
585
1573
1469
420
632
1768
757
1074
1659
645
917
1976
1180
1781
1977
663
1268
138
345
1390
845
172
348
1986
234
1264
1140
617
1814
1981
1023
1345
155
1285
860
1205
1412
1973
55
1630
1269
1106
1836
584
1661
1240
1746
436
1146
1639
1104
1635
991
1975
769
1055
740
264
1250
1231
524
993
1440
1870
198
1510
1338
1547
1397
1710
192
29
1424
186
1988
144
450
131
1343
1518
1252
451
1271
756
1222
41
242
42
652
160
1529
1309
232
1366
1861
320
1588
200
1997
114
499
1844
575
79
1796
719
851
1294
1875
1492
1959
798
1540
1361
565
1083
741
487
17
781
300
522
1892
1963
955
39
1512
1330
1072
606
36
1754
996
1284
950
1888
382
1672
275
910
777
406
1192
577
1574
1227
1989
1239
1315
1473
780
1645
526
1724
106
82
213
814
236
222
786
393
409
298
1157
115
1379
293
1862
1595
1744
1898
620
157
1417
1008
1254
835
324
1110
1078
1926
1511
1021
482
166
1475
387
1208
761
1186
1808
1454
466
447
1877
1387
210
946
1718
666
742
1501
1936
1534
608
878
1433
863
161
486
900
1422
1543
374
1802
1041
1197
1954
1568
840
170
1497
1838
325
1587
1929
1593
271
553
716
511
941
530
30
63
504
1317
1042
1964
610
384
1692
438
1187
40
1699
205
306
653
567
214
542
1018
70
1129
1896
12
159
179
643
176
378
1342
1927
528
220
630
76
515
372
1827
238
1632
248
1793
1560
631
1448
228
72
1546
963
813
1411
1226
1118
288
101
1482
188
1230
1462
1408
547
625
1010
1012
193
1736
1071
759
317
785
1147
68
1938
1303
1079
1014
1170
544
1852
1392
1621
681
1089
1273
1723
1032
964
1636
1882
1051
1236
1221
1683
1393
1168
113
879
1396
507
1348
545
815
609
1385
224
627
598
656
1685
1907
1551
1028
341
551
1867
918
1564
125
1840
1869
1000
414
1006
287
270
1956
433
1502
197
859
1102
178
453
930
696
22
481
116
791
350
358
1950
52
636
1067
1184
1084
1887
119
695
146
947
1764
1788
1532
1142
912
1671
329
351
500
1052
380
1514
1527
290
579
897
108
1410
1824
1931
231
1380
1716
806
924
235
367
267
536
847
611
721
1347
693
718
684
506
717
1036
767
1324
1594
512
1818
738
219
1164
564
555
258
1655
211
1622
672
932
1916
503
837
857
328
889
1747
133
604
1337
1354
1913
770
1389
644
958
206
828
139
1377
1637
1349
572
1019
881
648
1334
1799
728
1027
335
558
1307
1451
549
624
263
1112
104
1416
1550
1453
225
1122
1552
1202
255
1648
1757
1113
953
59
127
987
517
969
1693
1667
187
1577
1352
1641
44
285
1833
1801
1456
37
1610
1734
98
612
60
1046
400
1004
136
1899
1026
1013
1592
168
1941
364
1873
299
249
1217
149
802
1679
1211
779
1763
132
1322
883
1893
1703
1189
54
679
874
862
1743
1586
1320
333
816
714
1572
1837
392
1895
376
240
426
446
1076
1111
1811
1056
423
1183
1650
1117
1521
1612
93
1519
844
962
856
903
1278
1339
1979
1894
468
595
1116
1647
356
1329
843
1097
1154
977
1161
1375
570
1555
527
1290
1034
873
1124
1600
1100
1891
154
311
1584
491
660
1742
520
1901
430
1602
809
637
622
628
16
1431
1745
35
181
1660
1136
1859
1304
720
1919
904
590
1704
48
981
479
1190
1726
795
1047
247
383
346
538
514
1323
763
1223
130
1795
1880
274
708
1995
1662
1437
521
683
750
734
163
1842
1461
760
431
978
1450
972
118
1646
911
601
370
743
1297
1241
1603
246
939
1306
952
944
966
1739
1822
870
153
71
1049
1141
1165
202
1210
1346
1455
1778
1782
456
1779
1486
189
1160
732
314
1001
1388
1506
1169
594
901
1695
1752
1314
1131
386
1792
1403
1274
1198
1418
1576
1725
1890
1
569
1409
158
1305
1643
1155
1598
428
1149
1930
1382
1949
1137
641
1260
308
1509
1701
578
1267
639
162
1336
256
980
1750
1905
316
1626
184
1911
692
1144
281
389
1996
1530
751
477
1669
190
1548
1657
1093
906
315
1709
194
1787
1984
529
1640
1925
1508
277
357
607
790
1425
282
208
1247
1310
398
276
948
1253
1163
94
800
826
974
1912
895
905
1579
1985
1452
261
1942
1138
951
49
884
667
1771
1565
457
1162
1246
1535
1359
441
655
1195
413
581
47
419
437
344
1121
1298
1970
1152
960
1281
1839
1470
1866
51
233
1772
762
1459
753
1513
745
794
687
699
359
1463
237
1465
1730
1653
123
1780
1524
736
1948
1558
470
1761
1368
724
1194
1717
269
1134
494
1537
793
678
1876
1279
682
787
1207
768
1846
83
463
81
1644
821
1188
1828
1261
43
1220
1770
833
849
1944
749
752
