2000 5000 288 2000
1925 938 1046
751 87 1260
925 791 680
1455 216 707
1332 358 1344
1452 1397 1188
1148 792 1022
1135 613 1828
311 14 1516
1283 1071 1876
1213 910 1460
1291 573 1142
1900 1839 226
1026 312 661
1947 51 1701
1404 1392 1220
1900 1809 25
1759 1255 1955
1635 1555 852
1862 1516 1876
1613 541 736
1792 591 570
1632 595 1754
680 535 343
1326 639 1804
1905 33 599
1145 1127 795
497 338 740
1966 1799 1184
1475 708 262
795 178 1828
1899 865 842
1643 1370 773
1831 1629 1751
877 327 939
1025 708 465
1304 1110 1996
1223 324 1163
985 420 802
1395 928 925
1573 1012 1904
1854 199 957
1449 949 515
1724 112 846
1902 1205 1786
1165 1123 218
1992 557 1310
996 535 1391
1393 974 603
1311 604 853
1602 1352 1430
1803 248 1891
1769 1404 412
801 592 1086
445 91 357
1159 63 1146
756 282 411
808 129 1886
1762 444 198
1800 1790 1449
1087 885 68
802 211 1419
1948 596 543
1882 1169 1696
1803 935 1713
1384 851 227
1877 864 230
1934 583 531
935 900 1636
850 114 536
1253 827 883
1605 1099 1335
778 105 1338
932 707 770
1529 477 313
1130 1069 1365
1858 1645 339
272 251 1034
1282 1172 1737
1187 361 317
586 493 759
449 311 1922
1798 784 1512
1041 228 835
1393 1019 47
676 644 1223
1610 1388 862
1332 276 1846
1378 386 1108
1943 164 1483
1952 954 1568
1006 216 1179
608 528 658
1781 1601 496
1711 122 1450
1615 59 392
1027 829 1894
1837 1732 927
1794 1755 993
1848 1455 1007
1791 748 1661
1842 1838 1715
260 34 462
488 231 1865
1776 929 395
1544 1145 1702
1599 457 579
1733 1134 1468
949 277 1311
1356 292 341
946 910 1597
1353 967 1413
1898 354 1883
1262 25 567
1450 721 1592
767 686 168
1565 7 1737
778 405 13
1135 546 1264
1520 147 1270
1428 826 854
1285 994 1944
1508 694 912
575 301 1939
1865 1369 1530
1789 1539 101
990 61 1962
1527 970 1024
1914 530 1596
1727 1202 647
1820 1653 1377
989 365 102
473 26 951
1100 396 217
1773 68 922
1649 1023 842
655 481 707
1012 793 1333
943 754 412
1053 817 107
1759 1758 1656
710 503 992
1094 1001 63
1404 332 1435
1545 885 1622
1427 281 1746
737 441 114
1224 915 743
738 419 1076
930 201 126
1423 637 501
1155 190 1263
1097 1053 1337
1665 1095 904
1898 1864 1690
375 153 13
1814 1228 1435
1549 1432 1985
1854 665 1269
1709 1555 214
749 372 1992
1221 1119 953
1260 395 532
1066 992 114
1357 659 1399
475 236 501
1839 1498 1910
917 271 412
1912 1037 1640
1582 261 217
859 260 693
1698 795 1919
918 871 176
1025 255 1569
1696 814 580
1057 607 299
1489 985 1077
1490 679 146
1317 420 1133
1965 333 993
1861 1762 930
1638 523 1761
1064 563 1277
1802 126 504
1380 1152 1358
1767 1475 1893
1360 717 382
1657 790 176
1297 1130 52
1913 789 353
1430 210 191
1608 918 142
1416 807 40
1840 1172 835
512 348 1008
517 283 315
1198 662 139
189 136 1949
1066 172 384
665 648 462
1956 1810 1023
701 472 564
1805 1800 413
1937 480 897
1718 914 1084
1600 340 1208
1797 14 876
1799 1568 148
1593 627 1235
1384 353 417
1247 1052 825
1561 1233 337
1554 2 167
1150 697 749
1669 143 1893
1783 311 270
1887 1039 285
442 291 436
811 763 136
1639 960 1398
959 451 1512
499 11 1540
1352 618 199
1388 334 1957
1740 398 1175
1609 1003 1647
1541 12 475
1493 401 1009
1766 1233 935
494 180 1131
658 415 1185
1719 287 1892
1840 911 1241
1473 169 490
1259 984 1330
1342 761 1848
1670 217 923
1835 1325 1586
1771 1110 973
1174 1130 1447
1878 386 1607
1834 1496 1600
697 161 243
80 16 1805
1550 583 818
1261 458 750
1580 394 1125
1991 551 671
966 401 989
1958 1889 1877
1214 769 1046
1783 613 1292
1792 136 1292
1737 1282 769
1479 101 447
1006 788 333
1716 1524 548
104 66 1251
1283 256 900
1514 1068 1169
1667 961 1301
933 544 1635
1082 581 1892
1829 1231 771
1526 1366 1864
744 177 1892
1799 699 1694
1534 31 394
1104 954 311
1963 108 1765
1635 1386 758
1391 200 1822
1776 1327 805
1241 1153 795
1253 192 158
776 513 180
1068 66 1126
1981 843 1079
905 108 1906
590 97 1236
1542 1518 587
507 318 674
1526 139 472
1390 1028 1172
1463 410 1515
1407 97 704
1270 269 309
999 704 1867
1463 264 983
1415 227 72
234 36 1975
1021 495 1102
1520 1187 724
344 19 978
1790 17 577
1114 907 743
1818 749 404
918 48 144
1487 1245 633
1443 1180 1646
1123 835 700
406 211 69
1896 326 274
1342 789 691
1938 547 424
1190 551 1371
1306 256 1559
1137 546 1638
828 743 103
682 636 1796
1231 275 1884
806 377 1797
1627 1031 669
1131 764 1907
1548 656 25
1556 506 1527
1305 822 1960
1679 1558 1038
1455 357 1053
1241 1109 1493
1621 280 1488
1842 823 227
1538 300 605
1405 564 771
1014 674 1861
1795 1734 82
357 112 564
257 22 1660
1465 315 229
1636 1427 1423
1926 741 1624
565 419 596
1242 1123 1198
1955 1470 1699
914 541 794
853 112 652
1931 440 1079
809 651 1192
1715 561 1242
1476 1301 1671
1765 585 569
1473 34 979
834 702 1990
1838 877 1415
1930 380 1157
1033 32 1259
1093 159 639
1411 1206 835
1757 1392 1491
1891 148 1768
1926 1871 244
1630 781 220
981 114 1604
1317 281 1970
1584 277 1851
1007 184 1951
25 10 1943
734 535 1361
682 485 783
1873 1855 344
1174 366 1044
1473 1346 1900
1169 848 1692
954 234 1502
671 126 959
1644 424 574
1283 311 659
1598 74 916
217 91 1841
1984 1167 227
1850 1548 1053
548 443 1452
366 34 52
1554 1256 593
1128 452 687
618 23 737
1122 928 1576
1020 122 1988
1395 989 468
581 206 1786
1605 791 1030
1753 1274 561
1423 223 107
1293 409 996
1743 1098 1384
1657 1262 1432
967 240 503
1427 578 1840
1614 301 1711
1249 511 474
1482 669 85
1870 1571 1863
1655 802 1666
389 307 1738
360 29 1546
522 265 1233
1636 1094 104
1445 1061 1325
1991 1565 470
523 471 200
1436 33 685
663 299 883
1304 830 772
1823 1647 541
1486 1063 1558
380 232 91
1370 287 502
882 226 206
1238 1217 501
1420 1337 1379
652 383 1725
1270 294 1102
1504 375 1234
1938 767 803
1429 1071 397
743 640 1042
1788 524 480
1952 796 805
1179 569 1663
1336 956 8
811 408 1061
1845 550 1034
1004 957 1495
1863 150 1882
1023 757 605
1062 255 1969
1872 1497 1343
1484 146 963
712 84 1397
1870 737 1504
1650 811 1026
1015 54 879
336 211 1424
1912 1322 1859
1879 797 549
1207 503 1549
922 574 1517
1997 201 1690
1841 1613 1498
828 157 1591
532 434 132
1723 631 391
459 120 1728
922 889 1061
1006 204 1372
1731 1030 929
363 95 465
1474 1026 103
1645 1184 829
1352 1332 1940
1330 161 1006
1631 19 550
1266 1159 1430
1327 903 1447
355 233 1926
1898 1418 930
1059 486 1769
1848 1356 1335
1599 571 1371
1898 1351 1331
1073 835 977
1359 1340 1713
809 739 1037
1682 1435 901
1670 1352 49
1776 631 346
639 360 1986
1179 727 1856
1635 30 1298
1863 1724 1858
1289 1038 1229
1052 811 1448
1731 732 1274
1572 1240 1081
778 409 1237
160 3 1182
1496 830 1354
1745 1682 283
1721 123 1330
1401 571 1041
1632 1563 867
1153 977 1475
997 83 351
1939 1860 1648
1657 1323 698
1575 1437 408
1106 174 562
1429 402 474
1867 1094 1078
1753 89 1756
1159 343 1331
1707 1400 709
709 542 1066
568 467 51
1721 953 79
643 375 1410
1705 21 770
1864 1235 1625
1354 78 657
1665 726 827
581 445 1964
1968 1627 1393
1317 36 1390
1850 93 504
1443 1024 1122
1511 468 1655
1856 645 868
1041 117 181
1988 418 996
1167 850 1373
1613 1123 1382
1679 1120 1608
1616 575 1976
1992 1020 446
1439 511 1139
1101 17 1597
1787 812 810
586 211 221
1418 859 1997
981 280 1128
1939 422 1910
1712 1647 1451
718 367 522
1550 628 1431
1564 115 1225
1042 257 377
531 302 521
1453 1163 1400
940 346 1163
998 631 1785
1071 841 1250
782 498 780
1933 1587 910
1697 145 1453
1167 203 639
351 293 1028
1437 75 110
1954 1621 3
1955 1737 1906
1778 1138 221
280 56 243
295 148 1109
1593 630 818
1525 1094 766
882 407 110
1924 663 136
1742 785 1805
1887 727 1759
1404 685 1425
805 332 560
1284 908 721
947 666 942
1145 1023 1163
1270 20 1312
1758 1479 1836
1661 856 368
855 284 1977
1523 257 1462
1054 223 2000
1501 431 1469
1066 687 122
1762 886 316
1974 606 17
1396 380 1068
1716 81 1936
1927 936 1793
1550 242 438
1957 1443 537
1706 243 1494
1324 134 1043
1404 1380 1750
1078 338 1239
1057 641 3
825 227 1901
1365 951 992
1601 1153 793
1158 792 1709
958 351 445
556 294 213
1120 323 46
1585 1163 1855
1492 1050 1663
1625 1235 1615
1600 306 1584
251 85 1899
1316 324 1829
186 92 1047
1608 1111 1362
1032 909 1433
1406 1014 736
1740 1674 1337
311 5 772
1563 932 1217
1289 181 382
1059 223 16
1651 692 1683
1298 862 31
656 622 1820
732 568 1213
1489 272 849
1000 358 1662
1207 567 1012
1812 1267 301
377 344 1009
1891 1821 1138
1575 321 927
1871 583 554
1216 1018 844
1522 1464 1737
1241 886 1288
1978 352 1014
1118 1108 1272
1916 1462 707
1102 438 409
804 475 384
1014 644 286
1131 418 1967
799 55 450
1177 806 271
1346 203 1808
1585 171 1272
1585 1388 21
1710 1663 1184
1995 286 387
1497 912 879
745 516 4
1225 803 518
1288 568 781
1594 168 722
1374 1171 85
1707 213 1442
1904 537 241
1906 1127 399
1505 860 1047
1864 1787 341
1966 780 964
1919 1142 164
1222 976 116
1423 659 461
2000 1291 981
1725 1627 1158
1731 772 1752
585 47 776
932 641 1294
1771 64 1240
1807 1719 362
720 167 855
1715 1412 1964
1376 228 646
1266 947 1449
1859 1637 1573
1449 978 1813
1895 1710 1650
1521 1142 509
1657 481 1311
725 673 108
1548 793 176
1734 1309 1844
1885 1207 1968
1770 1136 1958
728 313 1335
1142 123 969
1428 614 890
1035 1007 941
1062 953 1386
1941 535 1198
1700 281 736
1963 1792 1400
1316 547 1477
1765 763 1285
773 345 1328
1116 636 156
1744 1615 652
1192 622 491
1374 1233 1380
1804 356 461
1002 460 464
1609 946 1135
1515 1163 1204
1154 82 1316
1966 443 371
1351 400 1062
1303 297 1121
1470 933 1382
176 117 1017
1462 759 1262
217 137 40
505 63 1476
1987 1355 1429
1482 1311 1261
1770 188 979
1014 394 470
1569 308 1944
1234 344 651
983 44 418
1949 802 642
539 414 1703
1808 669 1927
1645 1290 686
1236 391 1604
1097 1049 583
1539 667 1619
1709 234 127
1969 1261 793
1578 165 886
1874 434 1877
1148 135 393
1109 568 1669
1435 973 1647
1928 787 148
1642 393 1628
864 430 1913
808 523 1255
1834 1445 729
1655 552 211
328 206 1302
1990 1083 1273
1753 1546 389
1441 944 1014
1237 704 494
1984 1330 1524
863 69 685
1825 796 628
1739 1108 220
1174 1012 815
1936 1277 1976
1716 19 1462
1142 1034 1928
303 245 361
1270 1254 126
941 457 1036
1967 1170 1282
866 144 886
1728 909 649
1962 44 1706
1854 486 517
1361 905 498
523 456 1071
1460 970 479
1110 800 1260
1854 815 671
1781 170 1546
1507 372 1462
613 317 453
896 252 340
1082 923 1821
904 258 1485
1351 375 1318
1333 369 947
599 513 1668
1622 355 256
1166 1108 352
719 689 1950
1017 993 248
1539 1480 236
1758 1679 1980
1953 1560 1999
1028 455 1792
1637 1244 1320
1900 832 1832
1065 207 1251
1630 1173 375
1592 1252 1472
1231 116 1622
891 799 295
1435 819 1150
888 116 568
1228 718 274
1545 8 911
1263 797 98
708 32 976
1578 249 1010
1518 405 1502
1919 33 1057
1145 1072 1110
989 781 523
1741 497 1601
1404 217 1745
1378 658 1821
1915 1521 646
1275 1023 949
966 296 121
1067 866 301
1472 510 1687
1523 493 1444
1494 872 353
1345 850 1787
1006 626 656
1890 1151 701
1781 534 1820
1891 1737 535
846 133 574
1611 1127 1563
1868 1438 1879
1523 1179 1142
1914 793 504
1755 1623 1673
1230 786 228
985 452 468
1799 114 1293
1992 1287 659
805 721 350
1338 776 1024
1303 1211 1030
679 623 698
878 600 1455
1830 464 356
528 303 126
1284 248 1921
1743 1378 983
1951 217 102
1015 43 1411
696 622 1072
512 324 692
1900 110 420
1541 1343 1891
1147 908 1623
1406 14 851
1551 239 585
1078 543 123
1864 1744 597
1970 706 1948
1616 1370 178
1752 997 1516
944 842 1610
957 139 285
1882 507 1439
749 242 1522
1740 496 1050
1035 494 1036
1046 695 1113
1998 36 392
1987 1083 146
1292 174 1732
453 274 370
1945 582 666
1367 988 1292
1418 711 18
1504 291 1728
1649 833 760
637 209 614
1364 280 1764
1975 219 235
1622 279 1057
1950 965 579
1389 607 1905
1840 4 1988
1850 1480 1028
537 397 23
1409 784 701
1628 1152 859
1493 785 176
1850 76 753
812 806 610
1896 1084 487
1516 512 1209
202 42 728
898 454 1651
1848 596 1898
1591 58 67
730 454 184
473 96 1557
1116 794 765
1835 458 1683
1392 904 1161
1831 27 1906
132 1 1940
1965 1692 1490
1345 142 1028
1319 1264 868
1247 544 546
1433 116 220
1889 1385 217
1102 188 156
574 518 1561
846 116 630
1785 1360 24
1785 843 710
919 401 666
421 197 1574
1144 99 861
1789 11 518
1958 1184 1956
1936 322 765
1204 873 658
444 218 1890
564 486 689
1500 1172 606
1320 62 560
359 200 432
1318 433 1622
1429 184 108
1495 1366 57
1791 1293 1331
917 303 666
1982 1441 1627
1922 597 1770
784 704 1838
1007 919 1544
1475 1137 1086
1278 942 290
1113 1076 803
934 628 804
1635 175 1707
1289 327 1499
1099 593 180
600 554 1293
969 492 1501
1628 1578 143
553 40 780
1597 889 1660
1231 814 478
1722 1593 524
1799 164 1235
1882 809 1242
1972 1626 740
827 252 1658
1527 143 692
1824 1467 313
1078 594 1723
277 84 182
1048 865 1532
1097 19 690
389 61 764
1623 513 825
1848 32 1881
1513 1494 263
1234 703 567
1254 122 803
850 164 1433
1938 1825 1944
1070 579 921
730 629 1748
641 155 1800
1439 106 1506
143 138 34
1994 92 1536
1577 411 79
390 259 1969
400 85 1943
1372 757 502
1496 1148 1337
1427 681 341
567 333 1200
1692 1314 55
1734 35 1113
1420 437 1237
967 263 409
1667 448 1212
1977 1004 925
1361 143 1287
152 96 843
1400 189 204
1561 832 325
1972 151 1969
683 13 1639
1264 1180 378
1840 143 300
1742 981 1167
1617 235 1480
925 258 311
1373 429 146
1231 688 558
1127 711 454
1110 343 513
1377 426 366
1891 931 1647
565 269 451
889 682 958
1964 1190 1259
537 107 779
1806 894 196
1183 210 1929
1979 714 1395
1718 420 1955
1885 1313 207
1262 727 269
1003 708 969
1706 266 1526
1943 1600 1993
400 147 1514
1328 851 1479
1974 38 1325
1794 1469 1425
1645 1204 1850
249 8 961
1509 400 1037
593 391 1692
710 339 775
977 804 1637
1753 1186 1822
1020 20 409
1808 476 858
1803 1450 830
1404 833 252
662 578 1552
1962 221 1817
1791 1505 274
1746 805 1068
1903 1461 69
1226 382 1484
1810 1331 1932
773 83 1617
1998 1613 955
1560 630 508
1325 497 1660
1675 1275 1271
728 698 316
1828 125 1692
1242 579 450
1738 1194 1222
448 330 1984
1389 705 295
1888 1549 1707
1973 249 1564
1092 984 1687
1914 1354 1243
1521 1075 301
945 81 1199
1652 147 1236
1343 848 1520
1215 27 1675
1081 938 1947
1715 375 401
807 8 1348
737 43 1433
1304 761 1854
884 37 1134
1879 215 1237
1846 1687 380
1505 483 683
909 239 453
1606 6 446
1327 501 1964
1672 113 1042
870 380 1111
1869 764 556
1401 692 226
1326 473 500
770 203 122
1247 425 1078
1951 253 1162
1422 1332 1863
1938 1347 1325
506 371 794
1094 983 255
1154 240 1797
1706 701 858
1761 1569 1475
775 14 1465
568 469 725
1807 753 930
1293 1056 44
1285 757 1715
1705 1107 1245
1482 976 1422
1957 1565 1309
776 328 395
1159 1055 1324
1512 195 1751
1862 610 1427
1630 818 1964
1944 1807 1386
1264 810 1352
963 310 329
1803 1707 749
1918 553 127
1763 496 1894
1552 461 160
1099 673 27
1640 1114 1337
1499 858 1844
890 527 99
579 379 1279
813 215 799
1635 371 121
1936 935 1452
1949 808 1004
433 163 953
1222 93 718
1288 1222 849
1123 938 1939
1441 1320 1512
1841 54 460
926 517 1334
219 124 644
1810 931 1689
1757 871 90
1675 540 462
412 404 232
842 757 455
1511 792 473
1899 925 1126
440 183 806
1463 613 1882
1989 1620 302
702 161 1935
1799 151 430
1658 267 237
649 506 1397
1917 1766 872
1471 1449 446
1058 67 532
1912 803 1
1077 48 331
1567 503 808
1853 78 160
1514 393 621
291 270 803
1905 344 1122
1774 484 434
1377 831 1669
915 860 1606
290 117 1648
669 372 200
1079 207 896
1513 608 1650
976 889 1413
1671 325 713
1128 65 1395
1869 386 161
886 331 1588
1654 703 356
1369 1115 1953
1830 1028 1474
898 868 123
1084 321 343
2000 1011 1989
844 237 241
1875 130 1048
1067 865 1553
1017 862 1374
1915 582 1716
1946 1054 1093
1609 462 32
1491 1364 670
792 436 448
796 212 1096
1308 415 394
1992 1622 232
1884 1407 1851
1098 581 135
1442 1327 1162
1842 1090 113
1965 711 845
636 88 1678
1819 1650 740
664 600 584
1289 124 1598
1270 667 1493
169 116 1224
1412 1306 1240
1888 1110 1934
1735 263 176
1909 1435 564
1928 618 1426
1161 908 562
1894 154 1469
662 654 1514
1479 760 307
1710 1190 1420
1309 277 1349
1316 1014 832
505 243 92
785 401 1316
869 584 362
1905 1318 9
493 353 1877
603 404 872
1525 677 455
874 582 83
1068 963 403
791 276 177
1418 132 828
1028 240 318
1542 740 835
1494 641 146
1925 229 334
1713 1498 1352
1827 744 649
1220 296 96
1254 1017 1177
1665 612 445
1286 547 822
1231 896 370
1743 100 1047
1984 1490 677
133 115 1419
920 570 1715
1774 564 591
1514 1186 287
759 303 866
1616 1374 1743
1920 1125 1827
801 533 110
1368 865 1647
1482 1479 15
1913 322 746
1764 728 91
1097 134 1137
908 798 536
1006 420 430
394 338 841
382 46 1478
1060 797 711
1551 1199 195
1580 673 1187
1792 357 930
1908 1237 835
1012 40 1037
1308 995 678
678 345 1483
1991 1543 710
1797 185 273
1177 609 1608
1492 84 1493
1778 1143 1472
1444 544 297
1611 908 726
1501 868 1810
1716 355 1834
1661 359 197
1773 707 851
205 65 1354
1392 1055 942
623 247 564
1991 511 418
421 99 410
1739 854 975
1637 1007 1524
1722 607 1258
1488 595 109
1764 104 1550
1564 1223 774
1849 1066 1996
1718 580 1099
1954 1807 758
1243 1174 54
1809 882 559
1261 705 1320
1525 1368 1975
500 25 1490
1486 42 1114
846 768 1385
1849 658 1029
414 55 407
1604 1456 1112
1937 178 340
1868 491 1795
1048 474 464
1077 1075 816
1560 760 1390
510 15 689
1482 341 1785
988 882 582
1451 822 254
298 265 1904
1521 192 1602
820 143 1574
1948 594 201
1181 795 616
858 93 1664
1570 159 1601
851 54 1576
1158 210 556
1649 1120 1010
708 307 1747
1152 21 1566
1902 1375 1700
1890 547 896
1395 1292 258
704 328 1793
1028 287 682
932 657 670
1914 535 1084
1970 858 1468
633 520 550
1814 1116 1622
1118 111 1028
526 117 483
1567 756 1628
576 125 1469
1560 481 1735
1756 1593 1506
973 925 1074
1726 413 1945
1782 1773 1337
1641 144 23
1812 333 565
1392 562 164
1086 349 1660
1352 826 804
1979 1399 1129
855 287 161
1739 622 832
1791 621 1749
1448 1217 510
1014 523 793
756 745 494
241 238 810
1743 390 1318
982 770 1742
1525 1523 914
1182 922 289
864 117 596
1807 154 1824
1268 671 1941
1949 1726 1950
901 508 1214
1186 213 1637
1926 138 947
1397 153 74
1121 791 337
1449 1346 723
1610 393 459
692 322 1655
1632 606 1055
1905 1549 340
1545 1422 826
1939 1185 747
1367 1044 635
1603 1005 1438
1925 380 464
1739 1385 314
1621 1469 643
1106 378 1995
1729 686 876
1148 366 1632
376 118 1338
618 242 1474
1542 401 606
1602 377 562
1897 143 402
960 58 1028
242 147 1026
1275 652 241
1499 885 791
1839 785 275
830 380 1349
281 211 1734
1806 711 479
1424 805 1236
387 29 864
1079 250 1538
827 793 1199
1221 523 1946
865 597 85
1326 353 1510
1961 1480 643
564 250 39
534 430 1932
677 370 422
917 55 1623
1450 1314 324
1155 1150 1052
570 75 1275
1492 1415 1747
1218 1142 403
1929 1702 1833
1767 1675 1202
1559 459 122
1658 1264 146
1303 586 1815
912 97 85
1771 1755 682
1793 375 157
1442 1318 1823
1596 967 411
874 166 479
1987 93 757
1013 154 307
1435 881 698
1910 1633 660
606 295 914
1732 1423 1443
798 213 1715
1687 1524 253
1178 127 454
1139 772 357
799 160 1324
1842 1651 1691
1666 945 72
1409 240 1848
1512 31 597
1661 1500 289
1519 1373 1765
1470 640 1211
1445 56 1414
1666 313 1941
1201 258 605
1480 1025 36
1117 212 1114
1166 528 273
641 427 515
782 501 1714
1002 110 362
1831 1241 368
1740 1497 518
1523 928 227
1495 1077 166
1215 1017 1066
514 40 1384
973 212 752
1143 828 556
1537 234 1667
1685 1638 342
1093 847 246
1853 1494 37
1498 1378 169
1893 773 1019
1764 1214 163
1255 501 1440
1943 846 292
1937 531 994
1206 327 625
1914 430 142
1930 109 1845
467 135 296
1652 645 320
1201 831 278
1070 870 1133
1346 1148 1759
1861 1164 1385
1272 1076 976
1924 1311 854
1475 474 1871
1145 96 1830
1621 418 218
1025 578 1043
1970 1889 364
592 371 775
1288 71 1260
1055 444 612
247 240 1319
1933 313 356
1221 1141 408
1145 495 1937
1804 311 295
1851 1395 1134
545 508 1383
1252 796 557
1053 441 828
1064 380 1177
1525 530 1072
928 238 842
1821 251 898
1643 1 646
1992 1898 623
1384 429 1109
1581 80 186
728 438 1315
927 767 306
1730 1265 574
831 757 550
1241 319 340
1887 524 1358
1875 1569 245
1772 1654 1006
1500 984 1777
1485 548 564
1961 1682 1542
1409 1246 266
562 101 1262
1817 3 1459
1595 274 1611
1778 490 1138
1316 1255 1466
1860 540 1912
1993 1297 5
1751 1084 1825
1994 174 1545
1300 1171 1017
1386 1270 1835
1903 1074 128
1759 51 1275
615 68 1938
1875 1239 1494
1717 315 1509
1899 97 1557
1697 1476 4
1006 221 1370
1082 633 401
1915 49 1364
1151 316 192
1644 622 1154
857 26 1634
1930 1009 93
1077 24 1251
1948 1514 1771
1352 291 434
1731 1414 555
886 72 705
1892 658 1908
841 652 1451
1659 330 1355
1067 86 1473
1700 69 1935
1675 1513 1779
1073 306 731
1644 603 161
956 18 973
1496 1275 106
1632 262 1029
1255 467 1073
1633 964 1734
1778 650 1942
1245 135 193
659 114 1546
687 14 2
1947 253 1139
742 77 208
1896 324 515
1583 335 1701
1565 1300 1842
1922 1283 765
1294 163 864
941 268 806
1651 1546 552
866 288 1895
1843 1288 1735
1703 491 1642
1518 1309 1177
1810 263 1062
1772 900 1823
1632 427 456
189 52 401
1172 844 1075
1699 102 1905
1681 1404 1961
398 310 926
1601 2 1745
1216 378 1745
1903 1195 1123
1856 559 1161
1502 904 68
1539 55 1260
1538 734 1193
879 253 1779
895 198 995
1581 271 1314
184 129 594
1142 516 976
684 517 836
1314 850 820
1953 1740 250
1697 1189 1371
1753 266 1337
515 287 1893
1511 556 8
1652 139 817
783 123 1322
726 299 789
1850 504 436
913 2 1747
1391 493 1546
1852 1657 1998
1635 234 1217
1186 1136 712
1122 275 625
460 416 800
984 947 1007
736 616 301
437 110 1428
1851 1329 940
1395 801 1833
1114 1062 1007
1123 1047 762
1336 315 461
1007 332 377
1870 319 839
1739 1339 1720
1780 99 1175
1193 323 1386
1234 503 1920
1088 870 1959
1128 589 227
1146 199 309
1588 1297 1478
1858 294 1068
968 823 1072
1089 127 1377
683 278 664
1674 683 1327
137 9 1240
1398 111 1472
1423 696 1082
845 586 267
1858 1823 755
1877 803 977
469 258 965
145 100 156
1606 1402 942
1987 1223 270
1383 279 1335
1963 646 1329
141 42 433
1467 602 1784
1079 187 1196
1506 676 613
921 651 591
1927 550 588
1895 1393 98
1868 45 1437
784 129 268
1884 1573 771
1517 372 965
933 67 858
1375 665 768
1019 363 1292
762 58 275
1924 315 226
855 83 1332
1601 1215 701
762 700 1332
1982 1963 420
1866 1076 1956
1387 392 15
1844 1805 1430
954 522 1460
1310 452 1066
1716 1631 1024
218 10 1801
366 17 279
1303 1190 1023
1318 803 706
903 471 513
831 64 117
937 169 316
1891 564 1834
1176 84 1027
1596 1541 1796
1842 288 763
1719 26 744
1974 207 969
1172 581 51
1760 781 562
698 456 258
1332 654 1821
738 342 109
1906 472 987
1567 717 698
1127 792 1684
1370 507 853
1809 319 212
1645 605 1132
1959 1160 1899
1944 913 865
632 545 417
1795 1775 1717
715 190 1098
1666 1600 1560
751 280 438
1859 1738 1998
1723 332 1700
1175 66 227
244 152 529
1985 388 928
722 331 566
1873 1320 1990
1790 1184 1801
813 480 108
881 457 109
1305 1036 1224
1242 1001 705
1387 439 264
1246 992 358
741 453 1276
1798 245 1664
1461 433 1320
1914 1645 1819
1975 746 1447
1469 236 1901
377 102 769
1653 725 901
849 192 1980
1555 130 1274
918 625 422
1681 20 136
1882 1366 539
1162 606 1815
332 309 1908
1825 1698 1937
1736 904 1222
1369 975 466
1617 504 1305
61 59 1264
1811 1745 86
1488 450 15
1445 490 1105
753 85 1328
1002 519 171
1991 1645 1204
1325 479 1303
1079 560 1221
1957 1742 228
1745 236 659
1299 1263 470
1097 142 1571
1544 757 1867
1875 1584 610
1237 140 1921
1833 1179 1935
1545 378 1930
1192 778 202
1626 597 1998
441 243 770
1851 1005 859
537 150 1128
847 750 1337
1718 1481 152
1778 1769 158
1606 713 345
479 156 1305
1777 785 391
1198 926 1473
1466 686 230
1492 413 1152
1897 1783 470
1988 159 733
550 425 1844
1711 1207 856
1783 1440 1127
1948 1891 1907
753 245 245
1032 735 531
1401 276 599
1265 640 906
1923 263 1833
1021 187 903
1707 1123 346
1860 224 1182
897 614 795
1560 1477 666
311 285 382
1819 1478 1233
1298 140 1409
1840 1752 1354
1771 1401 1129
1190 565 1886
1555 320 1564
1026 763 334
1351 358 1720
802 82 1610
1215 167 931
1897 1630 362
958 619 1273
852 559 1003
963 149 497
1920 1647 1101
1150 237 622
756 748 1744
719 423 342
1147 230 489
1265 485 1363
1557 1442 120
1823 220 941
709 398 1808
1742 1370 89
61 10 602
1211 172 268
480 441 475
1441 1220 1848
464 193 1638
493 215 1343
851 123 1779
653 479 62
1466 309 58
1253 675 40
1602 884 731
1306 1234 1573
1341 47 516
1265 44 692
1248 438 1441
1471 1416 1470
1856 1666 776
1119 294 530
1928 1617 1996
1891 1380 1129
1669 1613 1960
1843 867 1932
1003 999 1369
1593 352 1119
1050 300 1509
1218 675 1395
1361 386 965
1296 784 1079
1141 828 1209
1989 1763 32
243 45 1188
562 279 570
1507 996 1051
782 484 1532
1438 171 685
253 134 679
1771 1577 895
1837 811 638
1476 981 440
1719 915 1656
1877 1738 1910
692 603 1259
599 248 687
1835 650 1452
1717 1515 607
1919 537 1416
1549 472 1367
1807 1691 1905
1106 871 553
920 649 675
574 384 122
1191 874 847
1863 1630 413
1660 877 195
1359 655 1056
874 558 1261
1599 296 360
1211 649 602
556 21 1038
1804 1498 996
1232 1017 639
679 228 711
393 235 214
1527 1397 1124
1567 858 1888
1980 1818 1009
1618 194 963
266 221 1016
1324 1283 1907
1639 481 1022
1211 614 1876
949 940 145
238 141 1118
1614 1506 520
232 65 442
1913 1361 289
1527 1100 1211
1422 942 740
1426 1046 1849
1747 619 1551
1377 42 1756
791 249 147
614 180 1368
1701 499 75
991 904 785
1990 618 826
1719 1126 429
1592 1404 391
401 42 693
1321 426 1842
1581 1560 509
660 518 1697
1713 143 1403
1558 102 522
1742 1358 1008
486 300 554
1147 338 757
1919 892 1236
1599 641 1710
1932 1772 636
608 360 615
1031 870 226
1136 544 1549
1984 1730 596
1848 750 676
878 244 1729
1181 701 538
1604 173 1060
685 526 605
1238 731 1035
780 51 1017
1095 141 1997
1671 435 179
586 26 927
473 185 652
690 226 29
276 198 1906
1706 231 250
1524 269 304
1428 1342 700
1253 443 1531
1850 81 276
970 113 1392
1873 634 1378
977 374 1722
1982 1826 1567
1455 766 1040
1024 975 852
1965 808 1717
1916 461 1298
810 137 1937
1034 23 1576
1128 13 1799
1704 82 743
1499 577 714
1310 1111 1169
1976 1624 142
1168 202 1380
1625 59 261
636 316 1307
1305 327 210
1022 982 517
1468 1119 839
1156 1142 1040
1347 558 1663
1321 1258 1485
397 34 887
718 96 12
1166 1148 1513
1339 1236 224
1691 1070 1226
1587 273 1997
1600 367 1700
1966 1873 241
516 4 1067
1299 530 1255
1714 1645 450
1570 1251 309
814 692 1625
1167 769 550
848 544 524
1719 1520 1928
1719 1304 1850
1681 612 280
1153 39 922
1387 833 538
1111 947 1059
1178 550 1892
1333 87 1185
1444 384 936
1819 134 264
1692 1682 524
1476 1362 1125
1123 82 459
726 293 1225
1466 675 234
1152 956 374
1611 399 1463
1466 254 670
1358 691 700
1583 1273 1428
1583 1121 906
759 690 1615
1995 234 649
1862 1225 1334
1730 574 1358
986 455 850
1308 107 1017
1554 224 37
249 48 1411
1533 1048 538
1758 414 1368
1554 415 1393
1406 1392 1266
585 63 1561
1641 986 1292
1097 363 398
1028 321 1834
1320 703 283
896 435 1324
1736 482 1890
1334 843 851
1019 22 1870
1356 843 763
1268 690 130
1259 627 436
546 394 780
1821 17 1662
1285 890 1639
1522 431 1482
1723 1693 125
1716 476 112
1777 1644 270
1181 966 63
1965 1557 251
1195 1192 1967
943 462 1918
656 399 821
1956 734 1765
1925 351 1629
499 23 923
967 347 75
1779 857 834
1993 1232 115
1619 400 1674
1431 1077 815
1669 783 233
1924 387 138
1753 509 1727
981 637 1502
1504 433 250
1556 772 677
1429 1152 11
1908 1518 713
580 339 578
1858 1519 395
863 837 1333
1244 1156 1543
1205 854 1789
1377 1274 552
1782 795 1658
1727 1122 1556
1609 505 192
1843 165 1261
1934 386 532
1304 1169 1930
1222 410 623
1990 285 887
1862 1433 1210
959 45 1759
1573 589 1044
1037 674 1839
211 171 230
1684 657 372
1607 272 1457
1323 624 425
926 327 714
1483 768 1098
1818 641 609
1066 1054 784
1320 698 241
488 245 676
1661 1632 932
1393 667 1159
885 121 1847
653 540 1888
1508 1008 734
1015 123 1689
1614 1542 1412
698 244 1737
1353 831 1437
1911 190 239
1349 766 437
1622 3 1701
1822 865 1068
1706 84 910
1629 404 784
1559 933 746
1620 1259 1781
162 159 1248
1587 860 1089
588 190 59
1793 1079 603
1345 794 1318
1740 1401 225
1530 300 956
1548 1538 1859
1888 1577 766
898 141 1297
1643 978 1868
1128 941 1290
1676 1598 510
1842 58 1363
1645 1586 1202
1296 744 198
1631 1381 312
1383 964 1098
1308 501 623
1944 1934 1489
1879 132 1997
1574 437 1613
1542 365 555
1151 63 1480
1868 599 1903
282 206 407
1418 524 615
1988 631 1017
1064 171 590
504 79 1990
658 608 741
1574 112 189
648 418 1355
1849 1554 258
133 63 374
1770 804 1912
1535 1230 1505
1107 753 1236
589 403 890
1917 98 544
1142 2 429
1410 270 741
1953 500 919
776 558 538
1782 352 1288
1452 393 1890
628 233 156
1626 1602 862
657 207 772
959 769 1039
1981 860 548
1726 20 305
1310 1307 1346
1014 816 1559
1912 690 874
1368 1327 870
614 100 1904
1887 1854 1050
297 124 93
1183 385 1898
399 317 1535
1251 484 899
1909 1330 1876
1122 87 1844
1676 84 1815
1035 358 1235
1283 861 345
1776 1543 1180
1554 1544 134
843 482 745
1866 770 1612
1854 1398 73
1484 1029 1469
1174 1152 1136
1367 1239 1669
1659 561 1939
1192 993 813
1018 420 1397
1763 872 920
1299 328 1618
1164 836 1894
1794 910 395
1178 709 1814
1325 580 1240
764 293 578
186 75 1186
730 661 1471
525 104 733
1351 943 489
1886 870 843
1603 1380 1831
1552 707 384
454 76 768
1690 211 1413
776 511 1911
1681 1513 310
1419 438 413
1710 230 413
1250 102 1818
670 212 610
853 831 1108
1174 344 842
1900 718 9
1879 25 1147
1934 1424 43
1117 929 1099
1655 1290 1340
1749 842 934
699 317 274
580 385 47
541 406 700
1786 549 325
1929 755 1566
201 52 652
1462 1382 1979
1756 1638 658
722 633 1949
1833 165 1359
243 108 745
1983 962 828
1372 545 13
298 189 1750
1944 349 538
1081 109 1845
1709 1533 653
1112 598 972
1234 215 235
487 398 1493
1292 1149 1285
1425 324 1711
1104 831 1086
1942 453 232
1531 546 1035
877 550 197
745 554 1558
1025 192 624
1506 98 1930
296 249 1039
1337 270 65
1111 176 3
1049 1025 1158
1846 566 1703
1847 996 1796
1133 717 734
1708 205 440
1315 270 1290
1642 1208 1101
687 244 167
876 498 1506
333 185 1312
1882 1764 570
1327 17 1942
1903 840 1239
956 694 71
1936 1564 373
1804 457 1316
1884 1502 760
1412 530 1010
1783 996 1186
414 303 1236
749 608 1548
1714 1647 1656
1908 1035 261
1341 94 669
989 93 910
1440 400 770
1284 1209 1181
267 51 1487
1450 216 1135
1995 486 1399
1838 1249 1062
1360 241 1264
838 825 1945
1293 908 1875
1819 552 889
1047 589 1889
1919 1876 1520
1919 1532 1101
1422 1398 388
1862 1563 336
1960 469 1443
1124 980 765
674 646 135
1986 1183 1634
1948 405 415
474 305 733
1630 1046 687
1821 783 912
713 645 1986
1975 26 1879
784 683 1442
1578 1517 550
1691 1553 1224
107 84 1938
1263 1131 1572
1082 761 1790
1298 679 581
1813 165 211
865 209 1478
1718 596 340
935 17 1362
1794 1481 1667
600 446 454
955 232 580
1720 710 1251
149 83 1189
1704 798 493
670 633 976
1307 1036 1571
1884 987 1060
1747 987 98
1980 687 1005
824 431 465
1865 212 359
1875 1497 323
1532 1353 1279
1945 818 941
1714 730 86
1939 703 784
486 350 1237
1496 1075 1155
1681 1521 321
1873 1453 1109
1928 633 1016
1079 494 1538
1349 627 535
1796 1009 1073
1102 367 1976
1998 47 1664
1765 333 59
981 434 697
826 538 736
1285 889 239
911 102 1823
1662 1206 203
1488 1195 522
1769 506 1249
1047 408 593
1673 1291 841
358 104 165
739 220 1717
1422 1364 1191
1803 1318 729
1191 496 1508
745 308 1312
1344 245 1119
1001 640 1161
696 348 165
1764 460 1567
1315 510 1183
1893 415 1753
541 446 117
1152 610 1390
1442 610 11
1059 848 1684
1849 1766 1846
1148 948 1597
1701 149 1885
428 228 1764
553 13 341
1941 1369 1594
1767 1334 1443
1240 187 1119
1954 69 722
1678 1323 1814
857 836 49
1967 259 126
1456 1242 1632
1129 918 1620
1816 1518 1346
1211 99 1959
1317 361 408
1678 403 199
1063 721 1256
1891 264 1170
732 118 804
1809 30 1957
1765 99 366
1170 939 1804
1860 859 644
1662 532 460
1125 125 1070
1070 261 1544
261 120 1980
1653 471 1973
1854 555 1144
1465 204 1922
1904 811 954
1677 368 1487
1910 1332 531
1567 343 1156
459 287 403
1797 832 1214
907 82 295
241 203 477
1720 1431 1782
1514 1468 1565
1763 976 1002
1550 35 424
1364 1019 1198
518 1 1965
1772 155 1576
1895 109 1153
1562 395 1781
1339 463 1594
1290 562 1695
1593 556 861
1413 1010 1356
1471 379 1407
1865 650 1320
1798 1705 334
1450 1243 1129
1852 718 349
1790 552 513
1731 1062 1658
1503 609 1659
1639 622 55
810 65 1104
1840 709 485
646 360 1080
1378 166 1457
1925 749 1315
1690 980 1524
1824 271 1781
986 345 1956
980 646 499
1428 1186 1098
1989 38 1704
1877 433 328
1708 610 787
1407 1291 1598
1817 1039 568
1480 997 1316
162 147 1955
764 669 363
1286 473 1522
605 39 682
1947 1887 1086
906 599 1054
1426 997 418
1884 474 226
974 308 540
1893 298 1326
1971 1842 332
411 374 693
1744 1401 1788
1511 1020 1064
1323 716 17
1992 437 754
1628 1029 1260
1024 810 1391
1628 800 1378
1403 123 543
245 142 1200
1171 914 1356
1001 155 548
1487 1071 1188
722 513 1050
488 155 801
1801 783 11
1275 447 1841
1457 203 1519
786 161 743
573 484 36
1790 611 452
1989 159 890
1956 1630 1829
1819 1339 966
1251 230 967
1965 1117 869
454 20 373
1552 782 1661
1370 1252 65
1640 1050 748
817 608 1682
1854 319 212
951 371 710
439 4 1840
1810 369 1256
1290 912 449
1368 118 2000
914 794 411
1928 128 1156
1603 362 1292
1412 204 1187
1448 134 1006
1480 1477 788
463 364 785
1276 77 1869
411 86 1167
1250 951 1493
1013 626 1070
479 356 621
1073 456 991
858 205 1069
1674 812 525
1329 348 647
605 350 1953
1136 743 974
1256 578 1832
1939 105 347
1402 283 617
818 469 1218
1433 765 1605
1854 336 1429
1971 1882 619
1060 590 884
1618 855 174
995 752 1774
1836 669 657
1350 1319 1478
161 98 152
1861 316 1850
301 157 1611
1376 1101 138
1830 1473 1934
961 90 914
931 133 939
562 426 224
1421 1326 1538
1182 232 1607
1197 698 1108
1702 1450 404
817 119 954
925 917 885
1004 914 1961
1668 1318 1069
1633 832 1088
1241 375 1615
234 56 557
1187 144 855
1721 1475 1541
674 162 1876
801 793 1825
1061 41 721
534 11 1998
1834 253 1801
1055 519 6
1593 786 1876
1173 977 844
1995 1737 215
1545 667 556
283 231 716
1019 134 1800
955 748 1136
1195 587 814
1141 861 361
191 103 1595
1542 1008 189
1863 830 623
592 378 549
1478 1272 1127
1714 44 1553
960 266 744
1281 466 1086
1179 269 1254
1774 1536 986
1502 255 677
1445 544 203
1558 819 1540
1615 1005 1063
1639 127 256
703 15 154
1194 393 814
1915 581 427
1774 1407 417
1646 369 753
1836 1302 1011
1425 1268 301
1897 279 1087
1206 1070 1640
1964 410 1557
1543 177 1837
1106 453 1030
1466 1362 1662
1555 613 1770
1642 1354 632
1949 94 310
1743 1315 1548
571 248 139
1591 1534 786
1550 361 1263
1548 4 1614
1978 690 1484
770 500 1643
1783 502 1472
159 143 972
1910 119 357
857 745 296
1765 1065 988
1058 410 1479
684 455 1853
1933 1011 1960
277 66 814
1623 694 1424
1692 1240 395
1782 1053 970
1142 600 770
805 616 834
1996 1388 1848
1922 618 390
1345 1003 678
1943 450 1193
933 256 1134
1597 765 498
1594 342 1581
1827 39 1358
1898 139 293
1920 1551 1626
1985 810 202
1292 893 1234
1472 918 137
1947 740 15
674 622 1894
1222 874 455
973 855 492
619 331 1759
1834 879 1091
1108 912 1071
1085 210 1564
1691 621 1384
1311 1148 1966
1243 335 1257
1980 1534 422
1995 740 40
1261 248 799
1879 1124 1636
1468 128 1439
339 128 302
1699 1096 1900
751 52 755
1291 408 1597
1378 1213 1416
1943 821 42
1801 1209 478
1351 326 1975
952 555 846
1945 1383 699
1409 1313 1549
1826 1485 509
1138 968 1861
1927 1173 1038
810 118 1730
541 366 474
1887 59 1281
485 262 669
161 83 163
879 797 200
1234 302 778
1093 11 694
1511 506 1500
1513 293 1480
1906 362 1514
1922 998 1801
1535 673 9
1211 1010 835
1625 969 398
1296 1081 734
1822 1605 1743
1112 755 1079
1009 134 1204
1911 509 450
1912 1378 1402
1719 455 989
1820 1246 482
1797 1415 1284
1089 960 1359
1731 1093 1783
1092 400 1706
879 750 92
1512 267 967
1424 263 853
1214 1035 366
1308 195 607
1563 1400 966
712 629 197
1529 1433 800
1443 361 1780
1073 455 664
1408 769 1709
1751 115 537
1293 1025 1977
1167 1124 361
1957 706 1896
1054 117 1905
1188 158 1539
1877 906 42
1281 86 1863
895 783 555
1033 892 1794
1264 547 142
996 310 1081
392 231 1773
1625 807 1389
1546 49 1320
418 347 1258
831 364 1611
1699 302 308
1083 555 1879
1308 144 901
1733 91 977
859 3 814
582 235 154
654 67 1636
462 153 1012
1869 1207 1914
1691 31 69
364 273 1979
1321 1035 562
709 110 1642
1312 456 1813
1359 335 1909
371 367 256
990 34 1216
1439 347 1325
1892 1104 90
1518 313 1180
1201 273 1556
1250 1220 1297
1466 778 23
818 121 427
1356 581 1596
1755 1121 355
1860 784 72
1714 844 818
1412 1229 678
1440 1253 442
1807 407 1966
1756 65 1646
861 312 705
788 142 1519
1750 117 1336
1559 720 399
1008 359 976
1980 1092 1973
1566 827 1693
292 198 758
1478 1422 1247
1614 379 1133
230 7 920
1325 496 1185
991 526 1542
1014 830 1191
1106 175 309
451 63 294
1158 666 1985
1936 1440 20
1771 1639 850
1682 656 1861
873 235 1632
1218 744 1006
1991 1623 457
1432 110 129
788 470 20
1928 542 1440
1207 310 1678
1898 855 1790
1118 388 229
1492 533 194
1604 1601 1180
1711 536 1569
1350 1286 1566
1273 913 1454
1816 1331 556
1790 630 53
1112 411 1009
981 238 897
671 423 335
1692 419 278
906 637 530
1222 604 1700
1862 1207 1982
1933 1658 832
1393 569 144
1388 505 1269
1245 904 386
1194 547 330
1167 62 415
1181 1124 1806
1779 1735 812
638 180 503
1522 717 1727
1539 1081 900
192 109 1421
1681 17 596
1562 1439 123
1770 798 745
1010 639 1472
673 23 1105
788 442 1519
1709 1688 802
1671 745 670
688 652 1602
1866 286 341
1898 1406 1401
1927 851 1602
1193 1103 1728
1653 630 1867
1182 239 1137
1069 817 1620
409 326 568
1918 721 994
1189 902 1951
1480 974 1210
799 143 316
642 318 755
1408 772 1365
1874 752 1532
1482 361 1843
1342 652 264
1099 925 1125
1565 610 1510
758 688 833
284 28 62
1813 883 347
834 193 1973
1839 577 358
1579 1267 68
1313 358 1294
770 423 787
973 333 130
1794 1159 933
1987 772 1149
1702 820 123
481 311 1088
1905 35 1341
1507 31 1277
569 472 291
1564 1136 240
1562 799 1180
1038 841 8
1899 305 1851
1795 1713 1139
930 466 1189
1267 782 1733
322 274 1870
1741 1439 759
1761 1545 1647
287 223 1191
1961 1176 1385
1029 864 505
1428 243 500
1170 386 442
837 495 883
1686 19 1877
1911 1161 1073
736 75 1463
1824 538 1254
1806 1613 1729
1521 742 429
1762 956 36
762 322 684
160 110 208
790 452 1471
1948 131 961
1277 688 837
1008 224 202
1940 1317 634
768 366 1526
893 660 231
1529 136 433
1892 29 1880
827 445 1161
1676 1215 1601
1834 1676 882
1973 255 217
500 133 72
1628 1165 1839
1944 1919 985
1792 61 95
1923 1842 298
1485 67 813
1557 1077 452
932 109 30
1280 529 1246
1976 1523 427
1849 1675 1557
1584 1018 1842
1162 21 138
1521 1078 462
1498 170 910
1692 1609 1295
1953 1173 1613
1659 1019 802
1456 725 1504
1423 1092 692
1404 195 69
1999 974 89
1837 673 176
1710 758 1883
1277 253 1277
1862 1802 404
1228 1101 815
1721 886 217
735 285 1454
1818 1471 1050
1925 593 1995
1730 1484 374
458 248 1179
751 352 1802
1737 1005 1226
1927 884 754
1054 302 1207
1171 948 1036
1288 662 221
1091 239 1825
1869 1052 1668
1498 1053 864
647 644 1978
512 374 670
1364 745 1472
1141 347 1830
383 219 682
1659 577 1248
1618 947 918
1227 1031 173
1805 741 1116
1455 944 1560
1437 940 1161
1042 976 1835
1783 1546 1094
1380 666 1363
1515 48 441
1475 1259 1555
1483 974 1544
1956 1244 1340
1858 746 41
1948 1417 1370
1956 438 1214
620 2 410
1267 192 751
625 217 1218
866 311 1078
1792 502 145
786 773 1430
1748 820 256
1245 143 521
1691 1283 1835
1393 1057 566
1157 910 1927
1717 681 1979
758 421 1588
841 309 1948
567 467 1991
1922 1635 1469
1863 812 751
1742 1178 501
1449 709 1171
855 439 433
1706 1394 918
1120 978 1182
1344 498 228
1338 969 697
1503 965 1872
1295 1230 940
1490 602 1942
1545 739 236
1492 1266 1680
1294 18 1614
1394 200 1064
1976 957 870
1953 937 443
1812 478 1254
1247 507 1376
1089 991 778
1095 800 1753
1496 855 1062
1649 757 1776
1032 714 1164
1936 782 230
946 771 1383
1429 623 1964
1523 105 254
1101 231 435
504 438 379
1527 765 1805
996 694 1306
1135 227 331
1865 900 1870
644 531 333
1072 656 1254
1368 697 1599
1758 690 500
1736 141 1353
1032 141 163
1929 138 1750
1644 228 1443
449 271 396
1343 173 1808
1740 1143 963
863 468 1869
272 136 351
1328 1138 581
1622 682 1606
1572 1104 690
1512 334 594
1579 527 1776
878 595 106
1485 810 915
864 740 907
631 256 1584
350 92 532
1764 877 808
643 199 1077
1380 1307 1973
1484 226 335
1600 1086 574
1773 689 1163
1937 1622 831
962 436 1442
1783 1494 1225
1151 30 1563
1411 1025 91
1915 379 223
303 191 1410
1075 713 1133
1155 91 337
1880 1254 70
899 59 100
1316 406 977
1141 351 319
871 57 1390
1238 217 1683
1908 792 1130
1719 1016 668
795 631 1001
996 468 1489
966 522 633
1178 324 1275
469 312 1758
1979 1880 66
1556 1420 526
1311 729 1204
1379 579 1671
1397 879 1247
1726 849 305
980 919 1094
107 52 707
1237 265 316
1572 783 1712
749 685 1380
1381 1 747
1166 401 90
579 377 957
1220 310 1217
1782 72 789
1866 1056 320
1814 1804 1999
1636 405 773
1815 299 68
628 511 1070
1814 1460 1214
299 136 1583
1029 199 730
1019 13 340
1742 1308 394
1820 326 1317
1762 810 451
1177 182 846
1877 311 1015
1428 771 1575
1234 779 1842
1250 1159 1960
546 524 1027
1872 1031 1799
789 388 625
1948 1854 1576
1743 202 1682
1589 308 182
1715 1396 1555
223 119 1604
1921 925 1351
1889 1277 1974
461 380 1131
1361 406 1243
1713 996 1512
1778 507 559
1394 43 1203
1822 370 1284
911 641 1567
1720 935 1712
1323 187 1341
1361 1185 1696
235 28 1577
1240 438 1024
1353 232 391
1966 842 944
1268 251 125
1548 242 1466
656 643 1743
281 251 1255
713 601 740
1452 142 1918
826 627 1979
278 277 1774
1545 113 1321
1630 1193 123
621 589 11
725 577 485
1621 395 1899
711 150 1130
343 169 1331
748 542 571
1585 1191 58
1441 1352 1159
1772 921 916
1496 630 1848
1105 1028 897
1981 350 764
1063 347 1213
1886 279 1765
1867 47 1918
1797 1654 830
1400 250 1903
1054 1020 1689
1912 1211 190
1277 623 1747
1738 795 1090
1819 215 1749
1737 1087 495
451 61 1139
1134 218 1383
1533 874 1930
1938 1605 177
1470 609 165
1791 868 1824
417 385 443
1264 181 1605
1804 754 1309
1794 1184 483
1618 265 998
1586 58 845
817 746 529
1997 1180 480
1273 816 1065
1893 522 1131
157 37 1904
1165 629 1745
1629 1038 605
1351 73 1145
925 347 214
1509 736 876
1743 1586 1949
680 568 141
1663 1266 583
686 188 760
962 204 1738
1878 214 1741
1256 919 820
784 420 1558
1177 50 1981
377 333 1598
258 121 1397
1545 1240 1482
1213 230 205
1822 940 1362
1514 1497 65
1971 1151 1515
1044 837 1443
1442 1371 1216
937 471 254
1822 158 1454
1216 648 502
460 94 1290
1915 105 1528
1198 819 297
1470 896 1476
1436 469 1472
664 4 1790
1290 940 168
1269 21 1204
804 74 1157
1477 37 1195
1517 1172 73
1785 424 1190
1228 172 158
1464 254 260
1811 1700 832
1937 1086 735
1209 884 1950
836 683 818
1690 1392 1814
371 195 1473
1055 151 533
1417 598 365
1467 49 302
1168 1007 154
862 748 185
786 472 1627
1824 560 1017
1651 1424 19
1767 1428 28
1686 291 467
1117 46 440
1784 191 663
641 146 368
1930 1384 852
1956 1834 272
737 655 1641
1371 468 497
786 585 205
1740 751 1183
958 766 1395
975 465 1272
1667 1481 749
1396 1361 496
835 752 892
1158 868 1281
1897 1617 767
1876 777 1112
1443 280 1305
1892 556 564
796 520 1037
785 563 838
1962 673 1085
1565 772 600
1559 1009 962
493 393 1959
634 518 676
1634 1616 1870
1085 419 831
1346 454 1413
1846 665 371
309 126 214
1552 1242 850
1298 689 155
1605 264 425
1323 57 480
1602 1339 1926
1831 505 1086
1528 901 1227
1926 1473 471
1509 1223 816
1586 922 1674
1511 846 312
1222 165 57
1925 930 10
795 25 1546
1692 1686 989
1847 948 304
1796 681 517
1697 458 1744
1810 1072 1054
734 146 297
1829 172 714
1227 367 1225
644 155 1613
639 211 1893
794 655 471
1098 999 1095
1788 1251 779
1620 2 272
1966 1537 554
1482 816 824
1199 814 626
1489 455 1209
1280 600 40
1755 1043 204
1857 602 1595
1316 605 309
1197 900 1380
1081 174 764
529 353 146
1162 688 852
1050 832 1040
1239 528 392
678 586 249
1482 1455 729
1942 35 138
1735 663 1117
724 422 316
937 233 252
1577 1348 1964
1927 116 1901
1409 241 1898
1918 116 1325
856 7 1428
1146 316 113
1853 1004 68
1960 52 1331
337 168 1741
257 57 296
1991 260 470
1774 1199 1717
1910 1341 1302
1666 326 949
1296 262 924
1224 727 39
1952 735 1542
1228 552 130
1658 613 232
1874 1403 21
809 388 1181
1580 479 624
629 400 1975
1579 167 1051
1023 554 961
1538 941 1033
1332 405 1261
768 310 1184
965 884 1577
1534 1412 556
1749 138 84
174 138 969
1811 1108 1342
846 279 1020
1634 855 1764
1822 1523 589
1760 1013 1676
1644 1384 21
674 661 1389
1210 442 465
1772 1640 1532
1521 416 1914
1678 692 961
776 543 356
1903 1188 802
995 268 1530
1920 1429 849
1314 846 1275
1834 1321 1110
766 402 1162
1645 439 75
364 329 220
1118 632 1009
1688 364 319
1610 1370 106
870 687 710
1563 540 1410
1731 1261 1492
1901 1359 274
1222 1190 1561
1028 160 1653
1087 912 1969
1815 147 1020
1350 251 484
511 350 1797
896 441 978
1291 277 1338
1809 980 63
1788 613 935
1453 1142 946
1225 769 897
1536 754 1650
1904 688 1761
1953 1219 11
1570 917 1871
1027 918 782
1016 308 916
1619 1543 29
1536 402 244
937 42 1107
950 847 1796
1796 1322 581
1996 363 1242
1148 482 1240
1962 175 1714
1173 310 708
1986 1607 1149
1889 1481 1386
1278 1184 370
1472 165 1609
1872 440 1128
898 9 1977
1986 1501 1816
1671 791 970
1950 1200 1678
989 851 1921
1876 337 1154
873 469 1110
1666 1213 620
686 611 1900
1171 1026 1239
1003 66 1403
909 156 1560
1279 1021 1709
323 20 559
1762 1013 1473
1448 989 1373
1886 439 921
1979 955 934
1132 445 627
1229 538 1413
748 5 579
373 312 1521
1176 354 1138
1756 1020 520
781 744 1003
1314 721 371
1653 755 912
617 549 1088
1988 647 338
1854 1347 558
1783 300 1788
1796 1566 1179
1788 1689 1658
1737 1640 1392
1769 578 1554
1816 85 1418
1117 196 1081
1595 1442 579
456 31 1145
1907 929 1280
1585 132 346
551 356 1877
680 633 227
1118 516 1419
1334 565 1210
1872 147 894
1630 126 1358
1916 875 1320
1880 440 1166
335 258 1756
312 155 1795
375 199 1870
1068 595 1809
1638 1475 123
1674 98 1298
1723 851 253
609 159 1652
1447 689 860
1366 1328 41
1884 942 588
1073 648 1614
520 314 326
1512 454 1710
1725 643 544
1429 980 834
1726 218 580
1924 1228 1240
1805 1495 633
1465 1428 1520
1369 669 1912
1978 544 1844
1272 129 1181
991 519 1570
720 597 237
1502 438 1100
856 453 175
1907 1858 1162
1832 194 1772
1824 1753 737
1759 1489 1985
1951 165 432
1976 1956 430
1811 1633 1381
893 396 252
1473 84 1511
645 269 135
1466 557 155
468 355 1809
1348 691 570
1421 621 293
936 776 830
1490 993 1800
722 441 45
1463 1200 1642
957 730 334
1176 114 676
1673 499 448
1581 653 343
482 300 1232
943 33 967
1046 261 1420
580 176 1344
1106 990 59
1731 322 1439
1857 600 175
554 407 798
390 155 476
1890 913 1048
1910 228 504
1592 1464 318
1370 398 1193
1402 549 649
1716 1260 912
1666 415 275
1210 777 1117
1111 744 1976
947 654 1524
1861 287 707
1658 1379 1846
1081 601 801
1730 1460 1413
1950 394 249
1574 78 1899
1103 518 1586
1597 1359 1107
1394 735 1829
1958 1803 1195
995 795 779
694 622 1988
1768 1600 1486
1250 365 1012
1136 283 1444
1920 1280 515
1766 1579 1873
1165 994 1116
162 80 157
928 383 1451
1349 735 178
1502 422 1508
1760 1581 1169
1798 1317 133
1434 437 1267
1652 305 356
646 535 1359
1002 304 1750
1557 441 105
1865 1144 1850
1949 16 1816
1183 827 1427
757 259 1600
1577 1111 1882
1621 1104 798
1970 1021 756
1165 156 1788
1532 1262 888
1947 516 765
1141 380 1385
1810 1120 222
1477 1155 1458
1866 1736 782
1770 209 1000
1482 827 1289
1510 607 1995
1688 596 810
1649 24 1693
1756 1361 15
1987 840 1736
961 320 120
1953 1076 1538
1416 627 1290
1117 1038 1026
1053 177 109
928 462 721
1648 1004 370
1090 1061 1741
1023 612 773
292 255 135
1682 1274 1989
1171 858 747
1578 452 493
1414 820 563
1802 506 1107
1366 1058 826
1107 637 1
872 800 1132
1603 27 842
1386 264 884
1762 1522 20
1454 272 179
1829 1547 1256
1211 535 826
497 317 1656
1466 513 372
1325 954 387
1236 693 1816
1781 182 1756
1950 61 1537
1232 621 459
1788 1294 830
582 173 1675
1684 787 1247
1344 1317 96
632 276 1298
1684 489 388
1750 699 1506
1920 186 1037
1933 372 22
886 558 124
1314 1013 1692
1650 1208 473
674 190 1562
418 160 145
1777 648 1862
256 205 1164
1390 971 484
480 324 1897
622 285 291
179 55 303
1794 225 398
1517 80 1857
1178 957 1299
1630 921 112
1483 305 818
387 99 1725
1173 658 632
1762 627 285
1985 498 391
444 148 1788
1934 1372 1604
313 201 1148
1356 569 1585
1421 187 1172
1936 1252 464
1375 543 761
1198 362 871
1070 566 1036
1524 672 492
1166 975 1260
1906 543 1856
1687 384 240
744 69 1119
1881 195 1435
451 343 542
1514 1138 1237
1491 222 300
1240 465 125
426 327 1820
1494 1360 1735
1468 542 618
1850 194 1585
1489 261 355
1907 1411 1138
1020 937 1719
1192 637 1555
1849 1454 732
1088 373 393
1223 1197 594
1608 1124 754
1145 764 532
1159 772 1378
1624 804 311
910 524 1618
1860 524 150
1550 1361 1665
1595 295 1522
1265 675 1909
1995 1806 269
2000 1319 1716
1294 474 1588
1808 1660 795
282 152 1838
1310 1143 686
473 201 1198
1646 1416 622
1769 364 413
1886 1215 1685
1988 1493 1418
1037 965 683
1740 749 882
1625 1016 469
1033 523 1116
1440 837 166
797 543 1729
1567 1025 173
1763 1437 204
1657 142 1871
1530 694 1505
1720 1484 1107
600 461 1700
496 384 1212
1380 937 1062
1682 1330 186
898 530 325
1714 23 1937
1043 694 1245
1078 1077 818
1492 832 555
1490 555 101
1257 1010 1245
1823 48 283
1587 373 1485
1690 1413 1224
1539 181 1410
1841 1570 1676
1024 878 549
1906 478 428
1262 1158 1414
1180 158 1097
1816 746 1478
576 197 1498
1857 174 1169
1521 981 1884
1299 745 1884
1665 1424 521
1990 668 165
1059 876 1042
1845 68 650
1911 1820 19
1804 1398 81
1631 151 1239
1316 1192 525
1659 1100 563
1675 128 947
1847 428 450
895 691 625
1463 367 1828
1565 340 1647
1167 113 1980
1868 132 181
1810 360 1474
1603 1543 1690
1777 64 371
717 196 891
1132 449 1540
1538 379 732
1431 500 128
1736 543 1750
1483 787 47
1390 498 48
2000 1609 928
897 316 1020
1273 357 1570
1743 857 908
1780 122 765
1433 1090 1600
1368 1237 386
528 145 1042
832 295 1073
1679 230 663
1312 208 936
1229 825 1104
1995 957 1710
1756 56 1878
315 176 1378
1338 451 1034
1799 213 108
1165 786 1267
749 399 1287
727 86 907
1084 1080 600
1091 974 249
1153 278 686
1102 1040 1700
1499 344 614
1349 495 707
1844 1514 1975
1351 1286 543
1135 900 694
1519 708 1491
1956 79 96
1290 453 1063
1164 1024 144
1637 211 411
1806 290 356
1088 175 1931
640 99 1740
1308 100 468
511 184 606
1356 1329 1725
1313 402 1340
443 188 402
1609 688 400
730 574 1949
1730 1171 1607
1794 1161 126
1552 749 1373
1700 1612 761
1180 444 114
962 643 1295
725 237 1641
1463 812 1726
1540 713 70
1683 1340 1957
849 235 1933
1720 796 1095
1806 505 520
680 348 32
1751 368 1279
982 87 21
986 858 1409
1072 871 259
916 529 570
1895 1184 1027
1695 167 1292
664 86 1041
429 387 1418
1650 1320 365
1935 1624 1524
1309 1118 1934
1512 1215 1789
641 433 1724
118 20 1876
1924 461 1575
1646 1530 445
1623 551 1704
1077 504 209
953 704 673
802 178 105
1082 855 1388
846 842 1910
1424 1189 1389
1720 752 583
1645 1515 221
1780 918 1132
1676 609 1771
947 327 1496
850 300 733
1979 60 1618
716 38 1524
1781 284 1536
611 18 732
1798 994 598
1538 287 1053
1050 837 247
1713 252 1272
1523 16 72
1776 1678 1217
561 65 1765
1394 48 1443
1336 179 728
1028 420 1415
733 365 1212
713 682 1755
1562 1372 1285
914 789 337
1863 1102 1002
1286 1012 208
1679 1179 832
800 228 1362
1882 1397 1660
289 30 612
1771 1116 1908
703 694 591
1384 468 340
780 338 836
1637 542 792
1091 809 1467
1376 98 1789
1877 1625 711
1276 41 1998
1835 1113 1882
1234 573 1978
1668 783 898
1140 343 356
1028 527 341
134 121 478
1590 1104 1401
1837 1476 173
1193 579 1676
1178 132 334
1862 971 1568
1147 113 1388
1760 926 255
1158 969 1849
1638 1630 279
1446 461 1479
791 753 1665
1624 329 1467
1889 429 600
1296 766 759
1858 1743 1335
633 357 432
1495 1231 1609
1677 1238 1708
1653 170 589
684 23 1827
1800 1616 1156
1098 1091 1777
1944 667 346
1209 331 380
1622 1552 77
1381 501 843
1879 621 658
724 391 452
1946 1150 700
1888 844 834
1873 1153 343
1398 741 1818
792 6 938
1979 576 790
623 601 1086
915 776 1947
848 541 1706
887 550 1310
1241 721 1700
1391 632 872
1600 1202 1786
1876 1176 1044
1852 1508 1262
1481 1253 264
1129 99 1556
1603 766 1595
1034 9 486
1866 174 1240
1053 776 1806
798 376 1466
280 18 1356
1660 73 288
1304 1265 466
1133 1052 686
203 177 353
684 277 1320
1740 1275 55
1775 1516 1181
1083 642 1483
1916 756 723
1369 1120 845
1896 1473 74
828 296 1960
1174 945 320
1816 1385 622
1546 370 1218
664 285 110
718 473 1944
1772 266 845
1243 884 1241
1722 488 360
1149 377 881
1460 900 1822
583 191 1762
1526 74 539
1980 883 1222
1649 1632 234
1347 262 1032
1093 705 1574
1642 1569 139
1485 1247 422
591 330 1590
1476 1073 1014
2000 1237 1946
1562 427 1109
799 481 328
1359 1128 602
1466 919 705
1144 452 1598
1101 28 438
1876 222 1675
1398 981 1682
1504 488 1234
994 345 1413
1991 521 610
1088 914 1775
1851 401 1107
688 385 1601
760 293 1174
1820 142 1157
877 767 1336
1186 653 346
909 42 1393
1011 406 995
1790 1510 180
550 373 1893
1822 1162 885
1778 1724 297
1488 544 1196
1838 1500 661
975 740 1310
515 82 1791
1557 1394 1988
1189 1166 1018
521 217 453
717 131 1530
1970 716 1437
1851 347 1043
1440 963 495
1048 205 748
1448 53 1476
1803 1519 488
412 362 1855
1923 1448 1194
1809 1228 1879
843 111 1868
1305 869 1459
230 115 1268
1981 1249 1256
825 382 1475
811 456 1930
1867 574 397
573 516 659
1475 142 219
615 135 1401
1435 1218 774
1958 186 1683
1980 979 423
1655 1364 137
1931 1488 187
1982 966 352
1782 428 407
1775 914 592
1204 891 1917
1329 1137 652
673 430 1557
821 598 984
940 581 322
967 122 1809
1064 728 748
1147 505 1825
845 666 1040
1747 538 1958
1635 265 1831
1710 702 56
1526 755 1170
1549 996 1153
1841 853 94
1626 523 1172
973 938 1827
789 392 1222
1856 669 224
1691 1279 1414
1908 1795 616
1119 649 140
973 258 509
1780 730 1193
1072 313 1323
1457 1402 1264
971 573 1169
1992 688 576
1154 1151 1573
876 145 86
1879 1383 1486
1567 701 753
1942 324 610
1262 530 39
1467 1345 541
1774 244 940
1461 1364 660
1587 484 128
1999 1803 1545
1547 846 570
595 68 1392
1381 677 1153
1553 458 477
1671 1602 616
1536 1169 234
1330 1165 691
1650 1106 1239
1481 554 279
1957 577 1361
849 637 50
1326 1083 408
1193 1177 1603
343 253 1946
1770 43 1928
1922 893 573
1875 1609 33
1694 1480 1915
1127 590 1962
1767 1191 623
1852 1079 204
1199 3 1227
655 36 416
1542 1012 1766
824 203 83
1733 467 1077
1598 687 437
1413 391 494
1257 1246 498
1547 859 873
1544 1429 1507
911 599 852
1609 1291 1598
1311 142 1010
1269 503 356
429 364 118
1446 1202 811
1846 1409 1419
1747 152 1062
828 448 1670
969 483 405
1399 67 1984
546 481 1807
1814 671 1779
1756 258 947
1669 1638 1798
1592 749 232
1343 442 1976
1704 1180 844
1516 113 1218
551 23 107
376 142 26
1196 329 575
462 147 1031
695 160 773
888 871 1171
1374 391 312
1975 1679 1038
1556 859 1239
1683 1466 1968
1372 636 980
1371 145 1281
612 152 1467
1405 240 667
1033 147 634
1969 579 141
2000 1222 1817
871 727 1470
1629 685 395
1550 1137 762
1374 64 1203
1774 239 1550
1037 984 1918
1452 1060 1319
1106 454 1402
1377 461 419
1561 889 590
1620 368 1314
1005 342 1850
1694 1190 607
1954 599 886
1515 734 275
1215 274 1695
1888 1279 1384
818 652 1563
1814 1028 326
1384 518 1257
1267 1248 964
1470 191 463
1613 1504 1329
935 149 1305
1694 222 1302
815 30 747
1367 1134 1143
923 841 528
1746 187 215
1702 1630 1530
1906 1486 534
925 440 542
1132 740 1842
1693 150 1835
1907 296 1109
413 176 4
1793 1631 1164
1119 261 266
870 30 891
1853 1407 1063
1031 380 525
1199 141 765
1584 1553 857
927 714 906
1951 680 516
1998 490 1031
1626 913 21
1274 234 877
809 230 1419
1423 1047 1774
1518 368 972
820 411 1958
1014 836 714
1505 190 633
941 866 1580
1920 1741 1207
1416 702 856
1722 702 838
1819 1589 1293
1811 632 1306
1955 838 956
518 296 766
1895 1673 1709
1406 1143 424
1075 331 555
419 369 183
1766 1408 259
1727 1591 950
1672 653 1641
1685 1319 1211
1910 1796 264
1841 686 642
1297 125 1322
913 786 1959
1855 4 1900
1329 840 1041
936 692 1243
1708 692 178
611 162 138
135 37 1243
1843 771 717
525 415 235
1730 1030 1
1719 109 1654
352 196 1497
1653 1507 683
1694 741 873
1121 494 1425
1794 607 1239
1792 975 1579
1523 218 481
1331 926 1645
964 851 1478
1568 277 659
1532 280 547
1815 1651 1410
1080 286 6
860 716 686
1457 639 1292
1295 1040 765
1442 1319 565
1206 1050 79
1373 912 1438
584 178 1695
1438 896 406
1787 797 1493
922 135 1852
1928 21 630
1012 686 48
1642 1466 1526
1343 340 1374
1465 53 1200
1481 1255 946
1701 888 504
347 43 260
1872 72 122
1947 724 792
1191 967 1320
716 181 1479
1923 76 1772
1872 1357 632
696 126 1825
771 513 464
1250 1013 1167
1946 554 899
1718 653 841
696 654 1256
800 445 1114
865 669 1281
1217 1060 1643
711 472 1846
1406 1120 1528
1297 1015 505
1134 778 1672
1755 577 1592
1428 97 988
1941 722 303
1279 400 286
1441 1159 1397
644 189 522
1640 249 822
1353 476 619
602 245 809
1928 792 1091
1560 983 1230
1206 500 910
1896 1816 228
997 936 384
1934 555 1461
667 120 966
1381 340 80
1588 348 506
613 603 103
84 14 1913
622 535 1600
1338 645 216
1468 211 1113
1731 184 1651
1828 604 761
1724 1650 1382
560 201 307
1485 224 550
1784 1105 1453
651 297 1799
685 422 653
1654 917 844
1776 32 1974
1642 569 689
1526 194 512
1441 265 1146
1157 926 333
1946 1788 620
1899 1034 627
1640 898 1340
1012 735 1402
312 272 1712
893 215 1813
229 79 438
1991 51 634
1922 557 162
792 592 1247
1275 71 13
1761 1229 70
1465 263 596
1807 1730 579
1527 249 803
1968 1028 1408
1333 97 781
1874 302 1097
1079 165 456
659 212 1158
972 832 1090
1789 752 662
1314 870 1950
1076 405 172
1444 1210 714
1981 694 396
740 124 1463
1512 356 1847
1382 759 1426
1749 1274 1374
960 894 1537
1581 564 1712
1155 179 362
1907 1762 99
408 290 1849
1288 214 935
1463 1100 1333
1310 82 1713
1092 17 1628
532 514 1934
247 75 1592
1567 793 923
977 718 889
647 201 712
747 653 682
1838 320 1374
1537 556 961
1260 985 1018
1143 822 762
1139 385 370
146 101 1915
1561 1551 1786
1894 653 1103
1830 144 1692
1614 452 377
1312 1132 169
1830 238 359
1497 69 301
1724 841 1465
1915 337 1008
930 384 375
1728 21 851
975 817 1799
1001 810 308
1646 1427 1868
433 134 1881
963 505 911
1826 839 250
526 360 1782
553 474 1295
1265 635 132
1660 1152 254
1328 1258 547
1366 413 1125
485 150 1666
1882 1270 1595
1447 702 1030
1285 1005 1606
1160 443 1267
890 242 295
1885 1238 736
1612 579 1709
444 38 658
1034 626 1244
1919 1027 195
1512 1392 510
518 62 1172
1574 152 784
1554 1254 785
1618 943 1572
1823 90 1143
235 131 544
1078 952 1710
505 255 527
1505 894 663
1854 1047 685
712 436 217
1340 1110 128
1031 429 314
1023 645 1354
846 199 580
1946 180 1334
316 37 274
1358 747 1313
1600 292 525
1486 335 751
1751 135 89
1292 66 804
1847 712 924
1350 955 1114
801 717 132
952 678 1416
1312 314 722
1968 1384 135
1598 631 40
1872 473 556
1992 1624 1064
1906 1265 1923
1048 593 1954
1429 1090 1321
1942 399 1135
566 86 500
580 311 1844
1959 959 445
650 373 467
1317 84 143
1724 612 1132
1272 174 1682
1098 604 1343
865 386 256
383 186 80
1933 1755 1171
1717 1531 142
1561 1464 1576
1807 1630 546
567 343 273
1690 756 607
1913 688 1959
1685 899 216
1274 700 1681
1683 501 110
1296 1044 1895
1732 526 1812
1827 1572 1063
1118 36 1692
1632 453 868
1749 889 301
1111 698 461
237 21 616
1777 227 1468
1945 96 56
145 143 1523
828 539 1166
889 163 675
1900 620 1061
946 378 978
1594 932 1050
334 208 279
1710 388 1300
1390 1217 1917
1102 451 1980
1771 1702 1907
1764 620 225
1536 997 905
782 486 61
1687 1509 972
1135 931 1074
697 305 1180
1584 1167 1593
1464 815 1273
1927 1596 630
1865 729 1844
1928 1893 1151
1627 1328 1343
1867 584 1626
1676 861 277
1641 251 1310
803 801 1311
1361 499 1249
1770 1673 1062
1632 44 327
1917 522 1477
1790 1331 765
1465 207 1145
736 607 1243
1330 601 1173
1432 381 561
1868 524 1044
1573 1080 251
1800 549 1975
1635 1425 80
1752 1144 1013
1901 150 7
1906 1045 526
1542 525 1146
1879 1376 1950
1687 812 468
1030 346 624
1187 570 1340
1257 939 47
1832 1556 296
772 174 136
1640 329 1363
1970 1764 979
1758 202 1933
1622 1384 763
1928 1543 149
1629 1184 1935
1282 889 86
606 218 475
1988 1932 1081
438 270 1318
1970 1956 868
472 381 1756
1526 388 1064
1602 1031 1947
1974 234 212
1996 1037 706
541 97 1526
486 89 1017
1283 539 1388
1308 729 1250
847 441 1356
1309 731 131
655 333 1114
1109 429 1580
965 641 1075
1805 22 568
1815 602 1324
346 56 699
1680 640 1549
1535 1066 1834
1180 535 1687
957 271 535
1468 1378 868
1343 293 1944
1827 432 1678
1799 469 1932
1611 896 236
626 577 515
1780 1717 1632
1738 46 540
1783 1724 1753
1624 874 531
670 505 778
1262 65 33
1779 275 62
829 789 935
1635 430 745
1321 1004 194
1908 848 452
1333 1181 989
799 592 1432
475 99 27
1925 333 984
1503 1417 1328
1557 1036 1994
357 91 6
1744 1290 1127
789 291 998
1536 1047 1222
1849 879 1730
1647 1286 513
1895 73 1174
1833 1521 1853
1722 1332 1613
1807 518 639
823 783 502
1612 147 924
1929 1470 465
852 628 416
1071 775 1946
1766 547 1081
995 170 1891
1660 1158 781
198 94 871
1823 359 297
1164 127 1093
1085 136 881
1722 292 909
1197 536 1038
707 220 448
1373 88 619
1198 148 1591
1763 125 75
1491 1268 754
1780 873 1339
1638 733 734
1538 828 616
912 412 1503
777 461 1008
778 457 663
1827 616 1662
1116 891 31
1994 1622 1305
1275 507 1763
1262 576 213
635 291 1560
999 877 389
1588 757 1403
253 62 1823
1533 631 43
859 715 1192
1184 1026 370
949 367 1363
1906 1299 1351
1076 846 185
1842 338 489
1828 972 431
968 763 1952
752 90 908
916 723 148
1762 1420 613
1925 1179 503
890 172 338
1473 700 1128
1958 1246 1240
935 672 1070
740 671 1016
1344 67 1946
887 59 1178
1130 501 484
1676 410 1731
991 887 1692
1767 334 1272
832 712 98
1848 975 898
1556 854 821
1908 704 826
1612 457 619
1996 1763 1955
1830 1288 79
1799 1563 1815
1218 179 279
483 258 885
962 654 28
1804 483 1983
1565 425 913
1452 59 529
1863 1183 1991
1660 525 1845
335 117 1608
1749 848 574
1288 211 1802
779 578 1472
636 512 1008
630 271 847
1252 870 1177
1265 456 1933
1179 141 408
1281 456 520
567 41 1713
1686 138 758
595 275 1918
1488 27 519
1746 12 1494
1955 478 1909
995 88 964
710 79 794
1350 105 1113
1828 1397 1151
1112 380 990
1488 240 1232
705 382 1447
1209 254 767
934 706 487
1577 932 1670
1547 178 560
1608 1568 1688
1571 556 311
1086 707 1404
1956 830 1944
744 365 365
1169 597 209
938 725 1249
1569 1088 1321
1060 171 611
422 11 1584
1462 104 597
1743 142 1846
1419 210 571
1560 1509 1692
1432 1248 1325
1861 1245 1831
1878 1491 900
1936 560 598
1728 241 1981
1875 1827 371
1196 1154 1453
1209 14 201
1023 209 704
1993 707 799
1408 873 722
1680 1350 1007
1877 144 559
1632 1354 634
1421 31 874
1292 788 848
1547 1012 760
906 560 1096
1477 621 1247
996 764 1413
1411 144 11
1120 818 694
1373 683 98
1084 652 32
1758 1593 96
395 24 845
895 501 1022
1535 96 1126
1718 1455 1889
744 583 723
557 490 607
1516 461 207
1867 286 1476
1363 797 780
276 247 264
1294 765 1761
1252 652 493
684 309 1847
1935 1313 1138
1637 441 1965
450 358 685
240 95 432
1656 1449 265
1944 805 358
724 714 113
275 170 1735
1789 1123 1674
1861 117 1271
987 70 1562
1836 1308 1481
1536 898 1322
1622 1055 1010
681 293 444
514 430 292
384 53 1479
1510 1365 744
1861 872 233
1813 1652 39
546 529 1046
927 871 719
1770 347 352
743 468 409
1390 1034 222
95 75 1173
913 293 1922
1826 134 127
1985 1966 1378
1032 790 611
250 53 1156
827 306 1586
608 448 697
1228 652 769
1804 1728 1483
1664 1031 187
1121 710 1110
966 855 1441
1868 504 567
1758 734 1959
1796 1395 225
247 185 1747
1616 714 1893
1557 591 793
1650 914 260
1952 1533 1630
1845 1692 1167
1937 604 1214
945 448 1995
1983 726 1304
1960 1253 195
1729 1126 1221
1799 1043 803
1299 713 1124
297 162 1587
378 323 231
1790 854 936
926 135 172
1836 1551 1116
1637 926 1783
1482 1393 768
1551 1051 708
637 354 1463
713 441 883
1594 861 1611
1142 241 704
1218 916 255
807 592 1913
678 581 807
1701 1084 289
998 780 182
1163 667 1724
1653 262 1673
1663 517 754
1721 1317 1096
1155 240 1101
977 206 243
606 116 1478
1598 65 71
1856 1310 680
753 535 1628
864 858 1756
539 66 1418
1780 312 1990
1875 983 1040
369 38 728
1845 1491 1353
1678 875 1441
1992 528 1883
1144 1077 531
1892 1233 905
1994 1860 1625
1881 78 81
567 186 262
1042 968 929
465 302 1434
1044 601 582
1469 690 461
1221 773 1259
1690 1368 920
731 460 1335
1568 1489 83
1097 751 1036
1409 699 1106
1505 92 599
1674 1404 67
1690 198 1151
533 227 978
379 149 349
1754 1231 1281
1947 372 1402
1356 424 1112
1806 201 287
500 433 1682
1724 836 1647
408 115 1169
1476 1268 340
1585 277 1356
1049 774 802
339 264 464
1812 368 132
940 568 780
1911 1048 200
1228 547 894
1320 852 1324
1118 1040 1000
1508 906 1923
1076 349 1235
1092 649 1453
1719 1658 112
1298 23 1763
833 245 1114
730 319 778
1789 1752 874
1481 1094 294
1307 440 417
497 332 1463
1835 1204 1361
892 828 1251
1446 904 908
1458 274 1502
1989 862 1918
846 142 765
1062 297 129
1686 271 565
1239 1004 1057
1898 71 666
762 114 1203
854 515 589
1811 781 571
1885 1036 1056
1491 1293 1011
1422 898 276
1407 546 1147
1963 1118 1013
1094 967 1354
1899 1465 1820
1521 198 789
739 516 585
1677 239 1218
1774 37 1816
1140 772 1123
1409 988 535
1702 682 1133
669 523 1708
1841 45 143
1611 927 912
1784 529 688
1064 191 1092
1604 510 1483
1599 1433 1083
1123 1016 444
891 832 1876
1594 311 219
909 274 1560
1595 60 1220
1130 759 1982
1438 1015 60
769 33 858
1525 1023 1946
435 346 992
1632 707 356
1665 1611 1924
1580 1410 195
1812 53 1843
996 876 185
1788 1522 1463
873 656 1068
1653 75 1136
1941 1295 1189
1722 1020 1399
1342 356 1372
1333 646 1904
1476 89 645
1132 970 1331
1406 936 1369
1873 422 77
246 190 957
293 7 1638
562 63 865
1783 180 1536
1315 289 1534
1462 1157 1235
815 150 204
1870 1020 1036
1993 760 409
1346 1217 1128
1548 823 784
1829 107 757
1999 1332 1661
1648 506 1771
866 305 1375
1923 603 86
1942 1284 998
362 190 374
1769 40 1671
791 597 1294
752 563 1878
1476 1081 950
1801 1300 1220
1866 1420 85
1656 469 676
479 243 683
1775 1232 1104
660 33 1547
1059 985 44
977 363 929
1788 30 791
1851 913 649
1406 766 168
1669 1600 1241
1680 1544 589
271 14 1315
1862 110 585
1681 1232 933
1680 1040 524
220 79 1799
1281 565 522
1858 1251 1832
1250 710 1401
1422 856 150
1503 562 73
1986 1926 966
1853 525 709
1983 222 1846
445 359 1183
1933 75 375
1971 1788 1424
284 199 1705
690 21 1707
1315 722 201
950 233 1430
1814 1687 846
1930 1467 555
1451 34 1527
1711 1520 363
349 250 691
1644 25 730
747 13 1148
568 350 502
1655 1376 628
1094 919 6
1703 1393 527
1777 1564 318
989 221 356
783 427 406
1557 745 807
614 574 1641
2000 661 1099
1674 549 1096
34 15 1133
1681 47 135
1123 761 343
1497 797 1017
1303 313 1066
1662 1640 1713
1784 578 1333
1580 370 108
1299 499 152
1718 336 436
1898 1233 336
1904 319 1486
1004 58 1795
1155 1119 311
1112 884 833
1841 1420 456
1295 563 755
1227 254 408
701 529 1185
1318 1084 1616
1838 1599 432
1076 368 1738
957 599 567
772 29 1833
1976 48 1196
864 612 1508
863 81 1931
595 47 1483
1036 970 670
1336 1194 790
1716 1225 1821
1474 1388 498
1581 1100 1850
1893 830 1662
1889 921 1677
1815 1008 116
1736 818 985
1609 466 1648
1877 574 398
1978 1076 1128
1564 739 487
1082 547 876
1934 1526 268
1586 1140 1118
1068 991 1241
1853 195 71
1251 895 550
1195 806 1058
1898 211 1976
1152 190 321
1358 94 973
1303 346 70
888 276 189
1734 666 246
1798 180 1380
1419 56 556
1773 269 1185
1828 1180 1859
933 610 1477
1579 1359 61
1241 511 1042
1835 1351 955
1559 1537 37
1717 772 1471
924 629 1010
1650 498 558
1954 265 1813
1311 251 799
1539 662 957
1921 1609 1235
1773 1471 333
1355 1112 630
590 543 1511
1210 610 1193
1769 720 1087
588 65 816
1708 646 1637
1563 1475 733
1646 709 1180
1032 41 1981
1437 964 513
1174 565 381
1978 914 1384
1254 99 1560
705 29 914
1452 767 416
1457 55 253
1406 758 1152
1709 1701 742
1589 583 1882
1925 134 568
1558 352 1533
1613 1141 1242
711 102 1123
1491 919 1327
1193 734 128
1494 1363 1723
1967 174 779
1349 81 1518
1527 1297 694
1948 1220 29
1647 1091 1137
1094 86 1836
257 94 474
1949 1623 467
1705 1241 895
741 572 1707
1897 1578 1696
1408 91 1012
1821 491 1487
865 357 777
1685 264 1786
1205 97 1805
1333 1284 5
1107 369 1721
934 75 1960
1922 1833 396
811 143 1321
887 200 1146
1359 672 1188
1367 290 1463
1897 1500 1745
1549 1036 448
222 140 1430
1092
689
1582
1104
554
127
1465
1486
1071
915
1277
276
245
1174
801
200
1216
380
964
195
1263
168
165
504
1339
220
1959
1527
1741
1189
424
922
676
1323
88
986
357
1622
643
1978
183
1717
1007
1087
1131
275
1318
1956
1237
1080
1479
139
430
1100
304
670
575
1253
493
171
472
683
1594
1505
382
1297
282
1178
1787
129
1966
397
1824
1677
261
1140
1671
1734
762
1944
1853
1264
109
175
921
1924
833
763
37
1863
464
1137
755
881
840
1683
1628
1687
194
1019
32
370
1506
206
431
1223
435
270
1503
1276
1847
1280
1995
1164
1936
1420
855
817
1931
784
703
673
1134
1646
1220
1996
541
1963
1385
1606
1893
221
502
757
479
789
1403
319
449
1096
931
1233
1128
1818
1471
618
669
869
1477
1402
1762
1444
52
681
1808
72
484
470
992
169
795
1160
1155
1340
1196
1376
1573
1209
1382
1490
1759
7
334
1713
512
1982
851
353
1334
1786
900
989
982
914
1546
155
1141
9
1626
489
232
407
1932
880
867
741
1475
302
805
615
247
882
1097
1605
862
596
1624
1184
1252
1552
961
1320
1673
294
1130
1349
263
1355
1000
1554
531
1866
4
75
1700
1728
1177
1250
1724
199
422
1028
1499
1034
1455
119
583
1488
1393
930
1149
668
1914
1064
1428
1655
1854
928
740
494
1801
1849
1851
891
1779
1509
1072
92
452
1077
327
1973
1529
43
1586
205
1656
455
61
1446
1156
1228
240
1068
1313
927
956
1778
90
1780
1559
510
1706
178
1614
829
1245
1644
958
1051
1925
952
1492
1899
404
1099
1467
1157
1987
1063
450
665
796
497
51
573
388
25
490
888
297
252
1347
1308
579
1231
1169
226
1450
1806
1042
979
1688
1004
398
364
1494
812
826
1257
1212
1008
761
1070
1746
769
774
203
10
728
1113
567
1463
1478
1331
1161
792
1857
859
1957
697
1241
1152
1833
1862
793
638
824
557
465
608
630
1305
605
556
96
366
1388
1474
861
503
1047
1182
1764
1520
316
1681
1447
1400
333
577
1038
1023
41
644
393
742
1729
1578
1238
1997
1326
756
1988
371
587
1942
667
1760
174
1680
821
12
1976
1860
585
566
1449
715
1324
1236
1262
1572
736
636
814
874
1408
1896
250
466
1636
1175
1733
1307
137
446
1776
386
842
1456
959
62
1235
231
1895
1563
866
330
1317
1903
1159
1889
223
1909
1737
978
1498
1902
1789
649
1129
1774
1468
1293
339
981
1426
121
28
895
1011
1054
1667
254
1799
1219
1908
140
149
326
1368
1725
688
735
1438
468
1166
1075
1947
1208
853
827
248
463
1412
159
1643
1006
1381
1043
533
523
383
830
660
379
300
708
967
1939
713
280
1136
1367
1206
39
354
1811
539
1872
436
799
164
1701
864
22
1298
1516
513
1618
1454
1050
622
1921
1553
1576
1943
1413
511
290
628
1291
629
781
1719
693
1629
14
865
162
902
1335
999
1351
1810
1079
1542
1125
694
1613
1287
1163
442
815
1607
1580
614
369
1078
718
1500
376
962
1167
1224
1994
1649
1074
78
1200
698
1525
181
1227
722
1765
613
743
1742
1984
1010
1539
1204
15
1186
1831
1722
1142
551
586
768
1273
990
1970
454
1693
790
1929
647
1122
1265
1979
1214
876
1983
1837
544
569
44
332
414
480
1990
656
1322
1359
459
828
429
1374
563
782
1803
1666
1117
1663
845
1336
432
1785
1718
846
550
391
521
709
913
672
700
916
102
1556
278
822
1960
1867
1953
1350
170
482
1797
421
1658
1890
1536
440
804
1894
82
572
663
89
1828
995
778
1090
190
415
227
772
79
1009
552
780
561
710
788
1887
1843
811
158
237
1067
157
813
213
937
1927
1993
268
803
1268
1720
1642
896
1557
1108
372
1907
626
1940
362
1299
1633
1095
322
235
946
912
396
1845
1242
150
1027
1205
1599
1295
1389
765
849
1792
358
1900
1221
104
1443
377
1485
1975
1398
858
160
1547
285
580
749
1588
1595
1819
1535
1057
1674
536
253
1230
524
1369
543
1682
83
892
1345
496
256
509
413
335
193
197
135
355
356
179
1743
1604
1378
1310
717
1935
1659
132
1661
800
532
1085
1292
1002
919
1972
234
1358
1060
1460
1210
1181
1284
1330
836
1913
445
1185
36
885
31
997
1955
954
1199
21
1211
299
1390
751
611
1168
122
188
908
1470
1632
910
1766
1731
1363
714
1170
1883
1577
1026
600
374
342
1083
526
1274
451
744
1830
1523
303
1082
112
528
1048
592
207
1530
1306
1399
863
1024
3
904
1396
419
685
476
314
1796
507
887
1328
906
1696
645
951
214
1543
1965
1424
1497
1660
1203
1951
920
1480
46
594
653
1985
1462
944
1531
24
1180
1127
478
911
1279
542
1269
1832
1278
94
737
1591
85
1848
1566
1193
66
1596
103
16
925
460
1482
1373
619
635
416
1748
387
69
1139
1066
955
1858
305
1333
1581
1575
141
5
474
816
516
1598
1370
1653
1600
1593
1191
538
1158
296
1511
176
953
111
217
167
807
1548
950
1772
225
144
1517
764
1294
517
1603
151
899
589
873
1647
1567
311
267
680
1842
1841
706
655
1752
156
201
38
1827
624
1715
434
932
1583
514
1270
1150
877
230
578
1107
1823
1037
1093
128
236
264
582
1875
1698
1761
1222
1934
107
1945
288
1918
1897
211
485
1056
909
328
878
152
648
287
549
1912
996
1255
1116
1025
1585
418
1704
50
1690
1341
1617
1502
1592
1763
406
871
571
547
766
1016
124
1665
307
1031
872
1721
147
1989
1434
1685
752
224
1652
687
1215
783
180
1716
678
1514
123
588
1001
675
17
161
1898
420
346
1451
1319
189
258
1668
1882
1020
1246
1261
1852
903
1508
966
852
441
545
704
233
271
295
838
1775
591
1379
306
1723
1303
1421
1679
260
154
49
1391
27
642
238
367
1356
447
773
301
623
1869
67
1950
1102
30
1638
983
408
963
399
1825
244
1327
1877
682
1915
720
750
481
1928
1892
732
108
143
1032
1880
283
809
1641
1805
1430
515
1754
835
321
1906
172
1472
1439
1619
1030
1651
192
1941
819
1654
1555
825
1788
581
1812
1281
1106
632
1171
1483
734
1620
1365
1560
1247
1522
1487
1176
1977
1266
1256
929
518
337
1290
1727
390
1346
198
1589
1437
1684
658
1383
443
1387
1634
1416
1135
381
64
1481
1639
1657
138
1871
917
298
1286
281
246
1112
1549
324
1272
498
548
1357
313
1850
87
1126
501
666
1881
1033
312
1081
1767
1442
1187
758
1476
1457
488
985
943
739
627
457
555
746
1190
1726
1664
598
831
848
939
1218
428
639
1309
411
384
1226
1232
1611
487
759
118
1040
970
1836
11
1757
506
23
1815
286
212
724
1094
1809
265
385
993
1153
1740
389
994
1510
839
998
1110
595
1758
794
86
1422
1260
1207
228
1569
1670
410
748
1545
1275
1111
19
1991
1461
976
1640
1321
886
186
1821
308
1352
1012
1709
309
277
344
1730
726
1958
1551
1406
20
633
336
1544
427
456
1312
1974
1571
243
1172
733
1859
942
856
105
136
1069
1035
1018
609
1650
1148
1532
1816
13
890
948
791
1103
106
1
1826
640
1404
850
57
1300
1436
204
266
1427
747
467
1165
770
148
26
1197
565
786
1738
616
1601
35
350
593
1800
1225
375
1296
1513
1923
1587
218
1561
1337
1707
99
1249
705
1254
1302
1804
525
938
879
289
957
945
1046
6
568
529
1445
1314
1937
897
868
535
745
1144
730
1405
499
1338
1735
1493
1138
338
702
1868
1059
341
1045
1714
776
677
400
1630
1870
721
348
1377
508
1419
166
1101
987
1414
1076
1879
960
973
1749
113
500
142
495
363
1961
1840
1992
1526
1267
1635
1610
1179
320
1627
1781
562
889
1922
975
56
570
126
1822
173
1817
1259
1088
409
907
45
1703
823
1364
1411
1049
1856
461
1384
1496
1251
1689
671
1884
787
1053
905
1710
76
1114
1971
1105
438
91
1891
1904
117
1533
808
274
1946
1570
933
249
208
1361
527
1425
1022
1782
674
1065
1118
1834
95
854
1397
444
368
65
984
1697
1353
1675
574
1124
537
269
1534
818
1861
1645
229
1901
1747
522
222
323
1814
477
453
1662
1980
1360
641
1986
1014
621
1344
60
1440
1999
1886
1354
637
1151
1288
392
1435
1386
1753
810
63
1173
1969
1188
1343
695
1423
196
1938
115
1109
553
360
1968
972
1564
125
448
1473
1672
860
1145
458
691
1538
417
969
1371
1271
1453
317
1579
483
560
378
405
1017
1793
652
1084
918
1362
1041
437
1315
727
255
1568
191
1702
1905
1541
1518
1948
471
1401
1147
1609
1431
965
540
1744
1162
1132
361
1244
898
1448
239
34
802
1239
1777
54
834
1558
329
1192
1967
145
634
1768
767
349
153
883
120
1695
47
68
1021
1844
1769
1623
1441
401
1910
242
18
70
884
1926
1304
352
163
272
1949
1813
806
777
843
1459
1115
1052
564
1711
347
1669
318
1736
603
365
1692
559
779
1933
731
262
1920
707
775
686
1835
661
935
187
754
1003
977
1240
1062
1372
291
1005
1146
1590
1791
184
711
926
847
610
33
1234
259
1316
1885
841
1562
331
1708
114
1417
1691
462
8
1452
1258
1089
590
1039
1289
1676
1648
425
725
273
844
97
659
1615
837
1998
1194
901
1770
1366
310
1565
42
1756
1410
771
182
1120
1745
241
146
1512
209
1699
620
373
971
662
1183
131
1407
345
1807
654
716
202
293
679
534
433
1248
974
492
1612
1133
1342
696
1201
1873
1348
1802
1469
1073
1392
712
1311
1631
1154
1466
607
1686
1325
1507
690
1282
1540
219
1418
395
1874
631
412
439
893
1458
177
1917
599
1484
1732
1784
857
1229
936
1380
1432
1962
426
692
1217
1243
133
1829
1058
73
1790
1911
1528
1055
29
423
923
1061
1616
1086
798
1123
530
1952
284
1864
1876
1584
279
738
1524
1795
1329
216
1930
1091
604
403
1098
760
968
1705
723
1637
1285
940
894
1301
729
699
1036
1521
1213
1395
101
1608
657
134
351
1838
1550
1981
1919
292
315
606
1495
1119
1415
1694
71
625
1202
210
597
1751
110
59
612
40
1198
1794
1044
558
215
469
325
651
1504
1029
505
988
1433
1798
1283
924
1537
98
1771
257
934
185
617
359
2
1712
1013
1625
870
719
991
81
664
1375
130
584
820
486
1678
116
797
1602
53
475
832
601
1739
77
1855
546
646
1409
343
48
1621
1464
1515
2000
1574
251
520
84
1597
100
1429
93
1916
1332
402
1846
1121
1783
74
1143
58
1394
701
473
1489
980
1195
1954
785
684
1820
576
949
941
80
650
1773
1015
1888
1865
340
519
875
1964
1750
55
602
1878
1491
491
947
1839
1519
753
1755
394
1501
