2000 5000 1830 2000
1967 163 1949
409 137 197
824 708 424
259 2 1643
1560 681 400
649 553 1709
1755 221 1909
1681 128 191
923 892 1132
698 616 136
1961 1584 1438
1312 783 1127
587 291 403
825 741 597
951 276 1891
1756 825 970
1658 1132 1742
911 498 1520
1458 864 626
1655 412 1805
1543 843 1675
805 623 1213
1718 991 463
394 179 1494
1599 458 528
1776 269 195
1216 416 278
1021 894 1570
1569 1465 1318
1941 980 1204
1383 1214 1742
850 567 905
983 517 1898
1102 679 734
1404 175 462
553 378 368
1844 1 1436
1520 473 492
1824 1368 656
1691 1231 993
709 610 1639
1234 1087 885
1570 1148 29
1480 1149 307
817 181 826
1823 746 228
1518 438 532
1422 980 1526
1832 901 874
1856 337 1524
742 19 165
1603 1269 1887
1104 888 1120
1001 875 258
791 279 851
875 647 667
1448 970 523
850 179 878
665 61 1226
890 489 195
1519 1086 1159
1598 218 122
1605 22 319
1251 424 476
579 389 567
1861 1300 1855
1614 849 212
1240 835 1504
1550 707 1036
1754 1058 1924
632 415 1752
1585 1067 204
1414 523 1444
1675 952 902
501 120 1755
1591 1363 480
1663 765 310
474 155 1903
1222 730 67
1904 793 327
778 90 22
563 5 1471
1444 894 1446
1478 696 1799
1822 1735 515
568 385 1688
485 58 851
1860 1839 747
1480 1215 111
564 290 436
1809 307 817
1477 786 522
1889 848 899
1735 1343 1762
1200 159 433
997 233 1355
1334 1321 549
1326 548 247
1551 603 1179
436 305 960
1001 517 1702
1539 1499 1505
1621 387 1906
1336 1326 1952
1151 323 1449
1003 759 750
1850 89 412
656 58 124
687 570 1681
1277 208 1335
1585 133 645
1919 1276 1847
716 644 73
1986 1512 530
533 471 985
1993 808 1420
1926 1790 171
1269 217 238
1445 60 1312
110 20 803
629 412 845
981 789 652
1532 1294 1488
1140 1135 1084
1852 1163 498
410 68 1475
1735 1220 682
1566 804 292
1143 798 203
1857 760 1954
559 372 1077
1208 28 42
861 707 1586
1957 225 290
893 477 52
640 213 1837
1139 174 1103
1077 390 1906
257 254 1967
1153 1033 1413
527 34 1105
364 37 441
1641 1090 1052
1857 1086 235
1903 1257 162
668 255 52
1533 1486 1544
932 58 631
1535 652 1866
1389 160 1586
1609 104 293
1862 459 794
1569 1149 1397
1423 737 824
1868 1218 209
1858 1498 337
822 207 777
1252 218 286
1797 104 1350
1795 524 1545
1114 105 539
1661 1031 1629
253 161 676
1964 235 38
515 166 325
1667 1212 180
1915 1745 747
1860 1591 218
981 528 601
835 515 102
1646 1110 1341
1415 70 830
572 343 1481
1602 1351 826
1321 72 504
1283 77 238
1496 1404 207
1110 178 833
1899 1646 1309
1516 1407 933
806 678 768
1201 1073 1550
1938 1569 1177
1881 1565 283
1469 1021 1358
1256 515 595
1214 1055 1506
1180 890 621
1182 421 1266
574 522 838
808 728 751
1042 803 65
447 383 1506
591 137 1456
1277 1031 565
1386 213 185
1849 581 337
990 134 1508
1685 1001 1276
1670 353 1316
830 421 151
1515 1324 1694
847 836 270
1809 616 1155
869 503 350
1645 157 1168
551 173 32
795 312 319
1373 288 1000
1056 930 1857
1074 484 1327
1504 682 1509
1224 512 1987
1949 209 1806
1703 1077 1992
906 98 794
1911 707 671
1908 1732 1066
1249 893 1361
1882 1629 658
1925 1888 662
1923 191 1099
660 555 1812
1588 336 798
296 68 742
1661 185 783
1403 301 1992
1986 954 340
1649 318 516
1234 268 668
1466 105 249
1920 430 131
1579 513 275
1202 12 1411
1432 670 258
1480 954 203
978 557 1683
1018 370 1104
1535 1494 837
743 711 451
1836 732 707
1916 6 1945
1751 939 1571
1980 778 881
1470 923 232
1841 1093 1180
730 259 817
862 345 119
1082 326 1169
1854 1686 222
1657 498 297
593 319 441
1646 1001 15
1639 1437 1034
1756 669 1761
1505 112 1280
1625 1019 606
1120 1073 763
1759 1662 754
1944 150 84
1852 1192 1599
910 282 1251
581 510 637
745 227 1388
1857 1610 1858
1976 1852 1845
759 238 423
483 292 1648
1939 249 51
1977 177 160
1045 698 172
1435 1099 383
1425 436 1972
1483 290 1570
1999 1626 820
1890 679 1862
1634 1459 1224
897 216 701
1576 908 274
1345 90 316
269 153 240
1880 350 17
1554 612 564
1940 1893 1413
1503 326 1290
661 118 1360
1846 1403 519
1905 313 743
1783 1309 1039
1509 586 1578
1999 1952 130
1323 925 778
1218 810 1105
1335 887 684
244 181 597
72 30 1241
943 799 304
443 16 549
1687 1070 204
1903 1279 1494
809 145 438
1886 660 679
675 224 1686
1482 1291 941
87 72 962
1043 739 1795
669 609 840
1023 561 143
1205 854 1187
1658 412 1618
1110 723 1681
946 112 557
1086 290 1215
389 150 732
1767 363 784
894 53 319
973 682 252
951 783 1578
328 84 559
1818 1305 1631
1421 988 1137
1259 451 102
1442 1109 1998
1885 1446 1122
1821 1726 44
1983 75 759
469 193 621
1924 383 56
1816 1272 408
1787 1330 1666
1718 668 997
1838 1082 1726
1500 387 8
395 92 1269
1989 1525 1931
1219 118 1622
654 564 282
753 408 1039
806 281 1624
398 322 1476
812 309 1129
1519 1494 683
1504 321 243
1166 914 1518
1907 1200 1932
1543 981 557
1058 41 123
1292 517 1695
1474 447 1134
1281 193 602
1907 1693 203
735 412 320
1921 1376 1057
1427 615 286
1955 1013 1267
1918 1786 430
1339 869 1726
1895 592 1628
1710 285 847
639 547 971
967 191 655
1734 1146 200
243 54 347
1125 730 1215
1964 289 71
1297 638 1389
1153 761 1570
333 72 1140
1615 664 73
625 397 1088
363 332 155
1868 745 1395
1130 508 813
1961 1808 1988
1830 1163 367
1031 846 695
1827 450 17
1930 748 1756
958 217 1617
923 665 1993
1412 1408 1556
1979 228 286
1352 18 1356
1655 333 1789
1025 224 929
750 312 772
408 283 1839
1250 190 1980
1538 202 1834
564 450 1306
1946 1587 770
1904 515 567
1876 1468 961
443 305 1904
1672 1108 297
1220 625 1004
1999 1886 1541
716 19 662
1006 793 236
1802 1026 1053
1780 1250 686
1821 562 1497
1028 953 726
1550 413 449
1802 813 1360
1256 829 233
1677 1376 655
1770 1253 1885
1958 1832 1662
1932 514 1739
1627 1073 1963
1012 378 104
1615 267 1507
1604 1381 130
1867 565 1263
1305 703 931
1399 994 888
1892 1665 1198
601 248 1177
976 523 1382
399 5 1216
1912 659 716
1802 772 988
1637 368 1830
390 274 653
1250 163 587
1573 712 1809
629 291 987
1278 269 1758
1732 1446 1734
884 712 249
1038 82 1705
1801 1612 220
1885 1154 1126
1476 120 1148
1102 912 1365
1949 1819 1801
1208 251 421
1443 1093 1246
1574 650 1217
1983 1744 1972
632 95 1948
1864 122 1602
1943 623 1430
1217 660 59
1506 1446 382
496 70 465
1931 1863 215
1290 54 352
897 746 737
1804 411 750
1949 41 1033
1350 1245 997
952 594 1645
564 62 934
1323 228 1762
1014 131 1941
1686 346 1137
1652 587 561
1700 1657 1673
1985 468 98
1999 589 565
1529 904 1555
1549 165 78
1378 484 957
1428 1328 1853
956 68 1809
1987 1972 334
1958 307 636
566 286 1085
1108 284 910
401 384 1836
1682 61 252
1798 131 680
765 358 312
511 81 411
1436 1223 544
1334 108 706
240 156 1835
1808 1355 1804
1677 529 1973
1291 223 1180
1817 1621 1695
795 619 1846
757 656 1064
1451 638 520
1675 423 225
1824 212 662
1356 280 1854
635 368 863
1860 593 1981
643 547 758
948 768 639
1915 412 963
1757 1039 801
1999 974 1142
1976 1289 1046
695 510 578
1782 1291 986
964 229 343
1997 45 1570
1160 812 1350
1229 201 1198
385 138 1432
1343 1333 1410
630 480 1290
849 53 127
1150 169 1186
1791 1282 329
1945 1039 673
256 252 1039
1167 492 1478
1330 1156 1560
1035 234 1341
1195 680 479
1506 584 1656
1940 505 1115
1425 1149 1814
631 395 708
1672 1066 1033
1851 1689 331
1194 1165 964
1594 77 1265
1369 988 224
1929 1564 962
1432 778 1898
1979 413 686
885 214 1029
994 828 1857
1254 898 1979
1840 1837 504
1878 1167 334
1609 1435 233
957 99 863
1970 270 1718
1053 144 1816
1096 325 1899
1539 1468 1187
650 55 522
1554 14 1939
1826 862 405
248 107 235
1486 202 752
749 189 1295
841 672 1419
1748 580 957
1061 29 1706
1862 1516 518
1441 188 633
1980 1330 342
1485 966 1710
1541 1115 578
740 45 1588
261 245 1346
1925 738 86
1683 1530 934
1998 1002 107
209 179 687
1562 911 1491
666 344 1559
674 550 495
1273 595 1050
1740 1218 506
1308 1047 958
1088 42 493
1518 1248 555
1541 1248 1362
1688 622 1460
1391 1305 1867
1869 1344 1235
1842 851 872
1401 1023 1686
1213 392 1240
1818 1286 375
779 15 1060
1457 1 1473
812 263 186
1009 629 1793
793 371 17
1151 283 45
1986 1330 1823
1554 1308 459
1299 659 523
1816 361 656
1512 713 461
1748 854 193
1094 231 311
564 317 1428
1312 3 880
1911 1488 4
1034 369 501
1791 1298 1928
1208 508 822
952 24 489
1493 136 503
872 836 833
1398 112 639
1939 21 270
1405 793 162
1949 854 394
1461 261 1895
1717 1403 1883
1679 1641 1320
1896 1222 145
738 487 579
496 299 494
1314 948 1950
1630 190 281
1391 807 1640
1064 242 728
1167 1035 822
1164 840 1512
1927 998 371
1354 435 1195
1181 1070 1091
1938 748 899
1963 203 530
1821 1657 215
1375 685 1814
920 446 1408
1647 751 1302
1385 81 1119
893 478 109
1383 632 1472
1851 877 1370
1709 33 632
1482 459 1264
1666 422 873
1411 773 1697
1098 359 1788
1332 1014 1683
1922 548 1077
1110 738 1248
1506 98 857
1177 1110 85
889 868 1635
1471 330 173
1849 100 369
1806 616 646
1096 598 730
1307 704 1071
565 133 1591
1922 1871 283
1118 1053 1168
1852 986 1017
1903 582 1190
1721 955 1268
427 151 389
1515 922 923
1122 279 1444
1095 1000 1026
373 43 713
1698 1159 662
1221 783 16
1702 1562 985
1359 166 1356
845 608 1690
792 274 942
1128 520 179
1599 1199 1833
1601 299 179
1651 666 1652
1554 1419 1654
1865 1810 1895
1147 1075 272
1028 166 1124
518 473 1082
1903 1143 348
1978 1214 1276
1226 1182 216
1676 1159 1342
1741 1011 459
1317 262 367
1496 261 1469
2000 1827 776
1730 1620 455
601 102 1912
1555 1055 1459
1029 589 402
164 123 1781
628 410 1106
1998 1856 465
693 286 491
456 2 1385
1978 692 1556
1202 1067 1512
1115 1057 1677
1128 1008 961
1884 1834 1603
1518 261 1504
1977 698 239
1723 752 911
462 77 247
1296 224 846
1583 1533 276
1316 50 305
1239 868 1818
1586 1058 348
1719 1449 835
1541 767 1567
1995 1270 500
1359 1104 1800
1764 945 1509
1146 935 254
1265 1177 649
640 275 601
1555 443 681
765 739 1231
736 428 1114
600 54 904
1192 324 524
940 38 627
1630 1073 97
1025 578 1593
838 574 1301
1792 542 878
599 573 1770
1567 852 367
979 321 953
1584 763 413
1540 949 1188
1098 81 1857
843 593 1359
560 170 224
1477 922 1755
562 260 1620
1829 1705 1353
954 127 437
467 303 288
824 643 107
1590 743 223
1020 798 656
1373 993 1983
1653 82 1202
545 25 219
632 552 1996
872 660 560
1348 260 384
1468 934 1370
1790 616 1028
1985 1922 1192
1877 1153 1603
1031 554 1836
1700 413 1965
925 569 921
1213 75 449
722 96 1098
1780 1123 1801
1841 1152 943
1493 1473 1669
1526 1524 1921
1029 157 815
1821 1617 83
1687 341 627
1133 228 1070
1117 641 1999
1249 746 951
89 3 1890
422 203 1157
1987 1055 1043
1764 267 1071
1826 327 1476
1772 1677 931
1095 945 395
657 230 1685
872 478 1837
1042 787 1693
1930 1928 613
1617 188 451
759 535 1309
1572 762 93
861 593 154
440 297 50
979 140 1008
692 339 993
787 122 193
848 133 768
1546 431 955
1551 53 79
1811 343 422
1188 112 1289
1363 241 1143
1521 816 515
188 27 264
1153 905 456
1727 1486 1964
1258 478 850
1362 1215 176
644 131 485
1604 1564 1744
1890 828 1186
1717 435 1802
622 328 1000
1213 310 1945
1422 531 752
1397 1286 1134
1362 1221 1483
1606 1194 494
1432 108 1601
1966 23 278
1061 199 551
1275 830 1190
1798 960 921
747 116 442
907 6 665
344 215 165
1581 1550 72
1313 14 657
1866 246 1579
998 718 1019
1574 1261 1285
440 360 1814
1976 1126 1977
1898 679 8
1556 934 715
1714 703 1595
1038 53 1919
1422 977 1622
1403 529 1202
1856 926 613
1947 831 1588
726 179 1827
889 574 341
1242 343 726
1231 1140 1226
721 94 907
1971 1439 1554
1765 227 1681
1426 860 1283
1847 1709 1734
640 557 1938
945 540 1421
1105 613 1339
1119 338 1699
485 477 1972
816 590 547
702 116 1158
1935 1158 1126
1475 1225 1101
1902 1543 849
1416 341 1815
926 622 207
792 570 437
1889 1833 124
1878 684 1004
1710 716 244
1750 319 1134
846 429 1573
1764 995 712
1157 721 1049
1912 147 1931
1933 1680 1753
600 139 1355
1179 236 1494
795 204 1078
1261 1104 1043
1634 145 991
839 449 700
672 635 1127
1594 341 142
1541 168 745
1911 450 1581
1832 971 970
889 792 1067
1000 559 1392
1289 47 740
1985 133 464
714 64 1273
1740 1365 1618
1085 1040 1393
1037 24 950
1962 1203 987
522 275 692
1752 757 778
1854 1418 64
1107 643 519
1722 857 1057
1759 878 55
207 91 1993
456 322 1744
1764 1469 1141
1865 303 541
1685 1669 188
754 88 509
1746 1735 1094
1622 252 800
1842 740 732
415 399 976
1880 359 1449
874 420 427
604 491 26
568 379 490
1794 791 1354
606 58 909
1824 893 83
898 576 1195
1021 210 520
1976 1251 462
1129 380 1807
1892 716 132
1706 1106 59
1254 931 1972
1710 1142 1589
664 636 1712
1479 1161 508
1605 1136 251
1737 1642 366
1435 1240 28
477 319 1851
1432 978 560
1949 261 1312
1825 1123 751
533 71 10
691 68 1394
1936 258 1195
1331 1178 1245
1070 657 1605
1557 1551 396
882 426 210
845 610 1660
569 522 957
1228 678 134
1554 775 1562
1466 530 565
290 279 692
1235 846 1383
1644 673 1693
1603 1544 621
408 126 720
1265 1121 752
1055 241 1334
1749 1102 1223
1311 62 1598
1773 950 959
386 65 1887
1847 476 200
871 406 168
1246 416 335
701 446 963
1691 740 190
947 229 256
1852 811 874
1350 1014 1624
1780 1476 21
1664 218 1163
1936 1554 599
1325 1283 640
1668 80 587
1706 1190 1116
1700 45 1628
1252 778 1811
1591 226 1457
1427 1235 379
1709 147 1643
1832 1739 1605
1251 1241 67
1381 1024 454
274 102 703
1088 40 1862
456 93 1842
945 697 1042
1453 895 1358
1220 1012 1089
989 525 1667
1998 580 1093
791 591 242
1038 709 439
1634 801 746
1388 70 1574
481 298 355
1250 1190 1313
1917 281 580
1526 42 542
772 485 1580
531 220 474
715 94 1585
1643 838 683
1745 39 32
207 128 787
1964 1896 1635
1499 1099 1429
973 283 560
1370 197 1309
1158 625 1761
1105 265 371
278 150 469
1946 1026 603
1557 1282 120
1556 1538 1175
1888 1457 575
1863 762 1970
1902 302 1066
1529 1137 1201
1987 934 1676
1553 986 252
1992 1975 17
821 136 1350
1319 734 1999
1330 431 319
1969 1580 1661
1529 175 303
1738 673 1906
1564 1222 1354
1715 322 1844
1635 1070 40
1892 626 433
1372 297 302
973 7 1016
1388 90 1402
1218 660 673
1573 571 1466
692 137 1180
690 545 241
1733 1241 1399
1525 1031 1281
1768 729 1056
1687 773 866
821 393 1260
1916 409 1056
442 435 47
1135 1107 42
763 217 616
1754 10 1578
1860 1011 130
1821 1795 546
1885 342 291
1545 1282 1091
1229 32 822
717 173 1066
922 796 1648
820 650 1805
1494 404 1788
1823 1720 610
476 195 618
718 39 761
1044 7 1294
1788 639 1435
1657 450 1992
1002 666 722
688 372 1817
1030 1013 1049
1464 926 1326
1742 1078 29
920 458 1374
1657 770 706
1991 241 348
1155 402 888
1533 1192 47
1701 1668 1490
380 213 958
1545 349 1819
1261 554 314
1794 142 1655
1795 898 559
1412 412 569
999 759 1165
984 195 1854
1135 131 764
1198 1108 1337
1270 1108 960
441 340 1726
1982 1609 1155
531 413 137
1886 1592 572
1737 846 1296
1441 43 379
1952 1654 439
1913 1561 222
1228 286 1934
1960 116 1635
1820 680 1580
1132 674 885
52 50 1140
1265 1187 94
643 439 1178
1873 328 690
1063 412 306
1094 258 703
336 220 784
530 375 683
1745 803 1941
1761 1441 1445
1142 321 510
1489 812 1494
1532 231 1404
1752 958 889
1136 166 1062
738 99 1058
1625 505 732
1850 702 534
874 428 683
1343 632 11
406 29 516
1421 277 262
1919 19 795
1337 704 1532
1135 801 1427
1049 318 217
1768 462 518
879 526 160
538 327 1721
231 138 539
746 600 172
890 191 1170
707 598 1859
1751 1261 905
1877 1858 1232
1738 1465 565
566 49 900
1676 1072 1428
1341 194 902
1455 588 235
1848 1494 845
1043 674 1680
1289 545 492
1849 1637 1418
1937 273 1916
1897 169 1411
1816 1533 483
1350 464 1137
1898 1052 891
1410 1333 455
347 200 1538
1926 1071 161
1245 43 498
1223 355 277
1808 665 987
952 162 1875
1186 512 649
1446 95 1413
1211 6 746
1004 737 1857
1414 197 1300
640 364 1208
1703 694 974
1919 1109 281
1848 1575 169
1702 1318 1563
1906 1791 1627
1285 318 970
1962 172 851
786 541 1719
1810 1199 924
2000 1883 1484
1836 245 308
1829 1540 1998
1706 986 1196
1788 1770 1731
1513 119 1662
1271 62 142
1882 1507 1495
972 375 199
1471 329 1745
1504 1103 1912
1756 588 68
1376 495 478
1845 1767 1817
1908 1841 1448
1809 1033 9
1278 1232 246
1202 630 1302
1550 1408 1355
962 615 1604
1202 148 1925
1323 901 185
502 314 1864
826 518 1687
1252 660 703
1591 1466 1303
1390 596 517
157 63 622
1269 1190 676
1733 159 1535
1339 399 1026
1536 584 1772
533 30 146
662 452 1943
1973 336 1692
892 854 1106
999 335 1751
905 646 1041
1252 537 1711
1880 166 911
1860 176 32
1650 977 1362
361 159 406
1929 1343 1026
1405 354 277
1372 765 1763
1763 1200 451
1502 120 46
1668 1245 1408
1459 955 49
1415 592 1634
540 152 559
1597 1549 1361
1424 614 633
1585 739 693
1477 222 1934
1601 884 665
363 346 1713
1759 181 1773
44 23 1473
1633 1278 449
1849 404 1505
986 75 828
1053 271 495
323 213 1922
1858 662 1498
1324 454 1489
1680 1490 492
1434 327 1968
48 39 695
1666 1115 91
1483 1065 1948
659 582 1099
1280 807 262
225 77 774
1354 747 1650
974 80 1814
450 116 502
1548 1445 1920
170 98 297
1876 886 183
412 61 234
1723 1038 603
1470 1205 631
1188 816 1445
559 360 81
1911 360 1990
1936 899 154
1408 906 1878
392 213 235
1883 1824 1956
1556 657 279
1112 848 1520
1984 1505 1033
970 246 800
1989 984 742
1579 698 1858
1760 1136 1515
933 34 823
1666 339 774
1452 792 949
1627 1359 1820
1961 305 205
1543 754 1191
1032 701 895
1789 549 354
916 680 1976
1587 372 634
1638 820 736
1181 748 183
1725 952 532
1632 616 262
1982 1968 1112
1850 871 675
506 296 1480
1957 1878 524
679 606 581
1604 1330 992
1340 402 594
907 600 607
1001 650 304
1570 747 1863
136 101 1031
296 241 553
1774 244 1613
1139 82 1892
647 563 1927
430 84 362
1860 1830 881
160 64 1956
1504 812 1188
1338 245 1388
738 325 739
1665 1334 183
1770 1591 1484
803 194 628
1676 1190 1580
1448 1325 564
1457 1380 1726
937 514 796
1309 1107 603
1671 1180 250
663 549 1942
1283 970 1737
921 410 1616
329 22 1711
1934 1026 1770
580 467 909
2000 1802 1885
1103 529 1911
1174 159 843
938 908 294
340 327 1231
1500 39 327
768 530 1611
1662 978 1189
1906 328 1227
1793 928 404
706 522 1456
1537 500 427
1459 467 404
782 663 1304
1247 882 1104
1759 1653 599
1416 77 852
1301 1037 887
1910 1776 759
1628 404 223
614 516 679
1783 850 970
1867 1252 1442
778 300 1734
1681 296 1930
1347 405 1708
1245 112 1318
1555 530 1701
1455 1351 35
1968 1288 1955
1740 1658 267
1959 1392 621
1170 814 836
1236 914 1046
762 472 37
1842 1825 907
606 329 1688
1923 1130 1883
882 815 113
1789 1278 1412
1837 1310 1459
671 186 1312
1919 1826 1791
1291 1111 1207
1388 458 982
1687 1238 588
1702 280 1067
1344 1097 869
1357 891 1842
1198 721 261
1389 785 799
860 716 1261
1905 409 881
1577 1182 232
1290 499 1246
651 220 60
1458 24 260
1359 409 1577
1906 1032 164
1990 1835 1500
1995 1881 438
1581 991 843
952 649 677
1220 716 283
643 100 1231
1891 921 1427
1920 206 1402
703 301 610
1799 415 830
389 101 50
1996 352 1920
1159 515 1108
970 807 142
1051 733 1080
1723 1484 608
778 316 1923
1607 668 1735
1563 486 1376
1430 226 1767
1178 993 1703
1825 257 246
912 85 1770
703 156 1373
1004 338 1249
523 294 392
1384 201 538
1200 332 1401
932 807 124
1659 175 1513
1981 1583 1361
780 576 892
685 558 837
1947 1633 1879
1926 1048 1892
1634 530 1091
843 241 1827
1592 1177 1738
1481 1112 1806
757 199 325
918 564 755
1197 580 883
669 57 932
1036 478 993
473 297 357
217 158 915
1956 911 1456
1848 1266 1555
1138 187 455
1478 1246 145
1766 760 1479
1514 702 525
547 54 745
1291 145 1798
1270 502 26
1938 1201 1722
1083 214 1542
1247 49 999
1381 450 1754
1277 677 36
1598 812 954
1901 950 568
1652 37 745
1656 1465 1061
843 624 1828
1816 1782 453
728 134 1770
1889 286 363
923 396 956
1832 1090 949
535 450 503
944 569 1396
1481 145 1703
1979 840 1756
1881 1299 1474
766 282 1518
1836 1318 15
914 179 965
721 533 575
1286 440 1834
1560 521 1738
1600 1176 285
979 395 1445
988 304 659
570 416 613
1680 766 1502
1304 1226 278
1222 90 919
1185 517 1112
1426 60 1279
1741 355 1145
1553 93 1372
1060 208 102
1000 247 295
1906 1123 1953
1580 75 164
360 121 663
1424 47 730
1453 77 525
1958 413 1826
1750 52 715
1764 827 423
980 90 1142
1654 368 128
1706 1333 1801
1973 237 1582
1472 324 472
575 56 1341
1348 389 1788
1467 18 1007
1813 1106 311
780 594 1503
713 32 367
1811 394 1316
1248 952 1181
788 426 1238
1953 1827 1800
1885 258 1023
1282 148 629
1681 1319 1589
1451 108 347
1542 974 245
1760 453 1355
1428 1173 112
1966 1210 168
1822 1366 505
1716 1149 1142
1920 311 1820
1939 6 653
1947 1757 424
1577 105 875
761 497 26
626 375 876
891 363 307
1416 1236 1065
1104 1047 777
652 217 1400
989 905 1536
1686 718 430
1180 985 1324
1826 53 451
752 554 1249
1414 743 11
1648 1307 875
1680 349 1073
1171 15 289
605 580 211
1744 1493 574
1048 888 1401
1870 1198 243
1903 1791 650
875 213 958
1047 370 1965
1992 284 823
1255 318 240
1285 167 1280
689 128 1969
1618 816 574
1726 1096 1974
1949 605 1682
1400 1001 760
618 113 477
1470 1037 598
1530 762 1094
1724 1707 1083
1606 861 818
1759 1141 1977
515 99 1593
1769 324 590
982 551 1003
1970 528 1197
1459 912 1345
1911 62 336
1134 960 551
653 82 1437
803 737 61
1528 444 737
336 215 1800
1726 980 47
1558 256 1898
1777 1643 160
1841 1013 1274
938 237 1939
1361 1268 1634
1744 181 868
1081 715 327
1766 516 1746
1386 1273 1281
1164 48 404
1679 76 394
1964 1145 610
1182 711 1839
1605 436 29
1194 30 91
1906 220 749
1643 1410 836
1728 849 749
1880 1813 173
1994 1054 1186
1997 430 428
886 257 260
1197 116 414
1244 1099 1074
1907 545 1363
1692 328 629
1847 709 663
1479 1408 362
1836 292 509
625 27 899
1636 1090 1815
678 224 108
1612 351 330
1954 138 1153
1144 34 2
1999 1726 159
1870 1520 1169
1241 109 1323
1299 492 830
1983 1215 1095
148 23 1554
1308 391 471
1222 513 1375
518 504 242
426 159 1749
1544 1274 1021
762 398 364
1453 1250 371
464 110 864
1502 1278 494
1846 1021 1668
536 9 560
1965 350 864
1070 243 45
1869 1612 262
1495 1069 1449
1586 305 372
1480 763 288
1937 934 238
931 343 1740
1069 824 1937
1789 1001 138
1808 825 916
1996 920 313
498 35 600
1054 178 1192
1490 410 1613
533 84 634
1948 44 434
727 708 114
942 23 182
401 336 798
503 168 1555
1695 794 1299
1070 865 128
1498 632 238
1875 694 915
1420 747 391
1612 226 832
1270 183 1619
1374 451 1048
1756 573 1761
1863 888 32
1834 1444 1887
1326 900 1924
1491 302 1203
1206 49 507
1545 1139 1542
719 698 973
1865 720 92
1565 942 1603
1993 1294 1217
1632 795 1402
1702 591 639
269 69 1699
1728 1558 401
457 407 1726
1590 553 1039
1646 884 832
751 600 1389
1847 1297 886
1499 725 967
1243 678 1950
1869 1772 1567
948 894 995
1461 1398 1541
1814 1050 1880
745 639 735
222 180 998
1669 68 1570
1006 944 830
1837 128 149
1271 320 1673
337 113 89
1587 1501 658
1695 235 1653
1231 810 976
168 158 1351
1180 121 129
1983 1102 139
1283 820 206
1949 143 1733
1120 436 242
1968 44 317
1701 526 655
1686 1613 667
1250 34 197
1450 387 292
1479 651 569
1406 157 517
1290 1187 1679
745 259 915
551 13 1660
518 428 451
366 28 1890
1446 1133 1963
1607 1225 335
1701 834 762
1948 733 455
1365 1027 715
1438 639 21
1760 1350 633
1853 1501 1005
1822 1281 419
1657 1307 1434
1578 644 163
1510 1009 17
1625 1160 1558
855 716 1447
1520 141 1836
1632 1132 268
1815 1558 1644
1764 1106 1220
867 300 1
956 283 1623
1188 845 1631
844 378 1205
1569 1495 434
1980 1612 424
1278 526 1115
1132 982 889
1910 17 949
1602 625 847
1411 677 157
714 15 1304
1218 791 605
1474 48 990
1731 809 371
886 586 922
1930 872 1671
1931 300 338
871 64 1258
1770 1383 75
1994 277 165
1988 1300 956
1726 1014 1620
949 881 1490
917 292 505
1103 25 1983
1979 1907 790
1128 822 1403
1856 1687 1629
1138 503 1472
1090 199 1308
1499 1473 745
1809 1768 1836
1031 898 446
1619 1107 1843
1887 1416 1960
1266 561 1717
1676 424 1792
1270 443 1071
1449 1353 1757
1453 1121 409
599 190 1885
954 595 347
1782 1113 1531
777 522 1504
1576 1064 1476
1660 414 700
1849 1244 1249
1705 198 860
1141 50 1149
1078 123 633
1367 1061 316
1046 680 1868
1651 1118 1768
1558 34 1170
1730 1121 1086
785 366 1669
1710 786 693
1664 507 772
779 155 1552
1545 1165 621
911 677 1524
1646 419 485
1295 1252 235
595 173 1542
1073 418 1254
1901 17 1737
1429 1072 1540
1708 381 1553
569 93 1669
1969 434 148
1183 1155 1222
1364 1001 278
1397 351 359
785 753 455
1654 1617 1246
1956 705 883
1464 1232 745
1337 988 1298
1145 1013 633
999 371 1463
1201 178 903
896 895 1536
1878 650 285
939 104 426
1236 1139 1148
1205 652 352
1092 478 404
1595 1046 1349
204 145 349
1114 1053 1564
1044 189 301
509 56 477
1286 709 1031
1875 1102 1527
1950 481 411
674 313 1683
1667 338 1508
1130 414 1277
354 63 1688
1150 608 1342
969 436 1825
1698 1667 272
1992 1304 197
1691 516 871
873 232 99
875 686 1941
1705 1700 744
1383 1193 320
1968 1742 1383
1771 261 649
1915 298 1708
903 83 1591
1602 659 62
1108 552 864
1148 122 928
1008 810 450
1765 1176 918
1631 764 1568
1423 1420 310
1297 537 1691
1167 529 675
1716 923 1508
1708 1528 597
1598 720 639
1876 1201 671
1635 366 1227
1705 73 570
466 63 208
874 808 1081
1737 333 1400
1320 352 1152
1532 1144 1667
1998 1469 1452
1425 586 996
1720 432 745
1427 401 284
987 704 182
1625 1059 932
974 964 1330
1903 1436 1653
1915 1791 1059
1212 278 1490
957 871 437
1005 721 881
1785 874 1972
1812 1718 69
1404 716 1442
900 775 449
1423 157 561
1776 458 631
1748 1292 1943
1206 1181 1718
996 456 1352
1347 944 1131
1300 1147 1025
1580 879 214
1669 384 65
1386 945 1164
574 360 204
1263 434 934
1904 827 1864
1199 594 312
1279 45 469
1945 262 1616
1991 1076 203
643 34 668
1386 790 1829
989 730 1696
1393 1388 341
1855 1694 1954
1258 1223 1692
1701 238 1269
1632 1428 1965
1865 90 108
900 436 427
437 72 566
249 235 903
309 239 1682
1811 1761 1546
1513 1135 55
564 144 669
1730 855 1218
141 72 353
1278 965 1689
577 97 1975
1876 1565 1058
1533 503 1506
1797 1506 1555
1920 613 322
1208 1177 1561
156 146 1566
1338 631 1109
1681 77 1340
1933 1610 1891
448 362 1042
1011 576 712
1550 623 1938
341 66 1242
592 45 607
1448 1067 1607
1495 868 455
1214 682 995
678 149 1308
846 628 1732
1693 1107 825
1326 229 889
336 203 171
663 600 678
1786 694 1502
1978 848 1258
1550 492 1077
1053 831 71
1324 36 529
979 420 906
368 101 1579
1748 703 1036
1514 1275 446
1649 353 14
1093 26 1558
1191 1180 1793
1401 392 585
1965 1800 1688
1288 1086 1829
1970 1406 706
1442 1059 2
995 348 518
610 351 1111
863 316 157
1684 126 939
1952 1583 925
1836 1332 1598
888 581 1277
1571 411 438
1149 785 1040
1156 609 1421
1792 140 1181
207 108 1997
1056 185 1782
1617 913 488
1166 1083 1379
1697 477 738
1459 729 54
1079 287 599
1422 658 1323
620 500 356
1627 1258 308
919 810 374
395 242 772
1654 1321 439
1775 99 1273
1725 1087 211
1838 846 1301
1271 1211 1467
1181 21 1666
1447 862 1690
1762 365 1845
662 659 1310
1824 1373 101
1166 499 472
1238 1177 1496
1300 114 1942
1953 1842 512
343 240 1306
1857 283 1564
1124 65 9
1019 651 1947
1995 1693 757
877 645 1089
1165 102 1812
979 494 1540
537 111 72
400 8 67
1544 1527 614
1981 280 203
1680 905 1222
1666 1191 1772
1575 633 821
318 89 772
750 568 1645
1040 90 908
1126 810 714
1038 6 1865
1593 1228 867
264 182 997
1648 444 558
1610 808 930
1440 183 843
1472 293 707
1378 64 1482
1765 812 1056
1788 673 544
1464 130 145
863 341 67
1539 109 1879
1356 719 1499
573 343 1165
851 744 345
638 112 614
814 321 1379
957 433 1198
1055 1006 1880
1072 762 800
719 176 150
917 390 1424
1143 706 1082
484 11 469
963 840 78
1953 1029 549
1679 507 573
1292 913 128
1467 1284 290
1880 174 723
1584 107 1656
1597 149 1398
723 220 373
1409 340 597
448 96 1961
1702 239 1193
653 136 1883
571 307 1713
992 117 88
1754 884 1487
1679 1243 1464
1736 76 212
795 552 1223
1457 635 748
1871 1443 1772
1443 850 1674
1862 990 1257
936 472 1590
356 229 1424
1336 1313 1440
833 481 396
1298 149 1
501 252 1880
1836 326 102
1804 267 1415
1173 270 1115
1886 1328 1105
1490 533 1764
1181 891 726
602 332 679
1758 433 290
1412 166 1789
618 218 1904
270 91 1437
1975 1558 1333
1655 1422 1237
442 85 799
761 454 1872
1855 886 274
1679 1309 1556
890 349 1514
1671 568 271
1630 1450 746
1381 197 500
1971 823 1061
1390 1022 1163
150 97 1132
1862 97 94
1976 1679 331
1458 395 191
675 263 1316
1013 409 188
1317 414 312
1676 538 566
1389 779 1552
949 455 1980
1057 966 554
1680 1575 1678
1679 844 1544
1172 1081 283
1692 1325 623
357 332 331
1445 546 252
1995 1365 747
1867 1079 1500
1961 903 1476
1678 914 1645
1744 1591 1362
1792 438 1788
1387 678 1896
340 129 1920
1267 1265 575
1072 570 1114
121 7 494
1791 53 1892
1018 608 475
960 727 391
1638 410 226
1603 391 179
287 46 865
1192 4 1550
1132 875 464
1710 803 728
1893 1310 1424
1304 416 1535
1643 969 582
1546 809 194
992 568 1179
1996 1512 1451
1522 879 639
1613 1256 784
1411 389 1794
566 399 1065
1369 354 1197
1108 269 20
1388 581 169
918 884 1455
1909 1417 1155
1764 628 1296
1989 400 1667
1505 1261 450
2000 975 1277
1323 482 530
1632 835 44
1371 1261 1586
628 295 850
843 349 894
612 119 195
907 189 1638
1491 713 1284
1510 1181 641
1052 161 1257
582 516 187
1003 569 144
1075 572 567
1842 1738 428
1279 1080 518
1755 701 191
1924 1726 1294
1978 956 259
280 1 1057
1899 1480 260
977 105 1252
1278 1198 1494
1443 921 1030
1942 1341 371
1026 35 558
1792 1773 221
311 199 1646
591 92 1981
357 87 1748
1396 457 1350
319 95 634
1041 335 641
1988 940 1950
664 148 949
1857 621 1631
1823 526 1869
1588 939 528
907 538 148
867 255 1825
1874 435 84
1613 1475 910
1375 1002 700
1673 1021 1243
1923 1452 17
1545 503 269
1984 1055 1550
708 641 1141
1144 283 489
1176 260 64
1854 933 1977
1101 952 1879
236 61 2000
1549 757 103
911 708 573
1371 152 971
1780 1719 1388
1697 282 920
1332 469 423
1769 308 1775
1497 326 1434
971 468 492
743 568 29
1316 1005 1275
949 445 770
1442 470 1152
865 356 603
1692 785 1424
1368 518 36
1083 420 116
288 143 352
1240 783 807
1472 568 418
768 202 512
1649 1400 1656
1591 547 1682
1908 570 1792
329 300 1198
1773 692 1183
1495 259 74
933 620 1880
1944 1467 156
1740 378 989
1588 996 988
551 526 740
1572 837 371
367 290 204
1591 1345 712
1109 316 77
1728 1251 117
1547 929 1861
1730 898 1442
1582 731 1061
1671 1102 268
687 354 663
1407 1327 1241
502 234 454
1499 437 1577
1955 618 715
1690 623 1596
643 495 1154
1720 1483 278
1655 1219 247
739 453 1939
1468 678 750
354 270 920
368 311 613
1952 1483 235
473 429 509
520 499 1738
1430 1077 210
1729 30 668
1587 441 37
432 395 1807
1384 716 962
1502 1049 1863
1931 925 1068
1887 652 1142
1649 790 563
976 761 837
986 806 1251
1984 1463 125
752 661 571
1923 418 1455
1936 1800 1180
177 50 409
1809 47 1692
775 575 902
1600 25 736
1512 563 275
1523 1414 484
1882 1544 1171
1744 15 352
1986 1167 1376
1260 998 475
1035 710 248
918 917 1861
807 617 1858
1770 1094 800
1171 778 1935
1418 1305 1479
1496 1469 812
1962 637 1156
1494 230 1660
934 920 978
1567 695 784
1694 157 271
958 505 1528
1621 784 248
959 749 770
1746 199 1065
1753 1262 1952
1984 1472 1838
1494 886 538
1919 1906 176
1686 732 1704
1510 200 325
1068 468 688
1141 864 1019
1696 618 254
1888 149 1653
1310 501 434
962 735 33
1001 257 1511
1080 38 618
1661 1172 1772
1085 11 1738
1488 1180 471
1459 288 1556
1994 32 1918
1346 456 1314
1599 864 110
581 55 2000
1429 1117 1421
1416 883 87
1156 1034 1143
967 655 1543
1623 1084 373
1579 329 1034
852 279 1751
1520 614 1492
935 818 625
1932 618 1386
1699 611 1046
1048 20 1546
1704 58 512
1859 452 1906
1289 1270 1438
1505 1356 984
1400 1094 1168
1987 1633 1650
1388 880 1237
606 256 671
1914 248 722
1597 1390 753
1452 425 631
1579 824 1095
1190 875 1144
282 29 1778
915 262 1228
182 174 682
1421 709 441
1065 993 1912
1580 1470 545
1683 664 1416
1716 551 1600
518 87 1323
1741 1016 760
1475 767 116
914 602 1982
1913 939 987
1274 467 1125
961 906 370
1432 373 707
825 275 1902
809 682 753
1716 535 637
1611 1547 375
838 294 305
1631 50 3
1865 1398 1986
1905 1402 936
1470 958 1381
1656 1009 555
1721 1185 1923
1981 1721 1689
1051 333 1694
1763 766 1556
818 272 598
1847 183 101
913 150 1319
1700 684 722
1195 212 446
1562 422 505
1978 1615 980
933 545 437
1847 910 1163
1230 554 425
458 134 826
903 804 753
1326 495 1099
1843 1040 1081
1644 1362 1864
1692 1449 1356
1809 1483 597
783 23 321
933 256 966
1407 621 837
1995 306 885
1069 402 942
1293 594 1450
1523 809 1267
1388 369 1249
615 376 445
1727 1724 819
1688 1246 1225
1843 1057 1108
1177 920 146
1446 983 1220
1744 584 575
1491 1294 61
563 441 1643
484 118 822
1248 107 1506
1138 972 1226
1964 356 104
1389 356 648
1781 553 1482
1946 975 1822
1950 208 1561
1974 287 1923
631 44 680
1720 462 548
1550 1537 1215
733 623 496
1211 203 1485
1564 581 802
1614 709 1951
1232 908 227
1869 1828 1608
1670 1118 509
1629 975 1705
1978 1174 79
1938 1116 743
1283 58 1857
1066 680 1494
1937 940 1263
1193 252 546
1926 1520 1035
1377 608 527
710 308 358
1076 712 166
1759 1227 588
1575 869 1317
1040 910 599
1456 769 1539
1381 343 1507
1703 868 646
1594 726 223
1437 439 1105
1586 1133 1371
1444 1356 958
1756 121 402
1744 1280 620
1680 818 1632
1301 543 966
1695 183 1926
1857 314 305
1688 1005 23
1973 444 1157
1291 629 289
1951 1274 96
1256 414 717
1901 925 1281
1628 42 527
1353 150 167
1666 484 573
1708 166 857
515 37 696
1152 998 1402
932 851 1300
1659 1116 673
1909 127 167
1972 1261 933
1967 382 660
209 41 1862
829 777 1839
1980 1013 417
891 243 165
1185 679 559
1991 529 958
1496 861 1288
476 269 1480
1075 948 1421
834 432 1621
858 315 1559
1603 1167 478
1810 356 1296
657 389 828
1999 1790 977
1701 629 1856
1179 325 591
1124 805 898
1519 1220 511
1392 95 1345
1712 831 417
1839 1010 1187
1648 19 157
1020 385 831
1625 750 1461
825 644 1803
1406 519 1316
1171 519 1577
1157 969 631
609 375 285
1280 1076 1269
1084 415 467
1960 282 1005
1936 1058 294
1754 718 575
860 611 1191
1940 891 1238
1228 410 1645
1380 1366 1596
1269 174 1476
1673 1503 546
1932 554 144
369 171 1214
1450 432 1814
1525 1394 903
1788 744 1614
729 57 329
1936 1647 1736
1833 1619 1996
1498 154 1215
517 12 488
2000 1557 513
273 50 961
1662 156 670
1956 78 1297
1145 645 1976
1493 1420 564
1481 642 94
1969 699 647
1904 1254 952
1652 228 1903
825 87 285
1997 1107 1881
1850 92 1782
1533 631 771
1217 391 906
1150 22 688
1196 1127 69
1504 593 777
1321 14 1794
931 753 1100
1117 769 699
1262 776 1815
672 402 1007
1203 478 1112
1841 1648 1690
1303 792 1894
1664 1012 235
826 65 1833
1273 1261 447
576 290 29
1694 1484 1795
1522 935 748
1157 724 303
1686 1361 1755
1990 1158 1782
226 132 349
1727 525 247
1267 1117 966
1142 276 205
501 430 999
987 131 100
1373 112 1207
1066 861 1565
1333 605 1096
1776 1391 671
1979 1700 559
1023 850 1110
1377 738 1593
1490 1430 1024
1610 458 1752
1901 382 1532
1749 141 1709
669 617 231
1042 159 666
1982 191 70
1210 1019 1256
1809 1357 505
1897 1463 1706
1429 462 561
1684 1008 133
1381 979 1086
1167 8 323
1177 595 252
1672 896 1782
1896 733 515
1633 1206 1690
1577 531 648
1740 9 300
1551 191 1910
1978 1465 1006
1304 234 549
1875 110 1200
1144 360 1116
486 350 377
797 411 314
1781 410 1415
1032 106 1327
1804 1352 413
895 410 885
1950 1796 514
1162 1161 1502
957 308 907
1311 1039 1624
1626 229 1060
801 278 568
1121 192 1980
1688 1414 183
1865 381 1719
1025 702 1164
1438 303 1345
1390 931 1929
1930 369 1163
1319 1083 937
1808 820 1333
1710 1138 869
1121 1042 1053
1711 410 76
510 288 420
1698 597 1237
1817 1199 923
971 556 1498
1182 325 562
1869 1056 1985
1682 679 1149
1841 116 172
1923 795 1892
1057 968 1874
1149 624 1020
1769 511 1623
983 921 1337
1952 1350 1438
1379 875 1192
1757 817 1947
1818 1261 222
1522 205 27
1186 788 537
703 400 1932
1934 1258 1281
1467 131 1678
1421 801 1228
1294 38 2000
1910 128 477
795 92 403
1916 630 1817
1152 745 125
1428 844 1350
1361 41 44
1199 134 471
1597 1306 1066
963 779 486
834 179 1667
1420 341 1994
1409 693 1352
1516 832 1540
1575 684 1001
1961 1727 1550
1827 1289 1943
1738 667 493
1442 1249 1967
1281 1086 1474
708 130 1466
1878 1846 1539
1826 1559 1451
1894 1309 1153
1905 1467 1056
765 375 243
1892 910 242
1127 672 142
1489 1437 1005
1300 255 1324
1168 442 1684
1607 881 546
1460 1158 568
1727 1259 461
1878 1320 849
1672 721 1456
1829 242 256
672 535 1377
569 316 1198
1677 375 1620
1879 22 1507
1893 1541 1074
922 356 1818
1878 235 830
1868 538 1250
673 492 1420
1378 170 133
1747 1653 849
1446 2 933
1232 888 828
1347 1017 219
848 718 469
1236 1034 390
502 207 1386
476 204 1105
701 83 556
1800 1304 1753
1932 1790 1491
1534 612 579
1395 327 1386
736 180 1687
824 603 763
1356 493 112
1624 624 1029
1432 1224 685
1632 353 1695
1057 833 1101
981 169 337
1475 172 1024
1551 711 1499
1429 1217 1315
1410 848 1428
1713 1179 361
1127 753 765
1094 843 673
662 158 1266
869 572 782
636 142 342
1702 1419 273
1881 1449 109
1872 1320 144
1378 60 1903
1841 1279 932
1418 182 687
768 214 594
1830 547 1875
748 414 753
1014 151 1382
913 812 557
1311 865 634
912 196 6
980 734 694
1366 1365 1314
641 508 536
1408 651 742
1767 1234 376
694 381 213
1273 684 1727
1074 863 1424
1026 637 1282
1993 671 800
1748 566 674
1420 1020 1880
1370 656 1026
1323 319 1778
772 86 1491
1776 15 1452
1363 259 1248
1858 28 461
1817 1515 639
1167 203 342
1352 712 789
1983 705 1707
1549 992 114
1525 996 541
474 335 1362
1392 655 1597
1055 393 599
1345 901 790
1900 986 359
854 52 1799
1723 1530 1839
663 165 961
1991 1604 228
1391 6 590
1410 15 458
555 159 1641
1509 89 734
1715 624 1103
1690 563 977
1745 1292 1691
1208 486 783
1402 573 1479
476 370 698
533 458 601
1779 1189 197
1084 1076 978
1584 1048 1646
1348 500 215
1759 1437 1522
1911 549 495
521 297 614
923 321 1434
1625 104 1346
1939 831 1442
1584 15 1208
554 135 1163
791 108 1595
1732 1714 168
1689 124 195
1538 1304 1304
1101 107 644
1299 348 1967
1690 1351 689
1232 728 44
1450 654 320
1627 473 931
269 19 1396
1481 1120 835
1842 251 643
1171 956 1647
363 156 1905
1658 1618 540
1830 641 1842
1798 595 1642
1135 1006 1578
1634 853 401
1181 800 336
100 67 653
766 653 1669
511 172 244
1970 101 1689
1521 1362 1106
1418 1345 48
1568 1152 139
1115 588 1937
1028 123 327
1466 641 441
1862 56 1844
1963 804 640
1775 694 1957
1966 1833 538
621 120 1972
760 198 1511
1933 49 285
1765 1131 109
573 359 844
1727 996 313
1490 647 733
1899 461 24
1491 1350 1461
1122 1011 1462
1158 665 117
1644 1548 1445
403 297 310
1281 7 951
360 181 841
1350 1084 1403
1458 432 1934
1285 177 1835
1081 201 1929
1364 362 1301
1025 315 319
824 135 1424
1793 1641 1274
679 666 648
1045 506 981
1815 1290 1644
1492 611 888
1597 682 1494
829 600 1783
777 410 703
1691 41 315
1788 1079 1297
1467 850 497
283 248 355
970 24 1635
879 761 1112
698 506 926
1353 1297 1302
1453 763 934
1448 486 1795
899 410 586
1068 447 1080
1902 455 1486
1899 946 1970
1916 696 1907
580 30 710
1617 1501 1393
1241 1019 1005
1984 540 1112
1061 1002 841
1895 680 216
888 317 1905
1871 676 47
936 237 1690
1123 427 1088
1270 914 1037
1467 249 1263
1722 895 1155
454 43 158
1895 1170 1456
1316 602 152
278 260 1910
1746 1686 1179
1862 603 70
1234 1086 462
1340 1238 1694
1481 281 429
1648 1339 1456
1620 1090 1820
709 366 90
1562 1397 450
1471 725 1112
1381 558 979
940 211 627
1476 1369 224
1645 18 1433
1851 1436 166
380 106 1135
979 358 278
95 14 478
1667 1180 1916
1741 822 648
1728 1389 1605
1554 695 1899
274 154 1039
1714 1684 830
1942 1525 1762
1634 1308 1105
1032 74 327
1947 1902 842
1840 1015 282
1909 1110 1214
643 65 1338
617 586 1881
1812 1534 1826
1395 872 1244
575 421 1535
1945 104 1947
1587 1283 1572
1923 320 684
1164 101 82
1441 485 563
1219 1056 990
1551 772 1436
1780 1729 996
1894 1182 276
304 172 1243
1662 72 574
1837 1621 1891
1631 637 1129
939 522 1333
1345 184 499
1302 43 1342
1546 863 1526
1893 587 230
1781 868 1923
1143 478 1923
1464 538 1541
1670 1205 187
485 138 509
1386 394 209
1880 876 205
860 58 265
1308 1070 1309
1243 851 598
1271 945 588
1528 1202 1188
1491 1086 73
1460 1404 1963
1827 1700 1733
932 4 1178
1863 487 57
1382 523 393
1621 432 1360
1195 700 967
1994 1728 1746
1933 1103 1425
654 185 563
1904 403 118
1541 711 1260
567 265 1456
1443 611 699
1753 29 1539
1862 661 89
1885 1672 1515
1398 1315 331
1940 1803 1518
1535 886 855
1890 1696 1933
1648 1470 1513
531 54 1367
1639 994 1415
1882 1774 1145
1627 194 1891
1976 405 1816
1433 297 1635
590 31 708
1148 415 981
1951 934 876
1893 440 1186
750 422 487
528 234 1496
1550 1169 124
1315 621 880
1339 82 361
1908 388 172
1081 1059 388
666 9 335
1585 998 1778
1740 519 1011
1103 567 933
1172 130 488
842 267 1308
1559 1232 940
933 458 1100
1682 1634 1043
1204 1184 172
1049 202 1973
1553 1116 201
967 641 1011
1651 340 878
563 19 1832
1868 222 352
1681 1170 829
1664 456 26
112 51 385
1688 10 1517
698 525 785
595 492 1029
1602 1146 1795
1688 976 32
893 738 1216
835 17 1432
975 518 1164
1119 634 1755
1292 585 787
1512 331 1862
1189 38 548
1925 1052 1065
288 135 1193
1108 221 1639
1508 955 1843
1703 910 1371
477 285 1572
1681 346 898
1667 1116 1864
850 815 868
425 264 1232
1330 762 409
1119 316 1348
697 488 658
886 17 1610
1578 743 307
1116 963 1
1814 276 1535
1105 1025 513
1353 903 385
1727 1114 782
1036 464 384
842 513 462
1543 1397 433
1859 1805 522
1864 1300 1244
1669 1404 814
539 138 1770
1493 1252 1667
789 586 30
1601 7 725
1210 963 1889
1793 35 1785
620 73 366
1779 1128 334
644 40 232
1284 397 1210
1068 995 1306
1496 556 1814
1951 855 647
801 636 37
1695 1162 366
913 790 705
1460 1373 808
1001 800 20
1845 1691 638
1879 1565 1500
1700 1007 1559
1138 540 1721
1330 339 1211
353 9 1002
602 387 780
1237 156 436
1461 306 841
722 278 189
1500 976 1656
367 188 372
817 578 1263
1632 130 225
174 102 646
1981 81 635
251 40 776
543 331 1884
1973 1712 536
1504 1351 1702
452 109 1891
630 424 47
1780 1397 15
1473 1046 921
1550 1001 1806
1892 1123 1061
410 133 1996
1896 1101 1713
1017 605 100
1757 266 1376
1636 1052 55
1905 938 1408
1374 768 1043
746 584 171
1438 120 1047
1568 404 1470
1363 1055 411
928 219 790
1937 1178 1014
1031 943 1390
1449 415 1871
1402 1114 337
992 454 1775
1633 1407 224
1547 1351 1188
1592 695 540
1405 919 1522
1788 1641 1972
1002 519 388
1929 228 1304
1485 574 1972
1460 1445 1221
1405 1029 235
1644 318 1242
363 215 917
1364 1095 1204
1633 1557 1582
1747 1058 763
1000 143 622
871 787 1332
1834 1534 653
1392 1178 997
874 723 1455
1666 155 1200
771 221 625
1544 1421 347
1002 997 411
1120 812 695
1445 468 1123
942 6 528
174 27 1962
1812 106 1989
1976 784 804
1519 1480 460
804 544 26
1660 442 926
1655 139 945
1480 913 1120
1928 1330 1982
1023 713 593
1972 753 278
1917 372 1026
1138 564 1008
1216 664 1560
1566 1537 1992
1116 974 29
1940 841 727
588 372 452
427 119 1584
1772 844 366
1159 576 1782
1871 1363 1906
1271 3 1879
1172 436 1768
1256 1044 1490
258 53 1001
1970 1713 1082
1511 597 981
474 184 88
1695 507 106
1100 1049 485
1942 725 1742
1715 808 1657
1037 304 1157
1790 1497 172
1498 1182 562
1164 957 1214
1978 835 1429
1507 678 1801
1939 220 1476
1537 1468 1648
848 709 1247
883 550 358
732 223 1182
706 330 787
1654 963 1881
570 185 1856
1617 1076 1362
1168 355 662
1602 788 1306
1249 919 1756
1760 1089 1080
1301 776 231
1272 665 1869
1205 767 508
1978 1498 1289
733 508 855
1230 648 1333
1749 1154 1634
869 798 687
1493 1427 442
1905 1156 1162
1973 1377 51
521 179 86
1587 1452 1122
1577 1131 1198
1905 544 480
923 272 1926
1909 326 1522
1397 126 1545
634 289 1826
1198 968 1527
1578 1381 139
1895 732 19
870 161 829
632 557 1636
667 144 1496
1706 43 166
1875 230 1650
1734 631 619
707 464 1872
1622 43 1342
494 144 1658
1292 914 671
1544 1485 1455
1914 796 938
1779 1599 198
698 188 1693
848 562 1462
1403 196 1848
489 53 393
1340 877 764
789 15 532
1670 1020 340
1652 683 533
1666 44 1713
1859 411 164
1757 267 1386
1954 1730 1690
1109 1092 16
1721 1639 1016
1987 903 660
1861 344 1556
1312 321 474
1646 1235 1486
1224 1080 1466
1606 744 458
1892 633 1086
1534 1464 549
1984 830 1952
1774 1484 250
1433 748 1352
1995 203 448
968 320 373
1790 232 111
1693 191 401
1436 481 548
1759 1667 282
1807 1520 1295
1974 1941 1414
770 163 475
1884 1817 1011
1186 1043 535
1320 412 1681
719 675 881
1904 147 1962
1651 116 1781
1001 322 1678
381 336 769
1416 601 1229
1042 100 1663
1446 990 174
958 907 1204
381 339 1578
1893 1830 643
1589 739 1375
1004 149 925
1840 511 42
1692 1450 926
1692 531 1148
1626 1506 51
1416 789 1775
1592 1293 1025
788 528 42
1399 306 1813
1748 97 1535
743 348 1078
1031 596 196
719 433 955
1039 969 952
744 448 1142
923 376 404
573 155 493
1594 1091 35
921 377 1055
1896 225 786
1981 356 1274
1956 612 981
1368 715 1873
949 366 1043
1219 1044 465
1777 782 1915
1930 296 342
1997 1296 1930
1478 1329 1075
1976 1617 324
996 83 1566
884 102 1457
1706 1304 1840
1973 1391 1144
1481 901 1505
1211 4 488
1885 1030 1083
1042 839 149
1956 923 1065
1615 658 340
1996 517 950
1067 917 79
1937 355 72
211 96 638
882 410 1410
1451 1244 1541
1899 415 880
1961 869 1176
1140 620 1049
1754 1068 38
1082 1011 1238
1207 650 303
1650 663 1226
702 310 1120
930 148 1280
1676 967 527
1570 153 1818
1390 1153 1509
1694 1672 859
1722 354 1026
1716 191 1670
1832 963 255
882 198 1317
1323 539 1359
1997 1800 1522
739 636 1388
921 677 985
1774 397 156
1278 150 1381
1835 608 1350
1929 872 211
1874 1715 681
1520 872 1178
1653 916 1282
1737 1489 1550
1758 1066 1838
1830 1018 389
1552 888 481
1996 1779 828
1741 1422 1966
1646 736 1740
1918 1269 155
820 733 220
1036 758 952
860 103 966
1844 748 1139
1425 446 257
1329 1086 146
1330 621 953
1668 336 285
1112 761 1296
1955 505 1177
1138 524 384
1401 1131 625
1550 937 600
1661 909 554
1572 933 852
323 162 102
715 647 423
1790 623 531
1660 45 1131
1546 250 619
1662 233 1445
1988 16 162
1125 194 1265
1441 249 1193
280 7 256
520 273 219
1471 1346 1662
1968 70 1821
1651 1335 377
1619 1328 544
1616 514 255
1425 495 1212
1547 1117 1687
1592 612 1116
1126 200 1781
742 243 1855
1421 798 141
1772 43 274
1773 229 1738
1690 691 993
1664 1208 1101
1367 520 445
1158 663 1961
1393 339 334
1975 1128 90
897 217 1838
1252 1099 573
1473 339 431
1480 192 1646
168 104 719
1591 360 396
1226 886 310
1476 515 1402
1731 1081 260
1776 480 1813
1566 1122 1491
1637 653 73
1799 200 1462
1800 730 1918
1667 992 629
1046 39 474
1508 918 515
1030 1010 779
1940 1135 1351
273 203 1035
763 411 155
1898 1372 773
1799 1166 1126
1438 637 1740
1862 1824 1413
1285 305 1892
948 247 716
1129 148 1160
1614 295 973
1956 1499 1371
1307 927 1805
1792 1251 527
1761 1132 361
1936 867 1341
1116 1022 33
1728 1458 572
804 73 1536
1578 716 970
951 322 1183
1730 1044 1146
1141 702 126
220 4 1732
890 318 1501
658 208 1188
1072 410 1403
1326 397 630
1728 1505 1432
1287 20 1075
1753 338 1456
426 83 1013
1746 1252 1692
1914 242 563
1752 1322 18
1577 1558 240
682 383 359
1894 1514 970
1540 278 1553
1383 910 1833
1929 105 1591
1365 1259 1150
1163 207 30
1517 152 22
1589 1421 1726
1446 703 971
1798 590 1492
934 152 94
1837 1010 763
974 858 1858
1744 1526 1086
1776 1516 332
664 431 116
1727 1577 539
880 472 1709
1501 509 1110
1907 451 83
1833 547 1468
1198 126 1743
1033 1009 1330
874 48 1745
1645 224 644
1900 843 1750
1650 587 1564
1803 568 8
1385 1234 907
1036 484 87
1099 123 992
485 424 111
717 72 1168
1464 3 142
1952 457 982
1799 698 1558
910 493 1920
1457 1429 362
1823 950 1431
1450 388 432
1123 682 688
1509 689 721
1480 759 1595
1574 490 1516
1226 144 1467
1998 1064 332
703 527 482
566 252 1059
1914 1424 1666
1838 1461 184
680 435 236
656 322 1676
938 842 1573
1998 415 1259
1839 1289 220
1623 1164 748
1776 1316 1264
750 475 150
195 34 1128
1849 1537 1877
1593 47 787
1981 210 1680
1987 938 579
1739 711 1565
895 794 1410
1011 997 621
1596 958 791
1643 107 1870
1884 655 581
1877 811 1970
1243 1096 1657
1351 209 3
1589 559 591
1051 434 563
1661 268 1270
1523 293 1672
612 309 329
1468 524 753
1034 585 231
1985 1689 824
1960 1608 200
1098 183 1436
1575 1495 1692
1721 1601 1990
1337 1044 1457
1924 976 1959
1721 1264 1970
1860 772 1711
1293 487 643
1901 1357 491
401 338 186
1920 464 1200
963 259 1283
1534 747 480
892 747 906
1796 1172 1074
1624 339 792
1860 357 179
624 352 586
1750 881 1778
1983 328 521
1098 724 717
1754 1347 1835
724 594 1527
194 170 129
457 438 1385
1576 571 796
1060 671 1772
1587 688 506
1186 1114 982
1920 1013 609
755 481 1648
1990 1804 1507
176 96 1833
1900 1524 38
1411 1304 1074
655 9 545
661 351 1502
1967 1322 196
1746 449 1240
1594 991 1704
688 93 709
361 102 1486
1087 432 224
749 431 1585
1195 785 38
1758 1434 1883
1564 1064 576
1452 972 1281
1253 968 870
1504 455 1512
1045 306 256
1534 1367 779
1712 273 1545
1019 512 1924
1780 1777 225
1397 1143 1083
1435 352 1517
1968 158 201
1599 1087 1822
1466 975 752
411 220 579
1759 868 1011
1908 1601 1527
844 625 423
1782 1316 454
1748 1581 819
1374 514 1731
1707 592 132
1705 427 1875
1503 270 1396
1292 183 388
1148 762 1621
1915 223 931
407 279 1836
802 112 1825
1739 402 1274
1875 1301 1240
1651 1226 333
922 289 918
1938 182 1554
1541 1126 291
842 782 1687
1464 935 1027
1034 261 1627
1798 214 1863
1395 1000 166
205 124 1424
1305 809 1795
1506 714 444
1795 366 923
1441 493 400
960 715 1090
1369 712 1574
712 522 737
1609 858 1328
343 51 992
1567 407 592
122 26 867
1968 973 842
1350 659 934
1126 331 1901
853 305 935
946 297 881
1262 232 1475
1322 462 1407
1614 1459 1168
1523 415 1227
1051 842 618
789 555 744
1684 320 1404
1184 968 775
1529 194 1873
725 518 1830
1039 748 526
1337 66 1335
1877 703 51
1618 1276 1797
1972 1676 1575
1137 768 1632
881 443 1720
1938 1023 820
1922 756 1070
1815 610 315
1688 828 83
1751 1377 882
1593 637 269
1920 352 373
1761 1166 701
1684 1282 44
1682 39 179
700 408 178
1223 769 42
1572 1106 463
1139 598 1159
1007 20 418
1229 884 1207
1987 1411 606
1503 992 1892
1350 239 1596
911 299 1954
1332 83 1659
1836 1122 1237
1159 880 234
1515 60 15
1029 322 250
1499 288 1903
616 162 1696
1106 229 40
1288 406 574
329 144 539
1558 1241 1097
1661 1342 1399
1165 7 1810
1183 10 1109
1513 777 583
1817 200 621
953 773 1557
508 47 1518
588 245 1661
1579 12 1234
982 114 1886
1999 446 1210
1588 281 501
1331 862 189
1189 607 1402
665 485 185
617 380 782
1282 470 550
1759 723 92
762 177 938
1631 885 73
1902 605 910
656 158 1406
1088 363 668
1604 922 1998
1192 1130 452
1891 911 1737
1986 117 58
677 373 728
1529 536 1970
1510 486 1909
1040 418 1600
399 50 1827
1942 1353 555
1742 876 1318
1690 224 810
1213 631 1881
1013 737 337
1350 920 1505
1649 1499 1226
1144 743 1065
974 912 877
785 493 1936
1825 1158 718
801 650 926
353 118 388
562 19 1797
1789 943 551
942 728 317
1820 1426 184
424 195 1894
553 31 438
1037 281 1097
1119 96 20
1265 80 232
1543 179 1044
1680 881 1763
1293 105 1981
1292 516 975
690 227 347
1933 1206 80
528 9 732
894 284 1938
1849 1785 784
1532 196 1044
653 446 106
636 16 1353
1852 1271 1491
957 652 53
903 731 440
1795 169 1711
1147 726 1227
1860 267 842
1343 295 439
1432 1208 1917
1610 1481 291
1635 1129 525
1547 1128 206
1393 249 1064
1911 942 1148
631 261 1032
1016 415 1246
1952 236 954
772 769 1064
1990 864 528
1635 923 258
1998 1607 13
1997 1422 779
1358 1261 219
1979 796 1433
1491 1067 841
1283 840 1653
265 14 1894
1374 782 1792
1239 158 160
1643 12 1528
1317 36 509
1956 599 473
1915 225 1646
1729 391 1667
1296 145 965
1826 675 58
1506 35 1192
1705 1037 1212
1920 626 1173
326 246 1033
857 502 640
1971 325 1777
1625 846 1610
1507 1461 1663
1809 785 1938
1122 757 970
1802 1360 1664
1300 347 921
1233 706 210
1212 723 372
566 160 1799
1514 475 1744
1389 1147 1133
656 369 803
574 305 1364
1564 1253 1823
1879 1298 411
1877 1801 1513
1444 1181 1814
1815 153 484
712 561 1846
1264 299 1801
1019 919 1754
1239 68 746
1515 1496 1280
1899 1492 1329
786 265 781
1945 1056 365
1320 1205 1737
865 169 800
1415 754 395
1194 620 1138
1667 875 732
1362 610 1633
1608 181 426
1315 1239 731
1126 736 1905
1566 680 1296
914 480 1941
1195 183 33
1429 30 740
896 418 1296
1595 52 508
1916 150 1592
309 263 944
1604 89 337
920 140 1739
1919 943 1869
1777 286 769
1445 901 1075
1691 899 1412
1574 465 980
1204 1057 1147
1796 1112 692
1712 918 1276
794 664 1086
1359 374 1074
1330 724 111
750 335 142
1787 483 1945
1993 104 1150
1656 842 28
714 212 679
1921 980 930
905 588 1056
1572 580 1413
1411 1017 1556
1684 57 1223
868 14 1162
1057 18 1646
1813 1105 772
1980 83 1055
1960 41 192
826 233 1461
1513 1195 814
1959 737 917
1521 941 1818
1568 140 404
1778 249 573
1609 703 1272
1454 1026 1806
241 117 380
1480 440 405
1720 1196 917
673 349 1838
1030 443 775
1169 493 310
1704 514 1610
1842 189 1966
1326 1153 1340
1327 51 126
1181 1162 875
774 81 1242
1831 98 1139
338 324 1384
1946 1590 1034
829 659 1063
1788 107 496
1634 1140 767
1449 643 1850
704 376 166
1852 701 1463
1962 1221 306
995 621 255
252 223 208
1315 1218 1167
646 562 531
777 395 1260
1450 109 845
727 264 282
1496 1045 1781
1992 414 747
1141 211 456
1079 339 1948
1228 524 1376
1519 855 1448
1177 335 421
1929 1269 1230
624 553 687
1927 175 399
1782 556 653
1831 1557 314
1679 130 1423
1646 1549 844
797 75 571
887 170 710
1466 11 1594
1192 13 1321
1636 1041 1340
1867 463 1028
789 681 1288
1217 641 611
1446 76 1062
732 478 643
586 317 338
935 821 1408
1404 1343 415
1167 892 78
1383 936 1715
917 461 270
1381 191 569
1944 362 1428
1786 401 1922
1470 706 1450
1420 1248 982
1977 1409 328
1302 620 762
1075 212 797
1665 1434 88
1682 832 690
1417 737 602
1018 854 968
1781 1384 174
1818 612 1039
1804 79 829
1424 1073 572
1754 523 1511
1876 878 1443
1659 927 1844
1402 787 1612
1544 1078 628
1423 264 805
1724 1336 1797
995 792 267
911 875 1315
263 128 1853
1424 673 520
1313 515 392
1641 1419 710
1579 1187 435
1515 1212 1651
1677 1243 648
1003 975 1232
1917 1180 87
1086 373 1444
1176 634 1106
606 558 1960
1762 1482 138
1410 799 1011
1748 163 977
1831 1074 1879
1844 59 1083
1776 619 1996
184 139 387
1359 497 174
1756 579 892
1511 1209 964
1262 1177 267
1679 1382 1056
1925 154 1660
1206 453 1662
978 578 1285
1545 1464 1158
899 689 178
1681 1485 753
427 346 1997
557 395 1294
1766 1727 814
856 738 106
942 342 240
1435 944 268
1560 980 818
638 629 241
1650 1614 566
1910 1095 1006
1639 677 1823
1790 471 411
980 247 1348
1179 657 77
547 108 1472
1773 515 960
1461 1386 410
1916 1334 1550
1830 971 983
1478 977 783
1463 1255 1927
860 549 1704
1250 220 828
714 386 378
1087 744 763
1941 33 547
872 623 220
1887 927 1223
806 610 1789
1594 1411 1191
1951 627 498
1624 881 1886
1904 1411 809
1811 293 968
1463 298 1255
1239 49 629
1509 1088 1440
1700 411 1476
1667 911 191
1112 959 1976
1105 1095 1296
1046 110 42
1281 305 574
1705 1631 1714
1895 1605 54
1800 1478 1598
1690 1050 334
1197 793 1553
1682 1531 747
799 682 1280
1732 692 112
1993 1826 557
1434 593 1022
1912 1167 137
738 479 329
988 550 758
1139 725 1870
1060 924 1458
925 614 524
1345 1092 1863
1653 989 845
1385 1001 1106
328 36 579
1144 1131 1759
1322 1020 1
969 592 1257
1994 14 186
1525 1135 327
125 82 77
1816 1283 415
1498 1084 192
1252 1065 1057
1595 1041 962
993 537 756
1150 308 984
350 105 1760
1075 979 581
851 502 249
997 87 81
1749 888 1133
1287 1227 386
417 36 1394
1992 214 834
521 463 1354
1848 697 1701
1125 251 855
1136 547 611
1909 331 711
653 474 1288
1829 681 1726
823 316 555
1772 1275 1587
800 91 1146
1846 156 206
1020 658 1657
665 407 213
1995 1689 288
835 324 579
1718 940 1679
384 351 1756
1312 274 776
639 535 719
516 430 884
1587 149 1816
1963 1259 1056
1423 1005 1839
1598 194 343
1823 915 1800
1938 1209 1439
1539 231 810
1405 571 941
946 771 136
961 374 1056
1790 84 1705
1135 327 1263
1963 872 1557
365 137 705
1892 1769 1311
1220 1208 598
731 313 1343
685 274 774
147 71 1422
1233 478 1636
1277 564 837
1766 1723 1982
1095 387 820
1007 388 1298
423 56 1102
1319 617 1688
1880 126 1205
1039 489 1406
697 688 1205
1038 891 1739
240 203 64
1748 1534 1663
1660 491 454
1631 200 1543
1724 561 1741
1891 717 1247
1791 1416 1308
1573 756 1626
611 314 500
1884 1401 1563
1427 1184 515
1975 648 1825
1718 482 98
1952 1537 636
1957 1891 1092
985 495 959
930 575 1552
1956 532 1010
1682 9 1802
696 425 1151
919 445 1274
1478 89 1767
1212 119 1997
1299 261 210
302 110 1739
1926 236 783
1845 292 1518
1326 828 1979
641 380 790
1697 1093 1070
1324 1097 638
1099 316 1779
1764 157 1420
1450 1335 1933
1199 502 1825
1746 791 1290
1291 384 93
1479 933 1476
1609 1266 1189
448 62 1810
1862 1085 59
1031 455 1988
1307 385 1818
1637 506 1081
1741 720 734
1317 454 249
931 36 955
1250 684 56
1330 913 1849
1396 1134 1596
888 400 726
1687 1489 1618
1268 1194 1672
1874 1465 912
1800 1168 1289
1596 456 1223
1680 408 1729
1361 1250 997
1940 620 1981
1039 246 1095
1259 1139 1002
1548 1030 659
1946 122 1612
1559 238 338
1633 288 1592
1428 29 1435
1790 1108 760
1800 1176 312
777 171 332
744 633 1071
1115 804 1144
1943 25 1723
739 78 1634
1387 561 51
600 106 926
1901 1244 1231
1742 1637 1183
804 606 631
1337 524 1229
523 514 1781
397 268 1951
992 563 1543
1821 853 1681
1770 953 1126
656 305 1619
1692 1138 193
1352 827 498
1438 1330 1602
906 169 236
1876 970 323
1822 146 1033
1889 1107 73
1925 1524 969
1861 1139 484
1190 469 1285
135 119 1028
1177 981 1892
1967 818 1621
1368 836 320
840 165 1615
929 849 41
1827 937 798
550 280 128
1931 57 1407
697 448 1945
489 394 1763
243 225 258
1857 16 1664
1945 406 1457
1402 789 230
1765 1130 725
1922 505 1192
1947 771 1674
1710 251 1043
1970 14 1523
893 806 289
985 371 1860
1568 604 1398
1688 1349 184
1249 447 194
1028 503 482
1784 482 415
919 631 865
1787 701 1286
1108 905 80
1654 1172 626
830 369 1557
1705 1679 804
1719 432 834
1010 192 1625
951 856 1379
1371 25 804
1642 1168 17
1620 439 666
1031 174 1546
578 475 484
742 157 805
1445 295 1468
1249 749 1098
1261 283 1346
1497 1309 1204
1675 1129 387
1286 808 775
1459 579 1956
631 516 1652
1275 643 253
970 660 815
1442 289 1534
1902 1585 1827
1590 106 1738
1581 201 1250
1834 722 285
723 692 622
1261 715 864
1306 203 700
1917 1447 1249
1079 25 1750
1745 1063 1412
335 312 1672
1862 864 1576
1637 265 1998
1470 250 1726
856 709 1202
1293 265 1905
1940 1087 93
1760 439 877
1535 1462 140
1817 861 913
1372 250 1504
967 813 1211
646 306 1783
1634 1627 1746
1541 352 1484
279 225 1397
432 275 458
1632 836 1097
1996 1102 1900
1163 241 1492
1277 615 635
1284 872 1221
1955 1155 1497
1467 119 1233
1595 1415 1967
1873 181 958
1715 1290 180
1750 158 1617
1835 1297 624
1683 524 202
1400 638 1988
1622 1515 1421
1583 1121 362
1072 322 1910
915 417 1433
1809 1087 742
1485 848 563
1621 1005 1056
1816 679 1034
1266 57 1545
1274 1077 1975
920 913 457
1883 1854 238
739 370 1134
1578 1001 143
1844 1802 802
991 712 1615
1569 935 1745
1187 118 436
1664 841 94
1519 1231 1325
355 35 167
1513 794 1041
1777 1264 166
1121 778 290
1404 825 263
1504 710 923
1932 404 1334
1508 273 1396
1723 352 38
1616 1602 1917
304 213 1858
1782 98 1693
1804 1057 1067
559 437 1179
1884 1235 1065
1688 819 998
797 581 1387
1863 1159 1542
1899 538 1226
520 248 1464
796 44 557
1265 6 158
1262 878 973
1817 230 24
966 23 1708
1052 758 865
1236 555 1474
1670 875 1773
907 67 1931
1529 773 1637
1528 1111 364
794 490 488
1593 834 1445
1568 138 843
1554 54 331
1773 712 257
1774 950 627
907 781 929
1384 1328 635
1132 182 584
1883 1683 879
1194 1064 478
1595 1549 813
854 66 16
1499 764 1036
789 417 1371
1598 219 643
1572 288 284
1157 781 1051
412 33 813
1604 1479 1781
1013 842 1485
1120 1033 1445
1956 1392 1030
824 406 1295
583 62 1383
1835 1310 989
582 365 689
1308 541 307
1764 1711 766
589 49 1490
1925 1793 1318
1284 171 863
1176 1031 917
1978 244 989
1348 976 1475
1074 948 759
1634 747 193
1470 385 1736
1825 1415 306
1689 943 580
853 230 1052
1965 1579 1594
1902 1379 11
1444 531 1897
425 256 1109
1653 1487 921
700 210 43
762 725 1287
1813 506 127
1790 677 462
1454 1304 1530
1830 697 1069
1354 93 1918
1889 293 933
605 14 1221
1657 1603 1685
1763 1168 1398
871 850 1031
1623 1459 1238
1396 412 623
1939 484 1878
932 456 939
705 486 1830
1292 802 621
803 76 1601
1371 1119 377
1753 1125 1295
1385 1026 1868
1570 914 807
1099 734 1127
1954 452 779
1571 259 804
742 177 397
959 171 473
1872 1284 700
1072 484 1287
1608 1426 791
1350 402 121
1949 1584 172
1913 364 1233
947 267 442
796 540 1700
388 260 877
1368 1235 1509
1760 24 155
1697 1121 251
1861 605 1204
1982 402 1141
1881 1708 198
1849 813 1192
1593 629 1245
1480 1283 732
1761 1617 1680
1662 1322 942
1265 451 462
1024 1023 454
1808 156 36
279 155 1824
1978 1416 638
1223 935 1635
997 74 1665
869 831 73
1304 988 845
1159 585 1391
1099 406 1800
628 312 634
700 661 1722
1727 421 611
1881 988 1797
1408 319 618
1777 506 339
1514 659 734
1850 721 370
996 60 1072
1940 570 1730
601 436 1822
1614 593 1577
657 296 514
879 402 1870
1999 797 1565
899 465 1997
1482 394 421
441 426 1874
1522 785 1591
1501 1422 968
1839 1286 1329
1827 129 1019
935 261 1353
1951 858 756
1648 287 975
1876 617 1252
1962 121 386
712 18 1895
1789 103 864
1654 387 1128
848 191 1662
988 720 1865
1645 1570 1137
1302 386 315
1739 122 1880
1208 310 695
1590 608 300
1497 965 1064
356 293 400
1614 1477 1019
920 166 741
1845 656 469
1755 210 711
1982 564 175
1719 50 1174
1429 758 1338
1613 347 1763
1456 1312 1816
1056 640 1049
1566 1101 181
1377 1236 360
1926 584 851
1905 681 1154
1250 681 1747
1575 13 1176
1134 323 1440
1086 489 1343
1915 1435 1174
1340 551 458
1656 1138 225
1455 1194 459
414 93 47
1922 1459 1490
1283 931 1141
1204 1007 1790
1682 110 1327
133 52 1479
1010 344 1783
1309 459 1896
1475 103 140
1342 546 1487
483 37 1902
613 238 529
1605 351 8
917 514 437
1934 1613 579
1247 324 1295
1818 815 270
1443 445 756
1030 3 1700
1544 1239 745
1568 297 608
1333 894 1693
720 181 342
1517 1439 498
1827 1089 681
693 73 332
591 279 929
1942 861 799
1330 551 362
1474 543 241
1867 479 1972
1401 478 45
1620 231 312
1294 1128 1165
1713 819 1527
1276 90 201
1725 1252 829
1269 628 1759
1863 489 1926
1871 683 1856
1236 93 1184
1681 1194 1879
1482 569 1967
730 496 1726
1730 1395 951
1782 1097 620
1848 344 164
358 345 890
1204 107 258
1066 503 594
1946 1317 283
1797 260 1130
1759 1174 587
654 629 1270
1130 771 906
1358 895 702
1893 58 162
1115 941 1729
1665 1485 1338
759 424 308
702 146 1858
1230 407 1810
1958 1762 1915
1311 805 207
1411 554 1300
1102 676 96
1823 1441 610
753 89 671
1247 335 1417
1344 1287 1075
1890 1270 1333
1545 909 984
1835 748 1357
133 30 572
1166 16 949
1763 1653 765
178 18 993
1574 1251 1464
1158 197 269
1977 1266 67
1265 68 994
579 30 1495
1366 873 1371
1975 1215 509
1955 1279 1046
1954 1089 101
1568 529 417
1772 448 1024
1545 1401 1843
785 757 443
1792 978 459
1550 597 281
1289 259 1459
1519 217 1143
301 67 222
810 271 1714
1915 360 163
1523 1325 1448
1424 571 44
37 3 718
1952 1895 753
373 327 1225
920 60 1959
1720 1418 328
937 590 907
1344 1294 1988
253 49 1798
1053 82 296
1971 489 1175
1416 93 1262
1519 1094 1849
1713 1049 1105
697 145 1444
1581 444 1377
1477 138 1529
1979 1835 39
1300 809 1966
1264 1261 1731
769 650 1203
1518 1065 1166
1068 1018 1563
1235 479 1254
612 365 1263
1266 1194 471
1235 533 738
1479 1329 1729
573 250 447
1631 928 1964
1887 1560 1428
1615 1294 1509
1990 1986 540
1369 1304 1764
801 297 1079
906 468 532
236 135 236
1742 1095 461
1372 35 1159
1335 789 1818
1534 207 1701
402 283 274
1048 273 1645
1240 433 1013
1359 265 881
1057 694 1369
771 528 241
1703 1650 1124
1552 906 1926
1922 1186 895
1348 895 1254
561 271 1852
1996 558 332
1696 1277 1634
755 245 438
1515 1057 46
1851 440 1532
1681 440 1567
1712 7 1161
801 151 743
1990 339 224
1754 1585 273
1255 646 1562
1632 1598 1756
1092 51 192
882 374 1906
1792 1004 1035
1386 107 1049
1896 112 469
1401 1399 1373
1058 469 439
1123 674 1120
1141 250 209
1940 1659 1509
1647 1512 343
1960 1097 507
439 131 1323
279 78 17
1519 775 1257
1756 1075 1489
1518 1445 485
793 744 418
1711 1449 1467
514 462 1323
1894 259 382
1861 147 1086
1418 418 1640
1976 74 196
1789 469 1193
1100 655 1361
1927 1765 1556
382 113 205
674 209 34
1226 1187 1663
1696 1363 305
1590 414 1438
1108 371 1412
1232 392 1454
1755 1289 777
1854 954 446
1578 540 938
150 46 1168
1407 799 1121
1648 152 365
1528 421 1538
1921 1849 1380
1340 495 1242
1616 83 759
1449 951 395
1391 383 620
1210 222 181
716 41 798
1386 905 712
1143 952 1378
1778 248 1459
1577 1530 306
1855 825 967
1845 1823 56
1890 1509 1892
1190 1187 1596
1237 323 234
1075 322 236
909 811 849
1432 763 2
1294 865 457
1083 740 917
1228 905 1113
1070 121 101
892 87 799
1951 1556 584
1439 1114 877
1857 1367 711
1769 1669 864
1754 1398 507
1235 921 1412
1510 1226 1401
1227 477 1201
1314 1000 1718
1345 233 1830
797 244 1667
1801 473 1639
619 269 1541
1658 1202 1253
1669 141 1272
1760 214 1186
1813 1698 1961
1259 362 1756
1073 866 1918
1993 1565 1444
734 482 868
238 194 1452
1170 463 593
713 218 1814
1703 857 1106
1346 1228 905
1776 656 407
940 166 1659
1119 496 1079
940 383 1071
1852 1690 1926
1136 286 1415
889 414 1991
1371 914 1649
1599 1289 1863
1489 371 937
1595 1178 1228
2000 1651 1780
1246 152 1256
1788 413 318
1591 1093 1061
304 227 621
1585 1296 1058
1517 329 1239
1472 900 1315
492 132 1950
1943 165 845
1065 55 7
1675 6 1836
1649 425 140
267 263 483
980 56 1550
1118 146 320
501 439 1577
1473 56 813
1760 944 1667
1807 384 299
1025 797 101
1955 358 534
1840 606 1612
1821 1115 127
1951 1295 518
1696 1497 912
722 79 9
1714 1107 152
1447 983 1395
1397 190 358
1583 846 597
1658 1061 1464
1631 1017 431
1081 100 459
819 181 1910
1756 770 928
1183 868 638
837 188 170
623 39 792
1054 651 1452
968 848 1914
984 331 1309
579 466 1511
1075 575 1483
1798 755 348
371 158 105
1240 510 80
1176 1154 1387
741 207 242
1814 296 1916
798 482 1486
1694 1561 755
1952 574 1535
1686 494 88
465 383 1587
928 796 1299
1429 611 162
1486 1432 1491
820 171 121
797 263 1973
523 503 1920
843 673 739
1146 417 1951
1620 1154 1544
1583 1545 181
1285 369 1599
1196 810 528
1845 1612 1696
1085 489 295
1003 448 1202
1898 1092 686
1557 1325 307
1950 1477 148
1922 1784 759
1932 512 1588
1536 1185 553
1157 469 1024
793 88 1345
1112 432 1773
796 354 1648
1384 1260 1737
750 301 498
1192 822 160
503 103 968
1240 94 541
1908 1836 326
1712 1247 179
1997 1409 475
1342 519 199
798 324 1893
1287 362 1329
1415 926 398
1787 54 1941
1653 1453 1388
572 4 396
623 409 1855
1365 496 1007
868 124 1444
1620 807 1654
1247 772 321
1741 224 111
1801 254 1570
737 415 95
1970 139 222
1190 421 454
245 150 1176
1232 925 1563
456 38 572
1975 1174 1070
875 287 613
1773 478 1620
1384 319 691
1966 1153 1280
1310 1190 368
979 939 839
706 73 459
1233 40 1700
1038 410 1875
1488 597 1725
1395 1246 1722
1494 521 620
820 376 251
1566 93 658
363 9 936
599 312 614
1653 73 875
1574 749 1536
1454 20 1639
465 71 903
1844 1543 764
802 91 1603
972 955 1602
1944 1661 1392
1785 410 1314
1104 309 1311
1658 596 117
1384 1064 271
1027 736 1892
1232 254 1076
472 232 730
998 375 39
1985 447 554
242 231 20
1984 1318 240
1447 1170 1829
1173 71 1452
1570 488 286
1963 927 404
1170 312 1705
1802 682 914
1952 1930 1495
1280 1006 1221
1035 112 1080
1530 611 1555
1959 778 786
1384 785 1127
1158 1082 808
1635 1137 3
1257 885 578
1848 1843 599
1563 56 1105
1953 357 42
894 846 1900
711 149 732
1059 582 54
1883 954 1629
1519 128 677
1745 58 1104
1242 1066 1735
163 24 1994
620 60 1245
1846 1436 1825
1856 1528 591
422 340 1618
1622 292 377
1934 730 1915
1323 607 53
1530 1403 1413
1707 903 1005
1170 840 277
1406 1057 1419
1376 917 1956
1654 1411 1723
542 17 1396
1406 1112 444
978 349 1282
1357 1316 1820
1931 1821 681
1867 845 1017
1593 217 1737
1891 1131 1577
1976 1117 1952
1663 793 870
1452 940 776
1806 1694 1859
1948 750 79
1272 779 1323
1940 1860 1132
900 899 1737
1718 1167 1396
1913 1146 628
1712 1666 1863
1440 1243 581
1789 1725 1441
1208 1066 1888
1664 618 1970
1641 584 1803
1196 1072 1136
1751 874 64
1973 619 1432
1427 1087 974
923 39 839
1744 1467 1401
1782 380 415
1961 709 468
1789 570 608
1036 445 1150
255 86 973
726 553 173
1746 97 577
1889 1215 1212
1151 63 79
1166 182 13
1197 1088 1602
1604 2 1014
1338 47 1330
1254 333 819
968 335 1883
1897 781 332
1241 938 78
1353 501 68
1121 917 1914
1358 910 434
1896 968 777
1706 1425 582
1044 349 576
1693 1199 440
1093 73 438
1369 726 1784
1986 160 364
659 380 726
1457 355 1276
1677 525 1116
313 115 1933
1748 1169 888
748 565 851
1459 204 1383
1540 550 295
1065 1034 371
1164 1136 980
87 61 1503
907 444 1877
313 16 1531
790 285 508
1830 67 1908
1720 695 971
1964 945 1154
1810 1630 1951
1747 1380 1082
1682 732 1079
975 365 907
528
1214
1350
188
618
1211
1911
1713
653
1398
1115
1993
1448
974
1642
540
807
71
1433
1665
747
856
886
868
430
106
286
121
306
1265
143
155
746
1639
1470
817
1919
1805
289
1045
583
1599
1150
171
626
1174
1738
133
1344
65
1930
348
1109
385
752
74
1528
992
236
1663
874
381
441
732
924
1060
943
1479
1751
223
30
1135
459
1509
1539
514
1584
1666
875
201
433
375
261
1879
1688
282
351
1030
1219
1369
767
1695
440
1102
1938
631
1859
982
984
1396
466
1292
356
1515
26
1558
1498
1304
1082
427
292
589
496
1828
1901
590
718
1284
245
494
912
379
1123
1925
240
14
600
3
908
57
1317
1848
1371
791
1202
810
477
926
28
542
88
950
1949
1988
1188
137
1337
24
998
789
1733
1380
443
1363
717
1028
1374
529
279
468
87
1176
1215
1355
1750
1842
1
327
1906
1810
547
878
454
1783
59
1689
834
1839
917
823
881
778
662
1341
1395
1343
749
786
230
1720
1608
61
114
1658
1950
352
1771
1731
1912
1308
1009
491
1117
1628
850
1306
498
1556
1615
8
1346
1286
561
341
1968
1891
162
174
209
467
1793
1574
1707
901
628
462
1565
1692
250
1189
704
1197
1177
1275
206
1909
1933
1818
1029
553
697
527
795
904
1164
1118
1943
1668
1463
1817
147
1175
808
126
1980
1504
111
1238
1964
1678
801
274
771
698
1814
85
260
1241
1916
1359
819
543
1905
1759
870
1056
735
721
1289
116
72
197
1481
936
1701
172
1038
493
753
1755
784
350
1236
1434
859
248
1544
1667
1570
38
714
1468
663
1596
184
1426
1192
1493
210
1281
118
117
125
722
1229
198
1552
973
1210
1145
1907
740
734
545
999
648
796
1480
1465
549
60
1010
435
1753
955
1461
1932
1224
228
1435
1627
1582
1393
1952
1854
512
1184
1349
1073
1130
1499
1677
954
1870
832
55
569
412
1500
1961
551
1645
765
1945
78
1496
1890
866
1083
449
1466
803
1652
692
678
1180
980
99
424
216
1345
1340
1031
1672
507
1217
805
622
1472
1104
776
828
616
758
1648
1749
363
1293
905
525
25
313
1979
247
138
1513
1497
595
1743
1612
1026
473
1490
587
948
1877
1986
358
1370
1460
847
1923
407
1462
1450
129
227
1781
109
700
1990
20
167
1012
1095
257
58
45
383
1218
1301
825
1900
640
586
1947
1295
968
319
1270
1389
1385
1922
1815
73
1921
1765
1233
1445
1637
1358
446
895
1069
91
1691
1740
1151
1827
1381
1322
1920
643
538
533
337
7
770
766
1227
1561
464
1424
1790
1223
510
1041
1178
1700
521
139
145
970
321
1506
1965
1954
329
52
1291
35
911
1780
1723
853
1016
1288
37
1126
1087
802
566
344
572
563
284
997
519
1914
458
102
972
996
606
1737
1231
614
481
556
1259
346
1804
736
1383
470
1524
1712
318
300
1246
500
326
1368
1021
1764
1318
1477
152
16
1339
1643
1734
151
1326
635
1378
1598
654
1696
1272
726
169
445
727
56
469
6
1581
1147
511
670
1519
1657
1320
1984
1046
2
340
906
629
374
1057
647
1361
297
1300
953
1144
988
815
708
175
1861
674
518
1146
854
1089
1158
1797
262
617
272
1866
432
509
278
305
1941
1419
1541
564
720
1522
32
1132
1633
342
1313
376
1167
672
101
684
447
1578
156
1264
1471
1763
1724
238
1887
1276
990
1563
1170
603
1503
246
429
1255
453
387
537
1741
1640
1356
1443
490
1811
1776
77
253
687
1181
1843
195
1485
1618
1152
539
914
1451
353
1062
610
975
124
696
1133
1459
1077
67
1312
1697
1680
316
86
1108
1835
310
836
320
1456
1995
1514
588
1517
965
1111
967
283
933
153
79
1492
40
829
1808
630
241
1569
66
1390
1418
1603
991
404
1091
154
9
1336
1824
1186
1412
615
244
165
1704
792
892
1869
312
291
1929
1251
1893
434
764
910
1550
1194
489
1464
1757
940
1585
781
1254
431
1775
1747
1830
1487
1806
1357
1458
705
1367
1160
1654
945
23
1587
213
333
1212
544
887
641
759
120
871
1884
1267
398
1159
1081
1032
1065
1043
417
1285
504
611
406
456
1399
1928
1744
1625
1455
1597
448
1659
80
1529
1769
1560
1679
393
673
938
1198
1562
273
214
1573
51
1309
1888
1325
1508
686
1812
304
239
608
1416
1702
113
831
1157
1620
733
1036
1635
323
994
1278
1671
1161
388
1061
365
218
1589
985
932
1762
1277
364
194
389
1985
888
1408
607
916
97
1446
536
361
1699
501
1760
578
858
902
373
1454
1366
33
235
966
609
1516
1787
1624
1557
768
1784
1580
889
5
452
1953
180
1129
794
907
652
1795
1068
39
1138
1201
166
1110
1005
867
298
812
596
472
1610
1364
729
217
685
1554
690
224
783
225
1553
1162
98
799
1537
1257
1249
1483
1523
495
1394
380
1142
822
271
986
612
1225
450
1131
1997
1449
885
620
64
1706
69
1868
1048
1588
879
952
1548
1421
1067
571
1927
1436
1439
339
68
1023
762
1602
1540
1739
254
598
541
1789
397
947
1245
534
1647
1105
215
192
1299
1685
1629
1290
1011
205
1838
1788
1855
164
1847
1200
1936
1354
751
1332
475
1819
1085
2000
1816
1086
1098
1404
1388
1719
267
1447
1577
1334
1094
1600
127
1179
144
1822
107
971
1226
921
252
676
728
927
1329
1526
1758
158
391
1982
135
712
1799
1873
651
963
1579
457
636
1239
331
644
1437
150
1646
1959
1209
1027
594
1785
1097
1000
1196
1137
256
1605
1538
1377
182
1845
668
1072
1476
1644
1491
1709
591
1079
769
1619
1080
1675
1823
378
277
134
530
355
613
1575
941
50
405
562
1991
185
229
1611
1786
1298
681
931
723
524
1674
1053
695
707
1474
1999
335
846
1090
396
360
179
689
1282
471
1826
976
1075
1918
22
1694
754
1825
903
1039
650
302
1044
110
421
837
401
842
1252
1967
190
1770
347
186
1365
876
1732
1190
1882
1779
1626
724
1778
1379
287
460
1607
1235
1100
199
112
1165
76
1440
119
196
710
935
526
1937
1088
1681
249
1831
1222
49
826
957
655
426
1698
1205
844
173
1662
463
1613
1220
896
1099
48
1535
1263
824
1121
639
371
1353
41
160
1247
1518
813
367
1754
281
461
1034
131
384
19
130
1998
1244
146
1427
960
18
328
1946
499
703
1234
1033
1736
1865
1766
1119
576
1669
930
1122
1752
1595
1653
1154
709
757
1262
872
1813
1963
1279
1651
474
1690
1168
1726
683
677
1401
780
1428
1494
103
1650
649
93
366
1547
1392
928
1025
226
1316
667
269
308
1881
1898
1807
83
797
455
1486
1858
1934
1782
1636
706
688
1103
1567
860
1586
851
1559
575
1746
857
978
730
149
1024
1022
1049
1977
1193
15
1484
939
1520
70
1512
840
743
1660
1832
522
1163
1280
1767
1791
1169
1583
483
1387
818
1237
92
1885
420
1532
1748
1017
1266
84
863
1850
1940
798
1273
482
1315
410
354
132
502
1096
1403
1510
1055
1883
1683
605
268
400
1007
1973
141
782
1614
1725
1203
884
1501
203
369
1684
1093
865
413
1987
1956
1853
1915
642
1555
1172
898
1274
597
1107
234
1327
100
275
1074
1348
693
1243
1729
579
211
1735
1878
408
222
1015
900
742
864
1330
288
1745
577
669
1682
1423
701
359
1328
964
1634
220
1996
1058
1128
977
425
897
1429
1195
920
34
1406
1287
1902
1431
1268
657
1525
89
1376
532
36
75
82
1495
1673
1256
4
1116
307
299
392
1756
187
1687
357
480
891
484
750
582
592
1910
1014
395
181
43
570
961
1664
1534
439
520
827
1966
1475
1874
1976
294
1836
362
1156
1047
806
1321
251
368
345
800
1206
1405
1801
715
1892
929
1488
1323
1714
745
1307
552
315
515
63
1983
1467
772
584
1774
877
1261
993
773
1473
264
627
531
451
1872
1187
559
1333
833
658
585
189
1228
309
1143
1230
1981
1568
1373
1800
1924
1656
1576
1960
1975
1319
1777
744
1335
554
478
979
969
1018
108
290
487
557
1092
168
1375
1962
849
231
659
157
301
1438
814
1606
811
1798
862
1820
1886
1042
1173
946
255
1469
1258
548
1935
1386
1944
1703
372
513
738
1020
419
221
1391
1076
1008
1971
883
664
787
1834
270
1957
1347
343
942
1942
1796
624
1260
497
581
1710
1166
296
1183
666
382
937
804
656
1511
94
919
1773
1063
1478
1939
338
212
1803
679
1414
1862
1638
1590
44
1402
1136
311
1050
136
1002
645
1502
1296
633
62
140
546
1003
1442
1141
852
1715
258
104
680
632
1542
332
1372
204
479
1564
1422
1533
259
675
1324
1310
13
293
1059
1037
601
869
295
159
1948
122
1314
423
1505
711
1899
436
1536
243
1362
1182
402
1240
1571
550
1623
1019
565
516
1670
925
809
115
1242
276
207
508
1852
1114
1978
1430
42
1140
1106
1693
1867
1844
625
848
1199
567
1208
503
775
1415
1191
105
619
760
1768
821
1794
1989
422
219
1071
322
1035
843
1013
1410
777
923
741
1955
1742
81
580
1617
793
694
788
915
1970
634
1871
27
1507
573
790
1908
1849
1250
1969
242
1112
1863
987
981
1530
1864
1821
10
394
1972
1302
845
1889
1489
17
1248
191
1566
763
983
739
476
1572
1064
951
1649
779
637
177
21
1951
699
1860
1527
1913
962
183
1792
1360
665
29
1004
336
1127
1761
437
646
1931
1338
148
1833
1705
1716
1411
716
934
558
1425
265
1730
839
1926
142
713
899
1283
403
1444
1303
492
1457
1958
325
200
523
1708
314
593
1171
1676
46
161
324
922
1722
1551
737
671
855
1297
54
90
390
880
416
193
1592
505
31
995
1120
841
1876
1686
1543
660
1051
1125
918
761
1482
1432
1591
1994
411
1413
1149
574
661
47
178
1054
1851
1352
1397
1521
1630
399
555
1895
1837
1139
517
1409
1400
415
1221
820
330
465
488
96
755
95
959
725
1269
1407
602
1711
830
1185
317
890
170
303
438
349
1772
237
623
128
893
1718
506
1531
1216
1331
1253
1856
909
1622
599
691
1721
638
568
1728
1829
1655
1594
1593
958
1232
560
1384
1621
11
748
377
386
163
1441
1846
12
989
1417
913
604
1857
774
1903
1305
1382
233
1101
418
1420
702
1006
1604
1616
621
1153
1717
682
202
756
1992
1546
1632
1601
838
1841
266
280
956
882
1113
1040
1052
1661
1134
1545
370
1904
485
442
1631
486
53
949
1875
1641
208
1066
1809
1204
1207
1897
1896
816
894
444
719
1549
1084
1727
1001
1148
1880
1271
285
1974
176
1124
1840
731
1894
409
263
334
1311
1070
1351
1802
1078
1342
232
861
1294
428
785
1917
873
835
1155
1452
1609
414
1213
1453
944
535
123
