2000 72 948 2000
749 553 385
1637 1134 411
1870 1203 1931
339 43 795
1190 33 900
1488 642 1086
1519 678 182
462 137 1028
1371 237 1510
1570 414 1384
1659 949 1084
1502 510 1520
1897 1078 758
1758 1735 113
1654 1484 1995
1731 824 1097
1031 827 304
1563 926 1240
1846 1612 1480
1391 1353 1291
1771 5 240
1242 589 1907
1199 368 1209
484 68 965
1976 387 510
1836 1647 1622
1388 570 1658
1765 1006 1866
640 564 866
777 306 76
972 810 248
939 556 1742
1430 862 658
1361 600 591
1871 328 226
1628 1518 89
1647 226 1330
1537 1430 409
1074 131 1789
1370 744 1379
952 591 1074
1870 366 1798
1791 1075 231
1626 1089 9
983 395 723
1495 380 294
1880 1720 1445
1616 278 1608
1496 315 1599
1165 43 1881
1001 195 1189
376 116 345
1965 614 103
1891 987 186
1617 911 1812
1559 486 1128
753 568 1682
1068 287 343
258 78 1813
1052 65 1385
1977 249 332
1208 803 707
940 51 1881
1364 431 1070
828 310 264
1008 627 1229
655 553 1935
1986 1180 1853
1726 1404 1749
1218 254 1759
854 384 1905
1275 755 1405
1401
440
1785
413
1415
904
1220
1449
913
1534
1281
1851
659
1644
248
1402
784
1872
115
1360
164
712
1757
1258
1555
1475
1086
1870
953
1899
304
985
1198
1855
732
1597
36
670
1520
738
856
1516
1661
1023
729
1510
333
210
920
1787
1990
251
205
1233
735
1093
432
1080
1642
1486
1169
51
893
1230
1091
742
1818
567
1060
1783
781
1159
1435
943
110
1403
1756
23
807
441
1998
571
267
182
1000
1623
58
1607
247
723
957
1040
1533
467
1846
990
213
1733
695
521
1484
1334
1760
580
71
604
979
291
116
219
323
1376
1172
717
1365
1377
162
476
1509
823
1368
109
1735
526
1886
373
763
1606
294
1267
75
1389
1335
1448
1374
739
1078
95
596
1428
866
1570
1232
78
876
1718
1800
1536
780
1097
1936
588
638
1974
190
1880
1560
401
1115
672
488
1641
645
394
1768
177
952
520
104
1366
700
1677
1693
1565
1860
711
298
769
734
393
1769
1162
1701
1796
1582
1782
525
1442
52
106
652
1595
1246
624
1380
121
1944
469
1976
1568
242
1287
1316
1584
130
976
320
258
1089
69
4
1217
540
532
650
1981
903
753
477
844
1788
1373
655
1668
744
353
961
270
288
1575
166
1166
191
864
888
782
514
900
276
1547
1123
1863
103
1142
1179
1332
1001
94
1814
936
669
858
697
351
958
1513
896
328
1453
1248
759
1028
8
1942
880
1923
1569
1420
1544
1773
832
209
1204
1147
842
1626
945
133
1124
20
321
1926
1207
284
1604
1640
661
776
797
1262
316
1295
1250
1437
1131
899
281
1042
836
1033
840
1563
910
1979
332
188
724
1085
544
1464
1103
275
1789
1030
157
354
566
1649
1680
1493
1973
1935
1697
733
1450
1833
1129
167
573
989
510
319
1143
1351
1408
504
1269
1298
1884
53
754
916
528
1288
1903
1447
1970
901
1964
22
1244
757
56
150
1744
1432
1551
90
83
1297
1151
367
827
1699
503
820
1577
1352
1036
1617
1929
388
1344
1594
1755
1928
601
1948
1061
1711
1786
1134
816
1690
1340
10
1673
464
1339
1247
895
914
637
1223
151
171
225
677
1603
1868
249
264
1384
1829
1517
124
561
1540
1879
941
517
1700
218
1265
149
475
448
1446
1967
262
1511
337
1842
889
1627
710
207
1090
489
1037
1461
1431
1190
1337
1713
1503
254
978
1917
1407
380
317
802
1113
1950
548
617
1839
1112
1742
761
812
16
947
1552
1323
1752
1413
134
740
834
1734
1057
674
113
363
39
144
1754
336
796
950
392
925
1531
1066
445
705
988
450
1958
634
1285
97
1171
1722
1739
492
1310
1292
977
1278
665
140
951
1995
1611
1747
1471
303
1909
1386
605
551
592
1810
1900
1400
1414
1664
1266
1828
1289
460
1911
473
1908
942
1109
1669
423
305
859
539
1624
12
212
1956
85
1053
1336
1043
857
1816
385
538
7
1937
830
1455
1813
621
84
940
1027
795
186
1802
1319
774
481
1095
145
1637
486
1272
1947
1333
1750
1363
810
1618
89
1867
1980
1654
845
656
33
1395
1608
1910
1586
282
1092
1183
1326
497
1268
786
1346
327
1933
427
1007
1779
99
1212
1819
1914
794
1753
721
1144
495
1128
410
1717
1622
1797
657
1874
662
998
1523
1055
125
1218
1047
67
173
691
256
272
1487
772
1325
362
1991
1479
287
1371
798
132
666
283
707
1261
1590
1200
165
1679
1470
86
1054
1105
1957
1206
1426
1210
1740
1801
1770
128
1459
837
1118
1072
956
815
1793
1068
1024
1653
967
1781
1020
1157
1372
342
1081
752
1715
62
1571
1139
1231
1596
1038
308
1805
519
146
1921
299
141
1847
1303
568
31
261
493
610
387
562
424
1906
767
1741
948
938
1567
678
1774
273
1988
1581
873
636
311
426
1477
1546
809
887
1650
1145
1705
846
728
1521
233
447
1451
1959
751
300
369
1543
821
981
680
1799
1382
1197
6
633
535
1764
1222
1327
365
35
1994
439
647
302
98
867
1012
222
531
773
552
1579
452
635
1421
1083
76
641
1759
1427
260
843
613
1598
980
1710
154
1488
139
1633
1120
1716
1226
1239
1685
570
361
803
74
1746
1245
1422
1039
100
908
1153
80
530
852
1593
575
850
1322
708
1920
1383
1791
928
545
1905
556
137
1667
96
168
1331
851
313
926
1379
1694
1946
227
1681
917
1720
675
1820
118
381
479
583
1580
32
359
417
1877
1602
1515
1898
1273
1629
202
954
183
1073
1766
1702
1015
572
1317
884
622
505
28
1160
1838
1837
874
576
1931
1893
801
750
817
403
1063
211
1687
200
1364
1885
616
1259
1758
490
1778
1589
1309
1193
600
1019
279
1490
329
1238
266
176
1478
1044
1528
240
547
599
685
1062
1031
606
1784
68
1497
263
996
1823
787
602
1634
1149
1657
975
534
419
1354
1822
1237
34
496
706
1390
174
748
658
1299
808
1173
512
155
480
1229
79
841
1101
324
1630
1130
1191
1409
422
1865
1361
326
631
226
430
1104
1116
882
629
918
586
1616
1873
1416
49
235
1922
1307
1152
1803
352
234
107
1526
749
389
459
1749
1662
1284
1549
833
1712
181
232
1283
1469
1502
404
1192
1792
1070
1034
847
1726
1972
259
315
682
355
1831
1645
756
1539
619
1890
722
1029
1849
456
515
966
984
1986
231
1621
1391
1514
689
1955
1058
1228
1051
47
1707
1500
1519
1271
1527
660
793
1925
322
491
1132
1804
1504
1079
703
698
508
443
1313
1532
1347
156
1743
371
922
21
482
1067
138
725
1619
869
1355
5
1138
1148
339
1008
1041
946
1483
1869
384
1615
814
172
1082
1844
949
269
108
1601
243
865
1961
1345
783
643
1984
760
1859
1620
1282
1559
498
1843
195
1174
1748
501
1665
1235
1876
939
1021
726
1772
290
1966
1883
1676
285
158
370
872
768
1892
1178
1436
1562
779
527
764
265
1841
1156
50
982
1660
1126
1084
1388
1255
1763
1968
1530
799
630
1610
537
1236
906
560
1209
1780
1419
719
471
1927
1853
620
924
1965
681
11
101
494
1861
696
416
625
1
1887
120
1930
1954
1576
639
651
1636
1632
374
325
1133
1719
135
1554
72
449
555
891
1812
835
1572
1663
511
1670
1692
1871
1050
395
730
974
1682
509
1512
1875
1474
1655
770
1252
274
964
1205
129
965
26
93
1418
1424
1481
1809
330
1806
1635
673
1864
228
1658
434
1018
1076
921
543
1696
1135
1330
435
1013
1026
1591
185
1184
1492
1167
30
541
582
1815
574
792
1817
1666
927
1177
1498
1150
1882
1195
1918
344
1394
1795
1647
1350
1099
1912
1732
1941
557
252
1507
204
428
654
123
40
683
431
1199
1605
397
1529
1304
224
513
1613
465
667
907
1522
986
312
577
306
664
1852
17
591
1176
438
230
466
522
208
1375
991
184
63
335
1542
25
1834
1219
13
1485
180
529
105
687
484
349
268
825
838
811
1518
992
778
152
48
829
376
1260
1359
755
578
309
14
70
193
377
959
1932
1902
970
897
688
608
57
1686
1684
487
1745
356
649
968
1826
598
1321
1821
1046
1881
932
1137
66
250
791
114
179
169
278
1444
1088
474
1122
277
714
1155
1290
1553
1992
1775
1430
292
1975
286
818
777
241
271
1472
1410
1357
955
1011
1777
45
1480
615
1835
502
1221
1476
1240
1396
1249
38
1341
1656
524
46
1850
1866
59
391
824
111
1049
1832
1452
1443
1429
1671
54
472
1524
595
1308
523
131
201
915
1896
1349
1004
221
454
408
468
1587
1302
1698
1314
1254
1114
463
614
581
1541
214
1100
1227
1457
411
499
296
1189
1324
1683
1096
127
1315
102
554
1280
1953
589
1482
379
1985
934
694
253
1574
1736
1370
944
1301
1989
969
1648
1338
902
1848
1158
516
1358
1411
24
334
1612
1300
1894
999
1320
1592
1703
1895
885
1294
1625
911
1378
1506
746
1412
1751
1473
1963
216
877
1537
741
1098
1074
197
563
718
345
170
1730
1631
143
18
1557
446
1438
640
1878
1208
420
41
2
1548
546
289
161
1242
314
1406
518
1456
909
960
693
775
1949
771
1214
618
758
136
396
1392
831
1385
453
1006
9
609
383
1845
1052
92
1387
350
366
1025
701
1721
1971
3
727
293
1675
198
720
1704
1164
863
892
1737
1203
1069
257
590
418
743
1901
1466
1836
386
255
1689
853
805
737
1305
1168
1614
238
348
611
626
1127
813
973
607
1982
1960
862
82
1439
485
1251
699
1056
855
971
1857
1367
382
1241
192
875
1495
1599
1106
542
1353
64
536
29
632
1291
160
1181
800
81
15
790
1538
142
644
122
1727
1765
1185
648
1045
364
762
994
972
671
1499
119
1441
1125
1558
716
1678
1904
628
42
1003
646
663
372
558
1808
1196
584
483
1264
861
1423
1064
1997
61
565
679
458
713
148
178
1111
1725
1306
1978
1163
1154
1987
886
603
553
1059
1771
1738
789
871
579
1706
923
444
692
1825
1225
653
1224
627
1535
1141
1329
358
1709
1399
1977
1405
500
1646
436
1566
1194
194
360
87
346
1014
470
1286
1434
883
478
806
1856
398
425
995
1065
1952
1807
1767
1035
203
405
1827
704
736
455
933
668
400
1462
1939
301
1211
788
1277
1723
1962
1494
378
295
569
307
343
1585
1048
1417
898
854
1215
1202
206
676
245
399
1270
433
1465
623
1468
1643
147
642
239
1009
715
437
1276
1714
1318
686
412
1491
1525
860
88
1639
223
347
375
1729
1588
1256
1609
890
765
318
1651
905
597
1913
1170
1790
747
1454
1600
1505
1433
1445
1724
1022
27
848
1404
997
1279
1824
1356
550
870
1638
215
310
1794
1460
894
1312
112
1628
409
935
1253
159
585
1071
1924
1362
187
175
1688
117
929
1889
1117
1146
1573
1915
1907
868
461
1393
839
1016
587
1094
462
593
280
77
43
1659
1107
1934
1397
2000
1840
937
983
1342
1136
1945
1761
338
244
931
1811
1075
506
199
1102
407
962
1691
44
1243
594
1187
1311
1674
357
1489
826
822
1993
1087
1888
1110
1213
684
1293
1830
564
1032
1891
785
163
987
1762
878
1776
341
709
1216
1897
1010
1969
912
1328
65
1463
442
126
1017
1180
745
879
1369
429
1916
1296
1077
1398
19
1695
1275
690
1938
1188
1165
1550
1999
297
1940
1858
237
1108
1005
229
1854
1186
1381
963
1652
368
1996
1951
612
1501
37
1182
881
1798
390
1728
406
1274
246
1862
1943
402
1175
731
533
1121
1583
236
55
1458
549
766
507
220
1348
91
1161
1440
1263
1119
457
1201
1140
73
414
702
804
849
1508
1425
993
1343
919
819
930
1234
1561
415
421
1983
1002
217
1496
1564
1578
196
451
1467
1672
331
340
1545
559
153
1257
1731
189
828
60
1708
1556
1919
