1000 2300 578 762
472 200 1281
724 440 7
405 19 990
719 421 670
569 549 986
964 194 1829
977 308 1569
857 398 208
858 716 1080
493 474 1106
141 63 1668
955 32 658
902 321 1181
644 82 1694
891 90 1476
806 587 324
644 107 1876
525 297 53
725 603 643
658 184 1367
60 48 1309
509 23 953
549 207 1406
663 378 1330
824 764 1870
92 51 1361
991 967 1115
561 38 178
582 461 597
257 105 94
639 331 1862
982 941 938
852 572 1921
312 181 538
961 199 762
787 107 1558
702 584 1760
155 18 736
618 582 1485
505 183 878
90 53 666
766 746 1742
862 7 1483
184 137 181
757 685 956
886 123 1804
509 403 545
988 534 1442
552 27 148
970 713 1023
682 545 822
400 126 839
426 232 1608
737 232 1959
543 124 306
539 521 491
518 333 1774
353 42 1513
782 188 1317
810 383 1471
250 190 1604
626 261 744
798 416 423
863 542 119
682 437 716
924 667 1306
769 517 1456
758 449 1814
649 496 727
985 495 913
457 7 453
768 199 653
773 477 1433
987 845 1539
293 288 1829
732 461 1883
677 387 518
991 947 948
658 636 206
629 626 743
603 5 134
427 403 1630
851 543 85
873 385 31
756 157 1739
780 623 794
239 76 830
518 400 1092
922 795 1504
407 339 807
455 85 180
905 638 451
701 661 1274
394 174 163
694 299 305
671 16 110
999 231 245
567 296 180
803 760 1689
617 190 1519
847 704 643
395 294 12
931 700 1602
310 154 1283
237 29 403
574 493 718
773 526 248
568 528 1805
739 381 406
244 16 1480
701 586 747
976 445 1425
189 64 557
782 686 891
624 135 893
941 708 1879
439 197 1029
823 79 727
891 826 931
287 2 1709
814 339 878
460 338 1266
855 623 896
888 659 1945
171 66 303
681 659 1240
976 518 1950
840 344 1832
410 282 1330
303 220 459
737 139 803
520 472 921
902 624 166
405 362 658
644 580 451
781 249 105
878 12 658
41 16 992
804 209 1494
653 171 389
955 491 329
657 144 44
348 61 1596
855 441 213
844 186 1269
836 659 339
594 214 184
676 149 1978
751 94 1024
928 154 1850
860 385 112
774 252 516
906 617 1008
911 577 1859
489 336 1683
374 1 253
142 124 727
864 665 1725
619 610 124
944 284 567
816 418 405
649 422 1626
546 424 1580
246 120 222
774 701 1728
939 323 650
744 164 354
385 316 932
713 625 398
868 112 51
580 77 290
698 574 1303
680 441 828
866 620 1816
971 208 1799
806 54 1161
638 584 1872
266 177 288
820 695 26
724 351 1392
676 20 91
576 323 15
511 9 1120
89 57 1708
340 132 1565
569 234 792
847 738 1649
384 161 1992
754 344 400
840 497 982
933 158 457
741 125 1408
776 240 690
731 645 538
991 136 968
928 36 1493
869 598 1841
927 723 1676
266 261 769
749 645 1276
961 597 1744
920 740 410
669 634 1853
969 576 242
997 375 213
364 333 638
429 316 293
142 94 1098
910 100 1042
505 321 490
619 115 1181
597 434 1747
967 929 1991
778 116 1944
617 266 231
904 395 1414
599 191 1447
871 89 273
368 194 1748
315 26 113
792 318 1778
1000 493 1669
724 626 668
570 499 717
704 654 802
666 389 773
656 465 1541
703 205 912
374 97 1126
628 445 936
932 919 1338
573 380 1167
448 103 1489
902 485 816
892 439 102
388 296 619
74 28 479
955 265 1145
376 116 1249
543 488 1915
559 98 1957
517 153 1672
559 269 1595
172 42 1658
885 713 1261
694 270 907
847 769 470
955 194 1868
945 196 295
671 5 1695
808 85 1216
631 14 1818
632 616 343
802 377 763
947 161 184
579 466 1743
240 160 303
867 486 173
538 192 923
691 387 781
611 499 1341
885 493 1359
865 800 291
690 674 1763
803 279 1443
854 350 295
469 106 1947
774 590 426
620 185 122
600 1 1545
526 447 681
784 31 681
479 180 1238
762 89 1500
874 353 893
101 34 616
157 3 675
829 350 973
743 378 183
859 785 1265
827 802 588
292 125 79
377 237 346
923 79 1882
824 46 67
484 303 619
699 592 1167
685 251 714
983 96 1365
722 430 353
931 269 361
606 145 1519
941 76 548
179 81 840
438 259 930
329 240 676
951 521 1373
302 68 1453
990 245 1201
131 53 236
211 198 590
563 443 1477
154 147 1366
645 16 1028
842 329 1036
612 404 542
362 15 1805
540 360 291
602 519 1516
710 12 91
410 365 1021
712 209 172
288 254 1726
914 416 1991
637 325 1248
758 312 652
512 467 29
247 19 550
710 456 1752
757 684 923
816 789 1650
793 46 300
715 443 86
737 18 1798
863 373 1772
981 79 65
437 291 864
831 44 1431
299 114 1582
701 606 1145
811 213 1977
694 262 1391
847 282 1755
625 491 1034
706 471 1605
425 286 1255
208 99 1280
929 349 988
576 376 670
132 98 1457
954 124 122
683 232 182
652 412 990
842 626 643
564 414 1210
813 319 1364
161 34 1229
670 620 535
822 102 1701
765 554 18
484 373 1800
950 424 996
127 8 464
816 188 278
962 852 435
500 62 1760
246 87 917
731 549 1084
118 34 226
868 685 138
911 440 860
902 591 1849
618 145 389
707 229 930
558 551 1248
862 717 924
443 249 770
845 681 204
847 493 414
951 387 281
446 183 634
263 202 190
529 110 506
727 35 376
770 610 600
648 325 184
903 355 1551
678 450 486
664 96 233
659 96 1947
499 417 564
610 216 1867
760 625 1167
277 220 704
388 140 1349
733 235 1854
793 329 1565
927 790 140
784 436 1151
590 275 995
861 714 1234
844 139 1527
648 130 1223
671 360 731
657 450 978
611 373 1436
933 720 1202
890 97 357
750 498 82
570 553 359
834 627 464
908 362 1774
572 462 314
771 535 1158
942 640 947
820 747 687
966 276 506
879 220 162
703 490 464
882 423 1668
230 38 1386
678 342 1559
930 264 439
693 224 759
831 24 1499
388 108 749
665 408 1582
972 772 1112
669 515 460
908 529 1212
673 324 206
860 20 1278
720 339 175
968 839 1100
595 172 1031
971 660 975
979 216 368
842 837 1685
866 348 1201
482 202 1761
946 148 192
548 180 1888
776 600 252
910 903 1411
179 28 1945
660 105 1055
808 309 1368
630 377 1997
615 468 1549
743 513 212
517 280 1608
206 130 518
575 422 1778
745 681 936
602 382 378
142 17 98
318 59 1275
824 759 283
984 60 1638
365 291 672
551 303 1963
925 438 533
504 242 1529
492 438 1710
313 19 1323
302 95 1322
391 128 655
930 109 1188
295 33 817
655 642 755
690 142 1653
719 146 1860
858 584 134
557 23 508
559 90 1282
391 234 1002
597 32 152
469 328 577
505 40 41
1000 883 160
578 397 127
853 169 1479
895 590 211
938 138 922
855 357 1381
932 432 1884
853 356 1586
474 311 747
412 301 1190
575 250 618
688 7 1777
865 532 426
530 186 1726
683 618 1114
561 51 292
816 163 1074
808 683 369
259 251 1140
729 699 1386
985 3 346
226 137 1936
498 25 312
492 124 478
591 254 488
743 77 1724
899 464 1766
711 699 242
277 171 1498
478 173 780
616 129 532
761 54 454
934 515 1636
807 255 1490
847 67 894
152 79 1476
153 29 1195
990 683 60
1000 837 1424
666 77 1682
937 560 520
968 900 1395
908 118 358
398 39 1831
844 247 643
580 212 766
956 672 1263
671 8 1177
814 639 1844
193 47 1705
966 113 969
533 3 1289
983 614 1816
907 898 968
439 334 183
919 742 1758
651 618 280
392 257 1422
299 241 427
536 223 1256
637 242 727
471 346 979
510 156 1142
978 868 597
530 96 598
734 635 1261
986 392 557
652 607 910
894 369 1526
470 258 1264
515 32 1962
209 167 1181
951 881 739
784 525 418
442 330 1456
772 349 1767
716 244 81
611 297 280
777 6 1649
746 681 1569
349 330 343
871 411 1485
842 710 1136
871 691 673
570 404 1890
718 563 746
276 122 1907
956 343 1156
209 70 612
565 505 1666
269 151 559
977 175 1185
888 93 779
658 486 1552
832 451 508
286 109 247
97 91 1710
196 51 1325
615 306 472
712 191 1321
928 709 696
313 290 1166
709 632 1745
881 404 1612
770 84 1556
886 152 625
378 200 1033
540 210 1722
991 990 1707
447 304 1534
584 504 1783
771 634 77
866 700 1869
959 674 1636
412 300 1203
786 294 314
730 18 244
718 212 1704
371 120 1734
150 102 1381
953 515 774
897 13 469
316 194 896
868 140 724
129 6 1567
623 227 1970
729 97 306
242 89 1002
423 227 1798
676 82 86
750 440 372
830 572 1011
988 884 705
916 791 892
625 259 1455
776 484 596
440 63 1478
793 262 33
849 701 1810
649 145 259
345 102 982
896 518 95
944 508 951
943 319 508
463 199 1649
604 280 671
112 59 212
831 595 1814
440 393 527
668 85 294
687 210 898
240 27 54
828 127 1506
543 362 1804
711 479 1985
918 6 46
927 610 1022
937 591 1980
532 148 1724
394 167 1946
222 1 337
864 87 1844
898 307 1721
703 553 123
457 39 898
514 172 826
996 127 1141
541 454 1737
510 33 417
295 136 1621
287 225 908
343 228 191
983 524 366
180 72 145
934 808 906
751 373 507
837 775 260
774 74 348
912 589 46
891 502 1620
754 461 1711
227 183 63
152 29 1195
708 95 1829
776 105 951
816 133 205
242 104 1463
878 716 945
329 37 1011
981 196 344
891 813 1695
882 347 1760
262 91 1896
244 108 1821
762 662 1918
761 619 1713
274 151 94
982 962 1640
979 629 1424
933 162 664
510 191 1169
61 3 1589
895 486 1312
956 194 7
225 217 1273
477 271 984
535 113 340
348 169 746
484 439 1984
445 275 473
883 792 542
928 634 1849
669 15 330
626 455 331
755 604 26
519 490 1005
864 111 1355
856 547 830
788 119 953
597 336 125
726 484 486
506 14 1235
837 820 578
379 292 541
427 367 779
825 789 1969
817 196 1005
553 367 543
371 295 1451
364 277 518
204 48 1715
535 197 1157
766 666 374
278 57 469
426 201 1227
922 133 1668
403 278 618
659 578 1533
845 429 1057
351 151 455
547 436 774
935 400 1623
625 212 1894
666 295 1077
571 552 1710
938 300 153
603 594 1901
944 744 1718
567 139 1696
518 254 1431
754 489 1223
772 133 1484
798 458 1941
517 481 1904
787 532 1612
707 545 217
956 182 765
849 683 673
825 420 306
247 193 283
490 160 200
567 243 1508
944 9 785
518 236 429
684 20 213
690 465 670
642 388 1120
771 616 283
517 462 411
610 417 438
136 18 231
218 199 317
547 226 1600
808 209 808
731 433 162
633 109 1981
744 151 44
358 41 1472
903 643 493
703 662 377
730 335 1932
618 346 1449
145 116 1267
489 163 1169
500 297 1744
343 325 1222
477 412 520
987 11 1179
569 294 858
389 43 1907
716 306 1227
619 121 221
124 118 1046
397 21 1426
365 92 1057
862 558 801
781 91 1430
784 690 1582
249 204 209
536 23 1355
264 178 1708
929 693 722
645 522 621
798 686 1496
939 408 822
20 2 1393
328 232 160
352 303 430
738 736 1168
271 94 123
63 7 960
815 18 1125
963 94 1412
705 285 1438
781 344 1554
835 122 387
246 11 155
865 464 1210
886 324 976
990 734 1907
710 245 79
728 413 134
734 678 328
850 174 121
909 352 1297
844 14 635
326 285 358
531 15 771
828 7 1116
724 475 487
548 23 142
604 431 1654
525 261 1759
901 535 1713
489 386 660
819 624 138
923 867 384
864 495 352
603 467 84
852 17 355
485 423 555
570 326 893
955 696 1062
590 578 1014
860 172 1570
805 349 1106
491 22 935
287 160 1229
960 173 261
705 617 1061
990 201 217
489 130 1176
938 692 1764
647 418 1449
239 16 1802
783 151 1199
702 570 294
546 325 810
170 35 1161
936 718 919
707 472 274
884 143 1659
371 179 1173
431 312 1407
962 939 1204
651 165 1968
570 538 1799
346 84 1236
735 20 267
454 4 1155
657 457 842
850 512 1547
779 290 1161
244 166 926
581 237 831
849 613 647
361 255 1366
552 260 1716
790 716 412
987 515 762
729 356 447
612 191 348
547 408 1594
680 497 1331
143 62 957
744 360 537
462 206 1950
700 572 1648
146 40 502
703 641 1603
242 135 889
477 86 1191
280 259 1207
692 413 892
867 828 1526
736 131 1822
591 286 58
227 186 357
423 186 456
338 221 1057
897 342 571
512 229 1500
847 702 141
714 507 1610
987 728 480
946 75 1734
809 611 179
419 29 1136
845 443 101
105 1 158
420 258 1262
674 94 1395
951 331 1063
938 464 85
652 553 1599
944 163 1769
383 112 1456
428 126 557
567 16 756
866 577 1314
832 657 1490
975 577 60
771 476 1935
986 476 903
559 26 1159
734 53 1039
483 180 1294
760 398 1617
915 724 1690
262 211 1933
786 742 127
656 149 516
698 500 1960
487 80 533
502 59 1490
814 725 1587
735 211 400
844 551 1580
926 756 1460
896 254 1902
952 108 1931
983 909 426
218 54 970
522 185 1482
552 534 730
569 13 1326
427 96 624
874 1 856
716 137 1373
583 210 1281
898 573 1037
488 106 1984
605 23 1224
507 72 1080
987 597 217
529 213 444
347 245 1949
696 493 1732
531 256 1108
991 591 1683
552 325 1641
777 488 406
345 116 29
257 34 1516
623 394 1052
881 39 585
778 728 1190
480 109 1691
781 348 1868
698 339 1844
981 176 1479
334 6 1111
545 341 237
623 472 758
397 16 1647
104 7 33
547 533 965
697 687 1656
660 402 1655
486 234 425
795 751 1233
833 753 799
959 315 329
437 298 292
261 116 478
752 625 1209
174 86 1321
157 140 275
847 185 1434
308 92 758
765 148 537
985 942 1992
836 20 674
981 117 1991
489 348 27
755 684 280
918 50 874
915 381 1171
639 129 357
572 442 1624
179 21 643
487 349 1986
869 854 1413
735 569 407
234 163 902
719 486 180
532 158 304
938 248 992
792 483 402
973 783 711
679 364 458
703 657 1687
949 117 1385
135 100 778
928 265 1775
997 789 431
884 317 1563
1000 496 670
468 240 1604
967 729 665
896 307 1158
508 21 778
953 940 1092
987 348 1682
566 15 1489
462 279 63
766 719 1097
813 359 401
740 366 930
348 118 206
764 31 1618
924 104 1909
858 568 559
292 190 1408
570 115 1985
273 57 723
437 364 211
966 151 1824
608 324 614
637 32 896
637 596 353
150 121 1172
645 360 560
526 418 1036
857 23 1786
825 295 606
525 409 1026
979 306 841
990 108 850
352 72 257
220 127 653
477 448 1291
941 462 1911
409 127 286
515 159 1837
617 560 1949
982 518 325
849 629 1372
521 434 1176
655 254 234
439 337 1554
293 247 128
814 675 142
632 82 1644
952 478 1240
778 228 303
958 663 1063
956 936 418
579 121 1604
902 563 144
566 149 647
877 555 307
640 407 1711
859 105 462
937 329 1859
954 239 172
986 973 391
689 366 1436
358 5 1251
936 304 1303
912 452 204
893 339 113
844 468 1442
349 11 684
708 381 604
912 468 160
312 252 1019
539 493 1153
988 471 854
557 478 1327
785 49 1145
422 321 195
847 590 897
525 194 952
636 626 1900
868 187 33
812 195 307
387 221 109
567 544 1091
457 358 1365
655 271 315
688 20 399
294 104 1778
999 393 1197
905 137 958
826 819 1830
917 272 1062
961 243 1726
176 130 590
705 71 788
698 119 26
297 261 381
339 207 1990
619 339 167
397 115 1662
682 123 833
964 168 676
181 153 961
654 176 1698
634 282 1849
859 838 543
246 231 1672
491 410 1275
850 742 1939
616 125 930
961 28 1017
846 113 485
408 152 588
693 163 1492
801 184 624
954 719 1574
763 411 911
561 374 72
468 337 116
291 42 192
209 144 656
958 515 1953
788 11 1065
301 20 1135
414 125 1610
894 175 401
723 452 1934
797 475 717
949 732 1059
837 704 1087
413 280 1525
992 374 916
949 57 1812
389 145 251
686 143 345
433 82 758
558 386 1647
831 827 1809
978 903 1667
875 272 867
856 373 1608
623 113 1284
913 359 1128
587 73 440
947 711 1870
976 171 907
453 164 1408
939 365 1149
546 344 78
252 162 408
471 448 1538
142 51 567
341 283 105
437 335 1247
695 426 885
863 532 1306
425 375 1410
621 197 1548
228 48 1906
669 407 234
368 281 62
511 54 208
282 173 1904
690 74 245
727 243 1314
894 672 958
425 42 1893
483 444 851
625 284 126
951 285 1186
686 204 1939
665 45 237
701 635 43
725 525 1787
576 64 624
801 708 1559
793 316 494
631 624 1634
213 20 1356
862 357 1516
265 233 571
966 37 1882
791 334 1475
916 688 1856
344 76 1743
315 279 1937
775 164 1846
306 191 1176
947 225 1903
496 272 276
579 248 1862
904 407 1451
550 281 673
453 339 1361
832 259 1855
724 67 984
609 557 54
633 187 342
961 932 651
821 583 1041
741 113 1687
779 478 316
618 83 893
551 146 96
839 538 1235
493 407 279
464 323 686
457 166 483
741 641 1273
853 458 1364
532 332 1487
789 213 173
485 116 952
700 37 203
596 97 1260
969 226 1997
479 170 1057
387 55 1182
669 610 295
603 17 1593
324 315 1923
429 251 1255
406 354 738
938 125 306
803 704 1060
784 240 1714
745 488 1074
729 133 995
798 388 360
262 23 224
814 295 1922
912 36 681
255 80 1962
266 51 788
833 211 646
940 785 367
593 440 1473
592 54 525
926 807 374
865 230 1642
603 449 31
847 146 687
769 325 1492
747 381 516
903 699 1834
763 432 1005
610 153 1995
923 124 78
710 97 366
136 128 1664
951 408 1507
439 8 1331
831 598 1204
681 164 280
684 78 1278
880 676 94
403 183 984
814 448 866
761 117 1444
899 426 1926
574 494 978
777 373 555
850 528 1425
670 292 4
712 263 1380
959 364 1907
849 839 882
582 485 249
980 673 689
853 611 261
475 143 715
513 385 314
609 67 1776
462 314 1808
837 565 481
577 258 406
886 160 817
772 107 1997
645 5 1265
120 104 486
347 276 1298
671 20 1369
918 264 1671
912 685 422
981 694 255
696 154 1924
613 89 98
488 487 1381
751 643 136
907 574 1425
703 28 259
453 351 1794
443 423 527
592 487 1341
975 600 352
297 128 650
774 323 1212
672 185 855
999 90 1393
186 163 1400
918 430 196
508 59 1467
623 411 1452
808 298 769
431 134 1768
876 861 1048
1000 727 596
402 269 1437
641 351 1687
243 234 549
439 37 1538
871 782 662
754 40 1661
994 747 1779
657 110 20
633 67 666
989 469 916
920 219 711
969 326 1781
931 198 1937
635 304 208
436 162 114
800 707 1427
993 185 1977
471 148 1935
670 94 1235
545 55 1087
349 322 753
652 466 618
993 216 120
740 489 311
780 456 327
474 299 1006
893 136 1625
651 173 300
560 478 140
923 786 1716
884 156 881
769 323 968
820 745 686
635 150 841
626 75 274
72 48 1740
453 284 278
894 731 1696
810 137 39
601 183 1317
649 538 76
553 28 972
366 65 425
984 940 1012
827 558 256
259 52 219
476 29 509
186 11 1873
971 31 359
528 285 136
432 136 1105
894 834 1444
787 115 1272
928 316 108
279 253 1152
419 79 1484
438 427 1417
505 359 1301
514 237 1201
614 345 413
628 32 1856
351 238 861
992 806 1651
659 324 1430
644 19 13
127 23 1143
449 23 1762
768 165 1158
725 502 1060
708 50 1365
582 92 1575
867 523 1106
340 273 1373
356 227 453
990 41 867
994 220 860
947 22 1772
183 175 1858
356 257 202
732 577 1792
846 569 473
737 194 1999
219 145 1695
380 5 466
970 842 813
398 48 1658
512 8 675
424 114 1115
994 785 1024
824 683 561
846 763 595
463 255 752
786 136 559
437 189 887
426 112 1506
740 272 1957
968 73 1094
572 297 612
638 349 391
282 215 1903
787 568 1016
846 462 423
974 762 670
887 725 1555
500 77 1021
723 218 1864
597 292 402
923 205 1168
877 141 1704
749 430 421
935 71 1893
950 769 1438
990 313 1053
889 279 513
671 555 155
557 257 1621
241 194 323
912 2 1908
820 143 261
748 654 1022
478 6 959
678 343 1340
629 555 1465
876 3 868
485 446 936
707 275 121
254 1 153
798 73 1318
634 339 1780
643 636 871
872 397 604
654 425 1495
183 57 1714
870 83 1524
271 242 250
720 313 24
955 377 1136
960 794 1046
929 691 1790
552 124 1291
197 116 454
774 541 345
396 300 1908
315 31 839
541 501 1990
678 174 555
691 674 907
338 144 1604
934 318 539
532 489 1382
944 335 1851
339 140 988
486 163 394
861 742 578
660 557 1385
756 281 1301
209 103 1085
56 49 219
251 128 213
637 156 1056
565 284 1488
602 600 1731
939 903 874
287 32 399
706 696 69
955 795 393
191 103 885
585 148 1816
690 413 1223
777 126 451
758 420 1131
920 763 1316
946 748 850
662 37 393
790 188 1668
659 608 1678
784 513 323
832 768 1399
615 235 1782
896 319 357
652 573 1207
882 848 56
805 484 884
954 617 476
695 34 182
573 515 526
502 79 139
866 619 1083
632 442 728
874 494 630
748 537 964
855 113 1727
512 363 189
476 104 793
753 184 1275
466 256 505
700 535 939
637 405 1712
754 221 1882
296 249 162
499 166 1850
734 626 316
988 222 122
860 415 327
487 334 709
819 471 621
868 754 352
557 65 33
948 791 1646
73 37 270
975 638 1407
477 140 1812
880 841 293
314 281 302
966 611 661
705 450 1196
703 296 1653
920 623 113
746 430 670
429 252 413
468 303 919
888 255 1986
874 27 450
948 607 931
718 157 1088
251 55 951
952 323 634
573 158 672
842 193 1319
253 237 566
363 193 1899
806 305 1696
794 322 1684
881 602 98
852 790 619
956 52 1670
391 70 1476
503 228 1365
376 232 1795
739 152 1578
880 388 522
264 194 1879
304 256 1452
880 794 1347
390 122 414
776 393 1609
654 302 1434
923 639 134
401 15 1800
726 196 1951
884 614 611
831 556 1808
734 636 1710
942 558 1158
711 495 632
828 774 1450
983 364 911
913 669 309
782 310 1634
531 417 1988
683 569 1715
751 561 92
680 568 524
359 60 771
260 116 1210
871 795 1280
463 39 390
305 101 193
476 34 511
437 366 1077
920 496 1597
823 83 1422
692 414 1082
67 2 254
771 57 1066
438 294 1374
945 87 345
682 122 1141
970 360 687
905 624 1426
155 117 87
468 98 484
743 465 745
975 901 1268
757 221 1664
804 706 1863
835 680 1285
832 416 846
284 220 1109
190 74 756
513 381 1800
771 205 1811
41 15 772
634 67 1075
787 374 745
871 755 1375
267 184 201
865 215 1722
649 319 1056
169 32 901
657 407 1701
601 102 1989
503 288 389
956 161 1235
472 54 323
756 405 18
438 343 281
708 253 1373
670 38 1607
794 500 954
805 1 1701
914 860 724
397 1 452
973 526 1888
425 294 1193
995 71 1698
432 420 999
573 142 410
764 108 1885
888 518 1371
613 31 1827
734 114 1812
353 173 70
487 464 880
615 32 1398
951 594 136
643 125 1599
751 99 591
901 129 161
741 194 967
297 286 166
560 61 646
302 74 997
593 476 1355
559 311 1178
776 379 1882
355 203 205
981 360 1699
901 302 1080
953 138 1221
226 111 614
723 665 699
843 523 560
461 381 272
943 750 84
390 313 1693
640 163 1146
343 91 1780
874 789 1701
544 120 1620
875 725 1727
766 615 1570
738 718 194
427 216 462
744 498 684
494 321 1835
885 558 1481
270 69 307
811 7 1986
555 287 1660
793 221 73
874 477 803
586 170 27
517 296 1094
565 396 431
747 372 143
709 337 1725
451 185 1016
995 107 29
680 511 1135
661 195 17
589 297 1805
668 603 1439
759 523 911
794 221 1728
934 91 1787
524 358 1615
988 608 228
922 424 104
919 424 1429
786 283 772
650 202 1469
798 479 1146
661 418 1174
676 180 1692
978 153 284
634 387 622
994 615 452
403 181 703
667 133 1508
470 152 137
412 59 111
770 52 62
915 473 1966
535 286 1511
646 128 1081
614 292 1212
620 200 880
582 1 286
267 209 1311
880 198 591
566 54 1773
354 319 1010
461 74 1123
912 8 1333
688 637 52
718 240 960
852 525 1765
492 236 1119
665 197 386
844 185 1554
761 215 1691
661 243 508
926 655 1313
940 111 1864
218 151 372
975 723 1650
363 260 1400
910 207 441
714 711 330
473 329 1666
442 383 1371
701 499 825
423 37 223
972 625 519
651 112 573
553 534 1819
231 148 62
921 719 82
458 299 979
759 19 968
470 445 1841
952 47 1789
760 344 409
594 391 1842
980 682 1111
508 35 1248
921 290 701
398 198 291
210 140 838
962 845 484
505 375 859
470 386 1623
542 281 780
700 539 787
872 211 15
706 269 12
582 90 1993
769 344 1683
982 483 1193
659 377 1933
672 37 1858
396 193 290
249 221 1544
274 135 672
986 588 664
919 327 360
167 142 917
90 5 1970
851 123 1121
794 198 374
673 494 1067
688 337 111
786 593 1052
819 331 44
944 446 1398
818 642 1262
760 528 1940
240 190 119
868 578 1803
761 196 1094
869 565 927
416 42 267
506 166 246
860 420 260
732 346 856
514 388 544
902 356 1431
848 792 511
743 564 1962
752 295 672
878 742 539
753 30 1087
613 172 104
993 268 636
78 57 770
915 425 1651
867 783 1297
686 162 568
875 261 1525
769 733 710
919 275 726
959 662 331
561 96 278
809 805 1609
402 379 1248
570 501 250
350 225 1161
866 610 146
854 51 56
373 259 771
570 425 1214
787 712 1467
233 7 369
786 57 1943
836 654 1786
832 70 3
753 630 641
891 147 1108
403 286 100
436 427 984
624 362 1711
995 991 711
733 634 1469
366 361 263
179 40 1099
530 133 87
889 608 882
887 317 557
521 286 1927
340 204 792
862 48 94
349 218 2000
916 503 1445
404 360 106
556 292 683
399 232 1004
697 192 1784
873 342 326
779 243 1461
821 137 1996
505 134 1149
587 351 1065
715 114 184
631 38 1631
960 937 1364
875 735 274
864 841 1540
421 249 1663
742 522 1144
635 79 461
521 261 1807
764 370 1776
608 156 1312
429 299 1532
734 131 375
368 107 1650
776 611 1049
615 458 1209
854 404 331
324 74 15
387 71 747
971 188 245
730 320 562
832 810 547
497 465 1310
663 457 1930
578 143 1699
146 93 948
815 747 1493
945 142 1951
934 14 1690
958 415 1378
876 747 912
889 698 128
729 446 1366
190 112 1387
809 385 352
414 314 1161
946 462 799
388 341 829
928 854 598
992 829 1189
737 713 1700
424 347 1960
648 417 1711
505 399 1320
630 72 938
973 155 1315
187 75 471
74 32 1771
727 632 1467
720 342 206
532 293 910
657 361 336
219 209 731
876 851 84
432 376 171
270 244 1665
655 140 246
710 211 1572
982 308 1590
722 710 639
426 145 1832
151 64 1530
720 665 1199
998 63 1185
536 520 669
692 35 1404
841 345 7
730 527 1350
837 80 1792
956 462 650
835 295 238
403 343 1587
311 241 760
435 174 1491
679 403 513
787 534 1291
928 359 803
971 612 887
744 554 425
600 29 1253
926 422 273
690 516 1622
129 37 1360
937 791 961
927 897 580
994 192 1299
254 53 311
904 843 160
500 454 1576
747 335 1100
974 495 125
511 500 1418
593 250 134
721 482 15
620 317 1385
903 749 53
542 39 1062
689 386 301
984 198 1181
210 187 1215
975 220 203
585 34 247
659 577 1922
248 101 61
842 797 1820
424 406 572
938 186 853
853 152 265
667 473 1310
776 19 1214
411 136 1709
911 164 54
630 327 1472
851 516 1521
909 487 22
385 133 1959
125 58 326
904 110 1753
562 265 1554
357 306 1055
720 311 902
347 294 1920
952 222 974
708 666 678
340 1 909
997 101 362
859 727 767
917 900 1297
817 811 819
569 385 1154
340 295 1547
711 473 341
315 237 804
952 506 1654
633 420 1702
500 384 963
521 361 670
333 320 820
436 82 1053
796 188 1034
412 365 150
473 58 1726
428 285 935
882 362 515
714 185 1853
420 311 187
854 716 440
845 111 1690
450 142 1155
283 14 942
895 633 1090
538 305 726
939 335 864
870 868 859
700 195 1244
706 447 123
688 124 1357
816 129 295
641 241 1459
215 160 1246
910 239 258
777 83 879
889 416 1686
444 394 1377
255 186 71
839 615 852
249 97 925
846 380 1395
814 408 1556
675 433 913
441 204 59
903 776 145
959 307 1842
880 646 897
329 254 541
710 649 1212
865 274 775
787 261 1091
513 92 1434
588 266 587
544 305 628
287 243 1565
852 673 238
972 222 587
579 380 1548
967 109 1393
329 110 879
590 80 623
870 559 870
905 431 1816
927 174 2
90 80 1035
696 185 1904
917 171 1672
202 117 1339
109 6 1436
845 723 1769
160 44 934
239 187 1371
60 35 1220
802 279 339
557 125 908
751 610 177
570 507 268
140 76 1984
371 326 1098
933 769 1095
299 267 128
923 519 1961
526 233 1928
347 198 448
431 346 1777
530 103 103
766 367 83
706 700 182
979 3 76
556 232 1827
739 36 575
547 471 485
169 2 1592
478 257 468
210 148 1498
991 243 701
736 195 929
952 816 1112
969 104 47
827 774 982
996 381 1011
750 695 1056
541 209 716
633 167 992
649 95 1401
429 329 218
794 245 1304
947 857 1326
744 659 1336
386 17 1000
595 528 1694
904 329 1991
291 43 1439
462 64 1000
687 373 762
505 487 1008
801 764 202
930 767 1817
256 206 572
402 316 270
880 858 68
470 44 1844
868 19 1861
366 6 1979
545 223 1515
545 528 1448
261 34 1746
672 169 1286
788 123 874
641 216 550
995 377 1354
179 177 1003
905 334 1421
957 181 1842
355 271 867
742 453 1166
982 197 1324
825 310 1548
720 244 741
684 382 467
723 310 1885
336 2 1325
925 861 131
654 238 790
965 776 608
908 536 37
599 389 1151
840 54 977
842 601 1722
651 250 810
410 127 771
942 128 1593
764 183 416
865 350 773
710 382 1065
667 401 903
967 225 1328
843 375 1798
736 576 1548
770 260 468
497 3 154
862 309 742
622 167 1970
720 435 831
914 58 110
610 98 1567
711 481 1406
573 111 215
808 228 906
751 539 1168
325 238 174
908 42 333
964 192 1303
135 37 1279
790 18 370
467 392 1236
768 753 817
662 447 1046
868 202 1931
890 745 704
707 34 982
178 3 1567
965 611 32
95 39 555
850 476 177
552 77 768
883 710 1196
732 146 1112
711 583 154
872 18 345
863 538 1746
900 784 512
932 586 510
440 82 827
861 599 990
868 3 122
112 49 841
399 286 44
284 13 1192
860 80 1921
211 73 143
357 246 928
826 85 1983
443 284 592
277 262 533
939 757 2
999 182 683
866 828 117
819 370 674
485 381 875
572 381 243
890 394 1680
417 276 11
437 325 857
602 86 372
142 50 1936
325 54 1612
603 34 302
70 21 765
755 154 60
806 183 110
741 564 1050
571 200 1566
670 17 582
694 414 477
906 244 624
151 91 1105
288 137 259
900 441 1596
341 2 1679
774 325 1346
39 2 814
254 156 1291
988 149 68
876 25 680
890 874 471
624 532 804
895 213 98
337 286 1606
581 564 1244
675 225 672
970 727 896
802 36 1258
594 186 650
804 549 814
687 46 1244
359 298 1284
949 510 806
540 416 582
598 334 1513
839 682 41
971 323 560
779 728 388
408 131 723
968 889 38
806 395 1908
315 19 1568
887 81 1135
663 440 1256
271 25 741
311 27 1435
988 711 770
216 125 1125
964 867 1759
912 328 225
851 88 1949
864 838 1983
858 547 1732
920 319 266
367 19 1949
731 619 615
534 118 17
865 450 1966
329 123 1101
821 14 437
990 433 628
775 96 805
998 450 1654
276 205 1479
789 626 1122
623 272 895
662 149 1520
895 589 1290
820 358 1180
795 230 481
933 489 1342
970 459 1003
740 339 832
718 669 1237
613 206 1215
885 822 1578
433 131 1163
213 176 1344
110 19 1912
730 693 693
659 207 378
638 294 910
376 8 235
817 326 1139
559 290 1833
644 401 1340
874 77 1200
232 40 171
211 177 1080
453 352 1937
659 131 94
822 204 375
700 335 1791
936 447 1409
659 489 1147
576 457 1379
724 354 762
482 25 1228
689 475 365
433 375 1578
320 256 1116
770 206 1466
811 357 1989
830 65 1579
540 488 358
660 591 1556
569 260 454
628 471 578
200 40 408
357 170 841
832 174 298
817 650 276
674 533 1184
811 809 590
806 130 983
893 714 1990
639 631 816
953 589 1583
372 48 1356
994 843 1313
491 368 737
673 508 610
696 684 1786
425 301 1635
920 915 462
491 398 135
648 427 740
792 33 622
848 700 286
879 242 1184
568 85 1969
213 133 831
905 563 1152
909 189 181
379
897
189
382
535
705
822
81
32
676
156
725
733
844
678
712
671
154
245
119
567
128
759
292
532
722
978
960
395
177
260
458
995
111
340
116
266
848
160
966
279
221
104
27
195
834
282
248
168
277
812
331
499
357
576
253
363
184
447
694
921
73
355
621
354
557
729
427
302
765
305
136
843
902
640
137
214
891
88
656
496
54
841
158
109
795
655
416
551
90
732
990
437
502
390
19
770
730
50
192
226
950
893
585
426
378
808
517
991
677
186
409
329
686
491
299
774
852
132
411
951
928
797
850
466
422
912
758
714
689
261
323
143
171
909
693
514
438
238
16
614
508
906
10
394
478
25
150
296
115
405
250
964
666
318
764
85
647
747
887
987
652
657
319
201
736
117
256
130
244
399
959
980
237
264
993
563
641
157
651
538
222
342
818
326
70
790
96
918
811
760
688
949
2
34
810
878
208
228
865
692
194
632
796
410
877
312
659
187
879
217
47
989
925
232
346
446
957
972
368
455
680
734
316
883
593
324
840
637
349
397
286
334
552
832
235
267
138
101
155
849
996
941
364
911
691
545
421
695
888
548
750
7
742
68
475
937
500
755
391
948
430
845
503
423
114
664
321
86
806
479
974
278
487
706
377
908
728
779
668
741
820
519
9
373
596
295
162
173
710
276
817
791
445
529
146
202
388
386
230
853
12
408
981
786
336
335
578
44
58
988
497
864
782
932
53
218
992
913
943
672
309
317
917
198
645
634
903
297
711
239
83
328
945
164
618
871
252
4
660
766
366
199
910
43
38
858
785
827
550
900
803
530
288
385
429
431
240
663
540
77
112
674
380
433
984
76
615
105
927
572
533
707
188
350
402
789
697
869
236
13
560
748
851
310
653
828
24
612
737
98
67
975
113
444
667
929
627
685
303
600
125
207
555
847
704
441
967
131
369
271
393
882
440
289
459
144
396
801
874
234
558
926
708
287
443
625
145
857
885
644
610
669
860
149
628
59
842
512
371
489
17
469
468
141
285
476
263
890
62
454
954
515
836
815
46
776
805
327
587
249
969
855
982
916
868
439
352
752
861
919
127
100
107
654
425
29
179
899
472
702
452
14
799
359
675
304
635
66
935
753
771
284
102
159
148
227
588
511
178
661
215
480
716
418
5
636
358
687
492
780
41
575
36
804
718
509
407
383
123
523
690
362
603
953
854
376
255
37
231
944
589
594
209
504
133
792
880
574
998
679
82
51
8
301
311
778
258
721
598
751
965
934
183
793
23
762
436
494
265
400
583
172
274
337
60
151
448
229
592
616
930
412
866
826
543
103
486
26
185
290
165
456
361
602
72
381
591
389
839
915
568
467
526
432
79
565
320
121
994
571
308
923
435
78
784
527
522
174
39
609
525
665
569
465
872
225
483
564
963
152
490
924
936
414
129
554
513
613
518
507
604
216
986
501
247
45
700
886
709
761
979
846
300
717
562
738
453
875
99
56
505
549
392
958
813
740
365
124
800
699
220
417
3
275
746
272
601
241
781
22
772
270
553
333
976
631
140
863
181
135
477
450
579
206
767
482
473
372
536
876
35
727
608
892
968
18
624
283
830
629
348
343
524
698
756
520
534
802
190
873
345
457
338
42
831
49
611
894
971
681
573
768
404
495
163
322
703
449
715
599
161
193
406
942
673
961
474
341
139
246
87
606
833
997
95
825
182
1000
175
69
20
775
649
745
384
650
952
134
280
356
273
