500 142 401 500
300 182 699
239 209 1485
360 9 565
477 205 1333
75 58 695
155 120 877
215 94 1738
496 119 1190
454 438 1688
457 77 1789
258 135 430
392 338 1947
488 364 1679
375 164 1543
247 93 193
152 11 327
265 52 980
183 11 1553
475 384 1589
254 28 1450
373 287 881
437 111 105
363 281 1691
269 84 1995
193 71 985
314 261 205
141 28 1744
282 1 126
132 88 1007
362 140 1467
301 288 1738
401 75 1413
323 26 1367
379 212 1152
472 374 15
458 86 1480
419 198 1773
203 201 1810
348 340 1204
473 389 410
233 214 981
425 84 765
267 14 1377
290 267 1160
412 20 627
383 167 1039
459 339 1172
259 146 1552
275 13 1475
328 294 1253
427 274 1121
450 208 1535
287 210 1518
156 26 1348
425 330 578
460 103 846
327 32 191
492 358 1324
438 33 411
295 190 200
427 131 1300
464 60 1863
142 73 1670
238 234 1950
257 229 132
482 272 232
314 291 602
332 217 191
211 110 1200
459 433 1798
360 131 1799
233 128 1422
363 139 89
160 146 357
449 38 682
482 469 576
457 124 1886
151 12 1791
396 362 1879
366 108 42
327 51 763
179 2 1721
308 99 1634
289 65 1852
133 119 261
494 298 1416
498 275 39
129 105 637
223 29 948
395 116 637
246 186 748
407 153 960
395 60 462
207 157 1313
292 211 614
439 253 891
309 274 165
338 264 269
186 152 662
462 212 1612
337 17 741
215 172 1328
148 8 1480
139 138 1369
222 102 374
355 126 870
171 18 1167
418 231 1143
133 16 1031
488 38 639
265 22 927
365 61 1295
434 49 1917
398 126 1483
273 179 830
406 351 1398
345 122 49
271 7 92
456 37 1421
215 184 1739
468 280 1444
316 82 977
460 170 175
115 57 1036
299 68 1886
498 134 1971
385 134 257
436 341 462
185 72 399
362 152 1466
205 135 1620
443 256 1882
479 272 1342
420 16 44
358 313 524
365 294 58
241 148 1282
384 187 574
442 215 1116
453 302 1278
427 73 1427
332 243 1570
169
237
405
385
408
213
2
398
233
282
117
22
295
488
285
244
181
392
142
141
355
160
327
439
483
342
403
325
388
153
331
476
186
161
328
424
170
242
16
51
180
489
276
462
212
401
65
290
99
283
367
460
427
266
146
468
53
143
82
268
312
284
114
279
187
110
311
129
149
201
5
319
85
128
188
98
18
121
321
107
78
318
17
147
210
178
337
253
443
171
101
72
287
35
354
25
157
414
451
499
4
491
68
211
291
299
490
420
7
118
66
376
477
133
144
226
44
73
250
236
373
303
493
265
246
288
175
415
433
402
498
34
96
134
179
245
221
281
92
42
323
437
316
341
75
122
217
494
394
43
426
86
30
381
88
326
195
410
482
224
137
164
91
120
256
441
28
54
364
371
336
182
108
496
448
239
369
248
359
296
429
333
102
360
83
343
380
377
200
216
119
469
457
205
104
106
155
384
270
63
127
444
49
297
228
194
36
152
159
60
116
340
467
9
484
140
238
436
225
257
235
52
37
39
136
379
254
263
357
395
366
202
125
389
21
473
442
258
47
218
450
421
243
31
309
3
103
69
387
445
472
431
183
416
487
12
304
471
349
206
252
57
332
292
272
33
81
148
446
50
411
6
413
38
455
192
189
273
64
497
353
417
196
365
480
61
184
230
55
70
215
407
386
500
19
440
80
280
352
492
289
204
449
59
26
339
219
197
15
260
267
435
370
154
150
481
390
251
485
1
174
77
479
232
400
105
40
412
466
115
113
41
294
313
27
438
300
425
79
406
173
177
351
123
135
261
138
346
56
422
396
361
345
293
249
306
447
247
109
393
269
209
198
84
168
286
274
10
93
317
322
320
329
74
259
62
100
130
348
227
58
418
229
382
231
372
338
350
167
452
29
307
314
46
470
24
222
214
234
399
330
334
378
32
23
264
76
275
324
277
383
474
347
423
67
428
262
315
465
475
298
240
191
308
139
111
305
453
151
71
14
112
8
94
397
87
165
95
456
255
356
404
463
97
464
89
278
432
458
176
241
48
302
459
190
11
375
158
203
124
13
193
344
156
478
208
454
45
131
162
199
391
374
409
145
430
434
301
185
368
363
220
90
358
495
310
271
486
335
207
223
419
166
132
461
126
20
163
172
362
