588 400 72 100
510 305 1247
581 110 143
243 131 1712
573 355 822
493 473 1353
336 252 1011
313 5 646
469 42 1560
270 19 1129
481 393 1111
378 372 79
516 209 521
186 153 812
318 100 933
446 77 1658
304 217 1485
411 182 573
413 298 828
437 144 1362
505 396 791
558 173 1212
326 312 1927
319 23 9
428 354 1496
537 264 422
171 81 1509
456 426 158
446 346 480
524 68 516
459 237 52
446 56 970
366 177 333
532 34 678
523 474 1544
345 274 765
481 403 1459
285 10 1455
267 253 27
408 83 187
238 19 893
438 63 1548
452 429 402
366 344 1200
537 48 1735
544 461 101
282 62 1698
437 68 1717
302 108 1465
494 372 155
461 299 106
411 18 1319
554 513 1912
212 141 1316
394 230 356
228 149 958
236 175 92
309 211 859
311 140 1012
392 367 1814
171 129 1124
582 173 953
559 188 1337
371 320 215
446 140 320
572 32 464
459 211 54
237 187 1080
432 361 939
583 414 272
312 35 1988
540 3 1203
579 9 732
582 241 1104
409 26 113
131 107 432
514 490 1604
425 151 1435
367 122 1962
350 282 971
466 52 1131
425 172 1609
349 293 729
407 298 464
160 51 1791
304 58 274
529 43 935
543 226 18
281 110 1848
499 477 418
482 408 1633
444 133 709
579 189 1538
114 36 1138
499 82 339
304 79 1349
560 339 577
339 125 555
457 344 1445
296 204 138
562 224 1809
552 223 374
275 60 224
303 220 77
61 23 1714
325 323 1071
495 105 1620
528 272 286
556 550 464
360 150 1149
505 108 1960
144 101 1824
292 173 21
270 193 726
210 186 136
550 160 1420
223 217 1995
586 552 119
488 376 1440
462 146 968
170 118 1653
363 81 1543
391 255 1253
525 130 1959
159 126 1416
399 221 1057
405 333 1812
280 27 701
430 309 1771
501 112 1897
561 432 1996
524 38 1686
382 81 1781
487 189 1856
565 55 447
156 14 516
73 26 762
521 509 352
455 438 1682
276 92 622
397 110 1735
292 214 692
494 146 318
68 26 1611
302 171 365
387 383 863
134 24 1203
386 99 1410
285 228 1827
497 330 1132
456 443 838
338 332 313
199 165 1950
550 418 407
490 308 1627
527 135 207
90 66 1981
92 19 1512
261 107 1373
576 323 587
492 365 52
333 54 911
256 121 621
45 44 331
336 307 1522
545 44 417
363 301 1584
562 308 356
474 333 760
120 58 1621
517 25 1142
340 41 227
258 211 1024
330 3 937
573 4 127
215 206 689
278 155 1902
582 533 1335
457 393 1756
370 314 1409
462 7 644
457 244 468
535 362 1794
518 290 733
306 223 113
507 240 1753
143 122 1933
501 54 1373
402 270 1308
305 22 563
288 187 591
308 296 998
381 89 1235
396 76 1410
457 192 630
354 283 519
423 212 1448
499 444 260
440 343 802
267 237 1186
262 217 690
504 75 232
576 462 1691
574 270 775
442 399 1202
510 221 1532
148 40 883
244 170 981
468 138 1569
565 472 633
484 481 1619
505 84 252
244 191 1291
569 18 781
347 256 1506
330 284 1490
536 131 495
327 250 1939
500 71 155
548 399 1676
464 27 1310
515 84 660
391 39 457
391 170 144
544 7 688
213 108 975
256 69 539
226 221 1992
215 1 326
529 287 1322
246 98 87
218 171 1127
546 399 79
388 342 1639
489 242 1781
466 70 847
311 230 648
298 121 920
328 209 872
174 63 1921
545 185 367
462 173 1179
530 200 342
544 346 61
558 367 584
244 19 1412
308 176 1456
290 114 349
375 279 603
577 309 595
578 51 1622
315 281 1495
323 111 683
465 294 1979
553 124 1771
572 236 1857
296 36 1960
588 256 6
535 388 1532
438 239 726
417 131 1752
303 233 14
564 296 1729
449 285 1137
166 82 1684
145 60 1952
156 108 1271
527 355 1438
336 187 397
361 88 447
338 107 1111
420 238 1802
359 38 1222
449 28 5
281 72 1497
480 421 490
370 60 1575
312 234 1393
503 417 738
239 84 948
497 280 1108
557 365 1525
502 351 381
575 450 1819
530 41 1821
402 154 131
383 103 747
527 322 1976
479 72 1394
439 196 61
209 168 576
477 323 82
206 178 1726
568 67 1233
416 234 396
192 163 1317
224 161 1915
201 140 387
497 143 1764
125 48 358
371 303 1038
348 68 1534
299 213 916
568 274 267
558 72 1999
584 164 634
394 17 1459
222 158 1672
235 158 1888
34 32 429
426 246 1558
402 179 1377
430 78 151
471 403 1194
573 191 1783
479 305 427
301 190 725
65 48 22
318 208 991
303 127 227
561 77 321
169 100 1899
270 42 824
496 74 1559
151 148 257
564 259 133
167 101 1838
427 123 1577
205 193 1682
403 376 95
290 168 628
103 70 1393
441 246 1342
515 269 1610
587 117 1206
533 528 1798
215 213 589
145 107 439
192 110 1841
435 354 840
248 121 1888
571 465 1188
87 14 994
549 19 1344
344 283 874
574 350 1890
467 287 294
369 125 1208
256 90 462
521 343 389
372 267 1668
525 168 847
585 284 1688
352 21 795
455 128 1510
204 6 616
398 194 495
550 132 1995
543 156 1071
405 106 643
450 277 1890
125 72 438
509 157 606
165 118 1555
451 28 883
293 3 725
470 261 848
327 69 1659
550 331 431
512 388 1836
411 296 330
525 469 1724
380 122 802
428 189 1350
564 560 1550
384 253 1255
515 132 229
215 29 1779
569 152 1025
410 228 1409
356 176 419
379 32 1803
586 14 52
440 333 81
438 66 672
223 131 830
268 112 1929
443 217 135
525 368 784
429 98 353
155 126 1378
551 62 169
580 229 1434
319 38 1841
455 415 1594
523 276 1514
380 10 1106
193 63 1119
197 161 1354
343 316 1338
366 15 1681
218
288
273
339
429
232
495
112
405
267
461
555
459
366
481
129
93
401
169
235
168
263
520
217
13
358
209
121
447
453
514
130
458
72
38
1
308
170
310
266
372
553
198
338
441
167
306
287
424
146
532
319
374
570
222
183
14
452
174
276
150
154
516
292
489
92
343
106
255
103
158
363
41
381
21
135
284
136
26
231
337
329
165
65
211
508
369
579
275
160
347
233
538
330
540
35
299
562
189
216
