1000 1000 513 1000
721 408 330
942 719 1559
663 301 1500
278 181 163
290 25 1564
966 550 954
812 663 1299
751 12 890
327 64 1949
313 161 1279
587 232 1266
883 308 1857
502 157 988
112 94 458
773 718 605
774 678 1902
569 525 572
986 604 1709
723 319 1181
895 14 1932
666 627 1915
654 207 1454
634 11 1706
841 321 1156
994 687 1446
434 346 1112
969 447 74
970 441 1647
873 350 1331
709 329 1807
171 56 1141
962 114 509
609 431 14
897 198 1182
375 239 644
999 583 98
519 285 1600
502 18 1398
241 80 1072
424 30 1712
765 572 1660
662 292 1708
535 133 208
828 472 1783
354 36 539
318 272 203
387 236 522
372 61 1937
279 84 482
370 87 541
537 22 373
891 15 794
424 398 630
840 585 1681
935 14 958
155 134 385
292 16 8
701 298 780
492 312 1892
487 142 1802
961 315 26
918 490 1391
842 317 352
982 981 1076
839 184 638
842 707 52
475 424 21
809 80 1061
575 146 1850
511 114 848
538 310 1441
605 249 1328
809 159 1098
897 476 1137
370 2 17
475 41 1190
694 528 1244
378 210 552
700 313 1786
556 276 620
821 523 960
564 543 1851
890 757 1196
287 278 429
888 566 1491
842 717 1262
247 87 1956
399 184 1458
977 887 168
844 632 318
678 98 845
937 196 73
570 51 827
718 417 1612
814 243 990
389 330 135
586 321 443
933 758 647
834 432 1626
835 265 1693
755 587 391
323 262 1925
810 93 217
980 474 37
338 93 1344
331 147 876
898 296 1801
753 418 1539
692 382 896
733 379 517
729 241 172
951 422 282
324 20 592
234 38 934
944 629 1509
410 185 1453
760 425 1840
922 79 852
979 373 1616
339 75 1414
583 314 384
135 91 1111
501 107 1255
531 182 833
638 153 1443
862 638 366
960 835 719
362 91 1613
537 184 1600
504 17 748
770 73 524
914 118 81
389 371 1205
756 273 1858
935 152 1787
638 197 171
483 328 1025
802 84 1497
703 202 1453
282 249 261
686 591 87
427 3 432
495 451 996
503 491 1112
572 404 531
407 359 800
474 189 202
918 723 1917
653 164 211
836 87 1207
803 676 328
277 160 733
964 880 238
370 218 803
965 684 13
255 239 258
699 47 510
206 11 915
867 839 957
549 368 1395
935 934 255
904 290 1620
400 66 1121
614 228 1125
964 56 454
937 735 354
842 787 718
967 897 1308
995 148 658
820 795 1513
175 50 721
570 372 482
548 86 169
865 613 1619
954 850 308
969 229 1503
948 462 472
998 690 1802
820 68 221
757 431 651
303 126 658
959 359 484
953 140 1224
616 560 809
619 112 187
695 517 1900
588 178 675
242 97 1826
312 17 1565
621 50 783
742 233 150
757 102 173
580 115 752
249 129 1660
983 401 1610
602 338 190
864 239 299
795 659 471
300 23 1309
528 457 938
967 915 418
702 672 1205
964 575 387
769 635 1850
759 346 588
975 12 1977
363 131 1756
890 106 1005
775 661 817
588 92 959
293 232 1321
711 572 806
781 504 1127
949 382 930
457 395 1709
902 447 1849
654 318 886
784 271 165
947 128 762
850 712 1871
839 580 1663
740 10 361
637 517 680
601 215 756
606 546 910
899 128 155
971 594 115
875 654 862
883 46 763
925 529 1102
940 331 1211
591 178 1200
898 11 1287
200 188 297
712 134 1218
189 117 1259
865 135 1407
360 9 1151
507 396 789
762 436 1707
596 373 595
568 159 1780
478 76 855
598 124 540
645 449 1536
275 165 236
743 18 488
292 226 1089
455 21 1763
374 13 28
942 720 1782
208 6 1141
970 679 1174
823 345 162
607 573 572
265 230 921
883 728 1487
283 105 1648
621 469 686
962 800 309
553 50 1091
291 138 12
934 287 1955
331 131 1313
975 254 764
825 483 648
737 237 270
918 534 1933
308 207 146
605 474 1130
829 508 273
608 22 709
471 337 1026
651 632 1396
912 855 1889
496 366 1116
485 463 642
781 722 1225
916 910 924
863 273 1529
676 199 1790
625 605 761
979 822 1024
528 260 696
519 55 48
396 339 27
719 28 729
939 354 55
675 188 1413
927 60 849
603 426 454
967 612 860
713 536 617
972 548 820
722 710 1036
649 398 1191
382 164 1183
813 602 1854
632 300 1435
626 498 608
891 464 605
903 632 1207
295 190 228
148 29 1133
833 164 482
648 220 456
712 514 323
665 657 433
818 206 807
586 565 939
396 212 1443
897 331 1682
867 53 502
814 721 484
743 9 121
843 207 510
855 680 32
722 508 947
221 45 1351
173 157 1833
570 269 237
393 51 1382
606 156 1361
682 681 1301
791 122 1438
877 749 83
791 317 1898
816 328 291
796 350 380
168 145 184
707 190 1999
938 883 210
303 275 1761
799 315 327
648 465 1894
737 81 1603
917 165 1866
960 951 697
745 522 302
411 99 285
527 394 431
558 428 1153
277 51 342
555 509 656
889 693 621
654 334 453
354 134 663
454 184 853
287 136 201
438 139 723
972 786 1364
210 200 1094
93 16 1541
925 596 1099
827 191 1758
968 128 1561
121 16 359
843 18 1417
745 529 1074
581 255 1995
820 814 1594
974 509 1085
753 192 1469
845 377 935
832 707 883
460 240 1474
641 546 1718
626 35 887
239 168 1192
504 354 82
667 221 1750
979 577 1892
630 540 986
741 134 604
918 41 406
665 653 801
447 427 648
963 721 745
854 35 767
336 93 285
762 233 282
710 518 734
994 850 1213
930 660 522
923 491 10
349 120 938
979 858 1477
757 564 222
267 150 1012
933 57 1985
815 78 321
568 311 1839
773 681 365
976 403 498
652 308 1793
980 174 1669
139 6 1213
606 391 888
971 421 742
922 740 569
312 180 973
728 387 516
724 139 63
673 557 1817
924 289 48
863 527 1693
431 346 1886
639 223 699
861 387 889
896 237 1681
897 263 1227
654 276 1209
511 380 1121
569 554 810
716 505 1332
982 234 817
789 629 497
826 686 632
844 569 1249
589 541 1987
276 105 625
877 311 1219
795 740 102
272 33 1081
981 822 1184
558 303 1281
621 282 1306
701 250 1081
744 700 1405
494 183 566
549 283 974
979 193 811
853 532 325
586 301 179
907 828 873
496 358 239
386 204 1218
244 23 1496
490 45 822
526 389 1532
923 775 1442
503 92 1844
926 859 1511
554 199 1695
321 21 651
926 420 334
354 14 538
523 64 930
667 612 866
135 31 1929
538 266 1397
441 413 164
780 400 1065
777 582 1235
392 386 1933
730 619 1449
712 595 411
593 86 167
932 25 1820
934 380 689
515 177 915
592 536 1380
415 205 85
574 341 1118
707 12 74
944 669 885
95 49 868
996 803 1056
983 548 228
774 257 460
948 421 1243
45 16 451
908 584 906
704 451 1251
989 588 1884
973 849 935
486 64 749
982 818 1066
881 340 715
72 69 1507
926 913 1080
994 392 228
564 223 1104
932 480 275
775 26 549
690 23 328
615 278 1445
532 224 688
800 700 478
644 253 1775
605 478 372
607 250 1189
944 434 418
503 255 704
935 202 1364
411 80 655
606 84 1815
379 140 495
920 578 110
609 83 1011
165 25 1229
662 206 1892
971 315 671
580 4 224
682 324 1095
842 547 248
806 282 529
706 267 1212
806 149 1210
927 130 1011
931 876 1050
344 8 1650
971 174 1242
894 490 553
686 380 1360
917 525 1998
516 454 350
974 71 1932
390 26 1843
858 447 306
915 612 903
537 500 1848
850 470 14
923 25 1464
937 883 347
635 109 1615
753 161 179
626 331 1203
777 84 1539
853 298 213
934 38 916
778 157 882
672 211 539
685 674 1020
866 238 887
506 429 1845
766 646 758
673 54 1464
428 56 1972
895 234 899
485 161 305
927 485 278
551 159 1039
861 786 305
784 314 1509
594 217 1214
791 498 281
443 290 473
465 139 677
964 397 1999
582 407 1225
477 49 885
685 640 724
869 523 24
761 697 1812
772 191 1568
946 421 1903
810 332 368
376 23 216
621 224 224
507 196 1005
943 690 631
287 225 618
413 85 1390
465 445 401
788 350 726
502 374 1357
601 499 1436
797 544 1298
543 422 1597
778 584 630
685 491 560
846 741 437
855 802 1618
200 102 1404
948 38 1326
798 395 1535
675 239 1142
480 262 1119
777 712 653
743 663 867
958 310 1144
909 320 1036
384 260 716
746 624 453
834 10 1779
915 656 287
635 240 684
773 499 1924
690 675 1940
833 33 17
834 321 1209
861 66 1549
797 182 1565
464 344 1417
761 126 1941
341 340 1801
975 851 1922
905 350 1733
456 387 591
971 272 1541
724 369 993
849 681 731
976 831 1552
714 453 764
849 171 576
598 290 1014
835 527 62
542 189 1136
964 297 448
976 37 1161
238 111 1860
603 89 1320
827 29 357
45 5 1551
912 333 211
471 243 1019
573 24 1550
946 592 508
558 40 98
619 249 1209
167 38 1615
901 334 603
741 731 943
536 46 535
649 20 1016
987 450 1287
507 255 164
846 317 1654
801 530 1628
678 573 284
848 72 1582
554 18 1217
858 146 1597
276 187 1724
606 7 1539
699 139 222
237 93 1687
558 196 510
697 543 601
367 311 1370
870 588 1453
590 385 1938
230 124 505
299 40 224
798 532 1791
665 627 1071
883 811 1996
392 63 1695
567 406 1137
540 351 970
940 74 875
974 536 1415
397 101 1961
632 509 84
477 257 997
230 226 1516
724 36 1822
403 147 159
817 46 1785
692 618 1558
988 401 1541
933 277 241
883 852 1124
292 239 1805
893 290 1109
828 248 1368
656 61 1069
810 788 396
977 447 87
732 429 1175
313 174 1421
812 427 18
520 328 320
588 296 936
496 47 1072
910 628 514
585 556 1939
981 274 117
596 367 1891
856 822 1288
686 301 371
978 753 1643
832 364 1116
822 818 287
523 308 776
672 603 96
488 43 1680
478 93 1536
953 908 348
977 759 221
851 376 993
256 88 1455
321 266 1716
423 140 1586
347 6 580
379 331 1037
636 358 164
719 422 1984
686 258 1433
419 50 257
566 413 414
621 283 1374
417 96 1299
593 506 1666
399 139 114
327 219 529
571 63 1644
562 187 1502
957 28 692
522 363 796
948 458 1119
476 348 305
180 48 941
695 44 1270
941 122 1861
619 220 297
478 366 1713
624 365 1892
766 60 1654
731 377 334
908 204 498
894 858 361
775 432 107
160 152 328
616 470 1653
250 189 393
695 165 168
644 633 71
261 163 1158
574 150 1217
297 256 235
562 265 1336
577 156 1264
970 24 115
102 48 1721
710 508 1857
864 278 1004
977 593 1150
294 250 1729
897 890 1766
225 154 237
736 417 436
535 456 1009
688 90 631
187 45 359
818 555 1960
976 64 625
940 597 1680
941 801 986
660 270 943
551 203 1946
772 746 132
930 684 630
498 68 875
533 291 1288
874 121 34
531 164 661
533 158 1778
545 180 402
868 434 485
406 111 75
710 463 1638
494 245 1837
607 538 50
293 159 3
865 819 898
987 204 910
123 63 499
348 200 1417
605 280 515
679 243 985
555 512 1976
746 709 843
992 804 1556
688 269 140
580 73 415
642 163 1514
762 384 1451
518 119 452
103 54 956
523 89 36
490 133 559
335 107 1921
791 462 821
945 56 493
10 8 519
569 233 1597
907 783 11
454 122 376
888 740 752
801 170 1168
373 254 246
406 47 1815
792 312 307
779 71 525
955 540 92
960 411 39
800 194 1620
953 568 643
936 395 239
582 536 1037
275 257 1970
414 74 810
699 13 1863
800 97 694
999 918 1279
887 637 1082
613 418 234
283 129 202
534 47 625
965 109 413
649 394 1925
858 373 1905
650 238 221
976 111 1211
363 187 1903
210 74 1663
655 339 718
475 334 1093
705 668 922
876 648 1509
366 63 450
619 72 1143
225 40 1299
932 187 1973
560 463 1721
754 57 558
742 141 1484
882 823 1660
861 309 872
606 386 1946
254 48 1997
882 113 746
235 124 1277
134 39 338
837 798 1728
776 440 153
909 112 721
710 616 607
800 345 349
356 149 1695
732 266 547
975 289 71
862 739 998
921 320 440
890 403 1938
397 310 1263
515 273 601
595 395 1707
849 240 1205
719 23 75
643 493 1005
953 280 1913
393 220 695
859 27 753
265 128 605
555 296 74
261 109 755
860 542 1467
871 418 1565
607 175 910
755 255 382
912 114 13
814 593 1876
885 346 1895
959 315 831
877 806 297
422 255 92
589 301 1765
491 2 776
851 615 1462
888 408 1911
456 113 914
482 17 1501
579 411 814
664 471 1983
986 357 1716
831 793 1848
400 87 1164
905 97 880
809 680 24
608 302 864
906 31 1831
839 352 1847
907 721 1927
405 285 1622
693 204 806
794 550 363
920 809 1682
320 154 947
635 54 1792
462 18 681
553 362 1118
952 937 1333
924 400 821
998 296 639
555 234 855
998 332 1836
701 372 1187
122 101 1212
958 733 1791
452 23 1299
754 233 1124
204 4 431
432 419 1763
613 302 930
826 150 55
165 142 404
420 259 1021
62 9 791
725 544 1872
363 87 1937
272 156 646
963 194 830
582 362 520
571 412 1989
745 290 1758
986 128 1427
920 324 738
954 739 211
979 939 1292
286 238 1457
870 477 1245
875 340 172
969 421 299
946 526 1425
801 449 100
807 524 103
525 329 832
633 85 15
745 205 1607
443 384 538
322 284 761
808 606 1552
862 469 116
838 396 151
552 541 617
503 269 1119
901 536 26
341 330 106
900 169 1359
948 232 294
957 248 322
646 181 970
401 355 1950
739 580 1745
401 201 129
723 708 1252
642 141 1570
389 309 1564
874 373 495
915 459 1398
881 17 1398
963 273 1123
602 133 1398
654 206 1065
832 488 1336
546 169 1367
994 268 1739
268 154 1984
778 563 510
886 585 417
459 402 303
587 472 1160
626 555 462
958 460 972
455 212 236
946 228 681
762 203 802
929 907 1944
668 475 1658
519 302 780
966 537 1511
866 520 1316
679 558 167
733 23 1720
349 178 1854
705 421 1969
607 216 1329
311 196 362
394 340 1436
343 49 901
799 415 1882
952 685 19
862 666 837
208 201 1370
258 237 739
650 223 331
257 38 52
924 345 1301
526 446 648
287 38 829
811 194 1553
926 449 564
1000 702 32
435 253 636
769 347 1313
638 393 163
920 466 285
225
521
594
839
9
582
917
452
280
385
386
981
114
626
40
895
522
973
902
298
427
999
243
940
509
735
641
588
607
382
246
932
103
565
766
955
158
719
383
7
835
978
535
677
369
498
54
23
606
360
877
345
554
859
73
35
422
827
485
744
399
43
232
701
255
409
181
67
699
842
678
297
328
408
685
354
712
256
533
106
592
156
122
390
952
524
431
851
813
755
723
934
220
777
857
794
838
78
941
86
976
351
397
717
609
532
733
177
792
368
380
541
233
314
800
282
964
288
372
866
486
640
61
970
943
911
474
79
689
745
650
728
852
611
856
618
864
433
724
366
144
845
924
652
230
526
844
460
553
598
400
379
291
316
64
470
164
806
697
683
66
530
430
215
148
128
793
519
578
544
51
56
732
634
447
887
87
758
322
597
60
413
747
229
204
783
287
44
421
569
886
975
993
403
576
684
919
654
748
92
465
756
99
313
547
642
867
449
59
149
774
450
490
200
802
151
633
982
28
121
285
513
251
132
167
353
503
828
861
216
984
481
518
731
206
768
484
782
767
34
57
514
342
528
575
205
765
317
195
387
327
6
988
972
41
75
630
870
953
879
960
784
11
977
833
299
817
996
878
365
407
127
493
653
358
763
154
112
815
438
109
542
707
240
373
50
969
58
357
336
516
753
550
175
24
692
730
180
77
162
665
363
675
968
884
268
53
505
508
568
278
803
705
94
203
643
157
529
648
375
830
108
442
416
42
259
888
26
391
286
93
456
187
82
178
446
698
17
190
831
690
301
273
370
601
168
417
253
646
961
620
847
715
183
198
875
781
896
84
918
986
487
906
330
583
605
271
194
987
463
436
234
405
865
472
826
757
197
274
146
290
300
260
570
799
226
674
586
104
885
671
805
776
444
931
428
179
849
396
668
538
165
248
119
515
130
713
603
663
419
72
492
949
217
185
670
392
140
160
137
891
414
266
371
914
990
612
739
196
495
908
443
956
1000
894
29
326
454
718
496
124
593
628
901
324
91
798
837
761
693
688
499
461
107
868
45
219
101
632
265
903
36
769
722
623
846
959
962
4
395
770
138
616
471
771
980
89
590
746
221
344
19
489
308
997
207
679
566
100
482
176
170
788
600
983
948
249
807
332
218
804
448
174
412
797
150
389
627
361
644
791
855
892
39
936
734
97
709
315
184
596
560
778
5
289
923
661
954
595
321
883
202
823
587
445
574
930
764
159
573
676
995
935
401
779
341
708
673
785
279
862
306
163
921
637
527
276
604
506
116
311
876
743
110
811
639
269
664
88
295
252
742
571
404
263
210
567
435
238
21
307
71
994
323
786
790
281
860
531
166
905
337
706
235
858
832
359
808
310
602
540
343
476
52
261
669
737
772
411
302
738
577
48
350
497
208
638
423
126
346
394
559
191
74
546
963
585
384
244
272
475
507
275
557
672
161
991
309
720
591
655
81
457
223
453
882
292
141
920
296
989
211
192
325
958
727
131
38
398
536
213
957
439
80
134
10
479
945
347
985
631
468
245
511
714
971
549
850
319
617
992
304
759
610
441
376
754
102
477
927
32
83
374
951
123
172
70
773
619
46
18
710
381
558
68
841
118
913
615
726
440
466
740
928
12
305
893
510
751
98
312
277
22
762
636
922
420
402
1
2
227
548
152
339
974
907
760
155
563
836
942
579
829
686
816
658
331
501
186
556
349
854
725
47
848
254
169
142
228
303
775
237
539
834
63
464
523
258
789
222
897
869
545
543
8
494
967
704
333
795
424
49
270
662
502
657
736
145
898
635
469
912
694
729
947
796
504
467
239
247
818
721
182
294
483
820
667
580
231
840
113
659
749
525
614
819
946
825
966
340
622
561
562
520
85
810
480
801
625
31
500
478
356
926
998
915
120
703
716
696
581
224
129
418
979
695
214
242
552
491
910
691
880
209
171
711
14
656
410
136
362
378
822
111
139
459
564
283
352
434
649
589
752
681
455
965
874
437
873
388
809
267
899
944
125
863
555
173
364
96
329
629
682
348
584
488
787
16
236
69
367
25
199
537
320
262
702
645
608
335
780
143
201
3
651
853
950
889
939
621
933
843
133
105
90
30
37
613
212
284
890
904
929
462
13
687
660
925
814
241
647
517
334
741
821
115
624
900
95
293
680
377
27
937
406
264
938
135
824
415
534
250
117
872
916
432
572
666
257
909
393
62
881
318
20
700
871
451
65
15
599
147
812
153
426
76
188
425
512
55
193
750
355
458
551
33
189
338
429
473
