2000 1200 1315 2000
1527 786 1334
1460 696 817
1543 826 1547
516 31 1448
1206 946 260
910 440 1806
1272 221 8
1641 1077 1622
1701 1256 752
991 754 1418
1573 1134 398
1321 436 274
1461 965 1137
1852 1181 1844
1902 1695 1906
1622 1331 1605
1233 434 1298
593 14 1548
271 222 1128
1049 125 898
1733 1152 1107
251 130 1551
1899 1611 1318
1506 23 220
538 239 94
1371 1343 953
1187 646 44
1688 1525 1788
770 158 1292
1905 873 395
1291 315 1857
1648 1550 1427
1782 510 856
1457 1339 109
831 691 920
1657 1484 1579
1146 1032 1074
1125 815 1474
1154 1035 1807
1696 969 132
1958 1935 260
441 131 250
1963 1124 1942
954 189 979
908 101 579
1479 281 147
1382 166 1230
679 598 807
1086 125 1710
1813 1394 1478
1733 512 440
377 243 310
1566 351 736
1953 1534 253
874 555 1316
238 67 594
1617 429 224
1771 1641 1506
1740 815 1648
1533 1460 620
714 151 1981
1137 242 1637
1638 1503 490
602 62 765
461 376 1756
1345 718 888
1439 474 834
1722 742 1944
1139 585 144
1120 608 64
1715 147 1065
1504 1500 1010
1185 721 1739
655 580 117
1153 1070 956
645 236 1894
1799 1642 868
657 64 1385
1841 1437 862
1614 431 1485
742 647 871
1399 970 1237
1932 1574 1937
1804 1599 1851
1946 976 3
372 325 1024
1697 238 934
573 100 1712
1575 274 719
1736 208 550
1747 1027 73
1694 182 1254
1834 283 1707
808 108 1055
781 499 1522
1906 379 1036
761 722 1200
1374 380 1379
1570 1167 517
1666 72 633
1799 774 877
1571 179 832
1078 720 1501
882 687 1707
597 217 123
1654 639 1006
1543 528 369
1723 1394 1212
714 299 1069
978 689 608
1463 1231 1046
899 545 1995
1660 1516 44
1899 1372 1743
1540 911 885
884 867 1524
1918 787 946
913 158 875
578 52 1751
1825 229 1050
481 329 824
1784 1570 798
1776 1361 337
1743 794 1221
1835 14 1744
1822 929 1041
1613 748 1712
1511 674 1151
727 314 1603
1904 1260 997
1837 317 1526
1607 639 1705
1584 890 1004
528 103 660
1706 9 182
913 350 530
1405 210 239
1220 318 608
1798 1263 883
998 270 641
1495 918 732
1393 1169 1672
844 601 1870
820 516 986
1258 1130 1072
1963 184 988
1672 15 1792
787 671 1079
586 244 1149
1174 884 55
1797 1666 1096
1752 1714 1775
1683 363 9
1850 356 377
1877 1167 224
1781 1618 1977
189 174 1067
220 34 861
1230 781 1288
534 38 1250
92 4 1036
1930 983 263
1853 315 72
809 789 368
1896 1788 1304
1984 1893 943
1751 1043 1974
1366 781 296
988 812 568
1818 872 1341
1629 1050 1079
172 59 1761
1434 395 1835
765 587 10
867 330 1283
1612 1515 1381
985 816 1525
1977 1955 1100
1829 1457 1871
1386 1222 1535
1401 906 1591
1255 626 1546
1726 564 1032
1947 1930 434
1034 701 737
972 777 503
466 239 1917
1268 72 1085
1219 805 714
1847 831 1081
1578 35 1745
1819 791 1272
1415 306 167
1644 1168 1818
1131 669 1652
928 383 551
1752 1213 550
1789 705 695
1439 1173 1313
1086 112 1581
1035 851 330
1913 1363 1851
50 15 1049
1083 199 573
1245 1015 1923
1100 543 754
973 665 507
1777 603 828
788 12 156
1423 1013 1166
1475 481 61
1749 1597 1627
1170 1037 786
1175 460 999
1004 373 901
1920 991 252
1910 577 483
1845 659 110
1527 1130 1539
599 291 954
1548 1399 1306
1500 263 313
1859 923 66
1554 1282 1993
1695 1480 1111
1170 763 316
1596 180 582
1822 414 1724
1823 1187 375
1970 146 562
1195 195 370
1902 1850 1988
1631 119 1040
1877 497 705
978 510 1
1551 513 967
1917 1684 148
795 50 93
1115 353 416
1056 817 275
1756 1129 508
1971 211 314
743 635 1014
562 462 1410
1892 1474 1181
1346 481 360
1086 966 1789
1010 177 1508
1193 380 255
1710 459 1247
2000 986 236
1857 940 830
985 748 1307
1350 146 709
1444 1198 1329
1716 1211 1326
1217 311 656
1776 828 488
1484 1058 1703
1472 556 899
1233 809 1627
718 316 1397
397 24 263
1137 505 836
797 509 1162
1472 537 1794
1509 1284 627
1696 794 854
1398 1040 1471
1177 909 1085
928 801 1117
824 108 198
767 352 839
1255 24 177
1606 213 1463
940 918 1913
497 147 1884
1608 74 1416
1852 986 1025
1593 1247 1021
1244 68 1781
911 568 1588
1003 23 1331
1992 1783 1754
1858 1249 477
1433 880 917
1151 844 1626
1320 1147 1489
1794 486 1399
643 180 636
1564 820 1914
1810 756 1588
363 120 991
1149 712 1792
1941 716 47
977 104 1266
1086 294 954
706 253 1293
1310 924 240
1950 1344 241
1549 92 1120
1565 785 769
1668 947 1442
1883 1553 100
1960 1636 229
1202 914 1494
1178 21 1023
1604 162 619
1930 936 1825
1962 1333 1772
1116 597 935
760 577 615
1792 1060 1134
1373 313 1055
1121 903 1515
1897 938 765
1881 1380 816
1626 1509 1878
1618 1548 1067
1469 1074 753
673 333 1868
1973 1531 1217
1658 1164 708
901 552 1928
559 129 1582
285 60 143
1943 504 1454
1898 1148 722
936 373 1544
1302 838 720
1338 246 1206
1120 598 740
977 175 1483
1739 1408 1130
690 90 1548
1043 185 339
1244 293 215
1746 1237 407
1478 220 136
724 615 758
1296 530 293
1129 1066 830
1252 888 1214
1398 65 1658
1395 1360 590
1067 83 1144
1603 687 1885
1931 165 1561
1876 199 1809
1784 474 569
985 212 1403
1473 357 920
1702 1602 506
1704 1542 1549
1028 545 1650
448 374 1785
1315 1128 755
1572 718 1267
1950 1460 695
1481 1307 1223
1475 1317 1538
1956 1156 1614
1423 19 1750
1936 1389 722
1236 541 573
1331 777 1791
1855 287 1642
1986 594 472
285 25 556
580 113 1914
665 105 1372
750 510 1478
1028 173 336
1897 1 17
1913 1840 1228
299 257 1
1906 1516 1030
1858 662 1228
1332 121 1168
1576 1048 825
1817 1589 1114
848 225 136
1390 456 681
1351 79 368
1515 1124 308
1476 208 158
1779 1245 155
804 369 1568
696 125 1201
970 331 564
1938 314 1289
1098 887 688
1206 995 498
559 114 755
1662 727 1168
1575 5 1738
845 673 1298
1476 1041 575
1665 1143 1642
858 367 571
1708 1498 1043
1533 581 205
1888 1667 1994
1610 268 1759
1409 429 672
1713 629 748
1752 877 15
739 10 1948
1871 158 120
1326 566 736
1358 669 1413
1484 1212 1943
884 598 1959
1264 569 633
1965 1673 1563
942 497 566
422 180 355
1012 918 758
1509 1021 1997
1360 16 955
1597 423 1139
1140 82 1163
1056 547 73
1601 1064 380
1159 547 1825
1386 155 1559
1980 1423 1689
1607 1227 651
1055 946 7
787 539 1770
1914 933 534
1894 272 1042
1197 1026 1987
554 260 378
1169 985 40
918 47 1270
1352 716 1842
794 668 372
1363 809 573
1494 1150 1639
763 48 1555
1934 1329 1460
1040 922 1278
469 211 1214
1597 696 1975
1393 613 820
1310 346 1727
1015 707 724
1967 1672 1772
573 275 1061
1307 901 1432
1332 397 583
1667 971 623
1979 1643 525
1594 1336 1372
1738 468 874
398 369 272
1773 1162 303
481 362 718
395 388 132
656 411 691
1784 704 1786
1134 74 1363
1726 1213 75
564 541 660
1107 160 142
1555 86 837
1510 657 1027
1171 742 565
1213 85 577
1030 340 62
1899 431 128
1768 1321 1328
1515 1312 1214
1863 1652 1141
1872 1308 196
1595 268 1436
1053 484 663
1748 1314 1755
1858 1515 386
1676 1172 716
233 212 446
1860 1155 1743
1551 1081 505
1101 635 1352
1794 1304 1792
926 264 1082
1752 212 1321
1062 275 1205
1754 449 1617
1432 907 296
1776 666 711
720 249 1669
1612 710 548
1017 18 1659
1372 512 1073
1755 1597 1395
1580 943 1947
1308 466 185
1387 1092 271
1959 500 562
1918 1086 250
1351 704 918
1249 503 873
1907 776 1578
727 580 1164
1086 749 403
489 176 100
1231 994 387
622 47 1012
1508 813 902
1237 1231 449
1641 1215 67
1281 719 431
1596 129 1060
1447 1331 1647
1784 1127 895
1991 106 709
715 108 285
648 295 1751
585 570 986
1604 662 1878
1975 896 1329
1886 34 946
1612 344 1745
869 707 269
1108 660 1800
1096 791 773
119 77 578
1629 318 1580
1468 107 977
1596 1158 1168
1141 1041 1532
1875 450 339
887 853 133
1429 950 494
708 10 1780
1840 481 692
492 421 1135
1734 1690 1535
893 889 1758
1892 1543 1298
427 200 437
1346 505 1131
1250 228 705
1124 225 1299
1112 986 1169
1614 448 1937
1644 1276 720
1693 1274 1032
1248 1001 743
768 44 1131
1463 612 1926
1878 1363 1313
1905 351 1300
1647 777 1719
1909 606 840
644 45 1569
1689 687 1380
673 88 810
1082 397 23
1907 275 1541
128 4 85
1797 1476 24
964 480 27
168 103 1043
1846 497 1289
1971 1874 1498
1028 388 1372
1126 515 327
1442 1347 1920
715 643 4
557 262 64
1638 475 477
1806 393 1354
1962 763 208
408 160 802
1999 283 1420
793 281 808
1869 1619 1399
1743 1434 334
1050 904 1780
1409 830 582
1544 330 1840
1234 375 752
1472 1037 1633
440 116 845
1846 322 760
1928 1219 828
1052 782 784
744 346 603
175 169 863
1007 383 215
1747 1654 430
1478 1010 1353
1705 1234 1296
1743 868 1740
787 352 210
1722 811 1614
1078 430 482
1378 91 1170
1419 753 1580
1335 1139 1126
1235 91 302
1209 904 1014
1721 244 1788
189 118 1499
1446 1289 439
756 121 1464
1531 762 475
992 460 644
1920 1311 1797
1967 430 784
1758 599 109
1344 1338 975
1597 840 454
987 178 1159
1613 1437 1865
1984 1317 807
1429 1104 1020
1609 767 1014
1202 674 1429
550 509 598
145 29 825
1639 554 803
1426 1072 1323
1786 286 61
1343 684 1666
1955 1111 728
582 389 305
871 348 1674
423 122 100
1517 1381 1893
1948 1295 1213
1589 970 138
1934 573 253
892 875 143
1293 728 1263
1757 1479 1045
1506 297 1817
901 128 1320
1853 136 1051
1487 312 1413
1417 894 1723
1468 164 1972
1828 652 1631
1816 667 1569
1290 208 1275
1459 377 547
1356 381 545
1103 461 928
1604 23 403
572 382 1905
1243 657 1506
1097 626 834
1520 234 748
176 57 596
821 247 1222
1435 185 204
552 330 16
1965 502 383
1882 1459 601
916 659 1516
193 52 1354
1737 9 780
1016 346 558
1929 1527 1522
1113 1068 938
1514 1006 739
1698 1039 1498
1630 1517 1771
931 596 325
709 170 1123
725 428 188
1674 862 1159
805 42 735
1637 1516 949
1879 829 1160
1903 1082 1637
1285 765 1252
1478 143 667
779 141 627
1930 702 609
1864 580 1909
1272 1007 1758
1289 195 38
1481 1267 1453
1121 158 476
1589 270 1674
1549 466 691
1390 341 895
1028 229 634
1077 1062 1277
1945 74 1291
1471 984 37
1506 921 637
1304 73 187
1491 467 570
611 60 513
1266 577 541
888 695 751
1445 1169 1732
292 69 465
1882 123 136
1946 525 261
503 287 746
715 406 779
1359 247 714
1760 8 93
396 169 1459
1124 668 529
764 532 1734
1257 587 1102
768 622 1990
1823 968 1040
1658 71 720
670 106 980
1827 1277 297
1770 1161 1095
126 76 887
1061 362 27
1266 1233 395
734 170 1034
1096 73 359
1891 1079 1197
1040 86 1339
1866 74 1949
1850 1408 650
470 15 102
1317 1081 1399
1974 1621 580
501 12 1781
744 52 1529
1288 738 1444
1004 86 443
1464 1133 742
1934 548 1207
1347 20 1541
1385 1231 1796
206 65 1389
681 569 1832
1234 1110 1525
1300 287 790
1499 1255 1086
713 464 1101
342 327 813
1667 363 1544
1896 1617 443
1396 313 78
1768 1592 1607
1807 939 1410
1313 428 1757
1320 1263 194
1077 571 1067
1629 1582 24
1769 1649 38
1682 1072 1637
1204 1012 245
1141 487 105
1583 474 580
1960 18 403
699 677 1126
983 239 833
1405 1133 39
1343 358 922
1060 343 230
991 696 1639
960 524 1490
1476 571 1942
346 202 421
1380 506 1259
1721 1582 1381
1041 133 786
1820 1262 1334
1728 532 868
1562 435 745
1948 1806 1701
1598 580 830
1936 1676 922
1503 6 744
1959 46 374
1799 1116 1261
952 278 500
1796 70 1016
1964 555 277
699 79 201
1834 1489 2000
1977 478 1912
1158 311 1713
687 620 684
1508 1348 832
947 602 250
1093 531 1714
248 106 1004
1326 1204 1959
1197 227 1088
785 31 1601
1816 228 357
1312 265 962
1433 1399 110
685 428 1213
1695 1639 1270
1203 403 946
818 436 851
327 165 772
1438 603 1801
1013 574 1779
1544 979 1669
1568 31 210
965 382 1159
1650 923 1926
1487 139 1827
1040 903 1415
719 608 1951
429 17 837
574 42 984
1132 133 1046
693 362 1589
1964 851 1055
571 364 309
1457 1032 1990
395 184 575
955 7 1065
1550 298 1198
977 926 1315
888 66 183
1145 992 518
1254 7 384
970 591 1129
1978 196 23
990 192 887
1824 1134 871
977 827 503
1561 1188 1040
1976 1479 576
1179 1172 1178
1448 296 1002
1154 1108 1056
1275 433 958
660 78 1504
1288 676 1000
1754 814 758
1985 1857 1673
1657 803 324
580 83 1617
1857 1029 211
1805 1534 210
1833 1151 814
1875 457 406
1730 1274 1824
1726 547 306
806 298 1982
1600 1379 1088
1499 209 1656
956 854 1163
799 372 152
996 494 149
1228 96 1353
1351 1253 1971
1981 569 420
1312 668 1452
922 156 1567
1994 1259 1904
1620 551 1816
871 641 1239
1731 286 1607
1494 860 429
1536 342 985
1175 119 601
1894 818 1732
1951 587 965
1713 446 1157
1338 1292 1317
1701 607 1226
585 186 779
1282 195 222
1692 1281 1809
1900 1271 1497
851 489 1506
1849 1188 1879
1570 1069 1337
480 291 1750
1860 1326 431
673 550 611
1874 1429 933
1825 147 1388
1390 1336 538
1460 873 1416
1755 1660 782
702 632 1074
1837 1255 1322
1348 849 338
1684 894 594
1832 971 1960
1659 1064 1277
1763 951 512
1032 996 953
1130 831 1432
183 97 1673
1414 50 1150
907 4 1866
1445 1351 1707
1907 822 307
1789 205 1729
826 40 1055
1657 1045 679
808 287 424
626 491 8
950 158 1476
1768 683 680
1657 231 1723
838 357 1052
842 787 306
611 249 858
988 638 898
1352 617 279
1778 1730 537
1489 1487 203
1821 847 926
235 61 266
1676 818 1903
1121 935 391
1253 195 1824
916 543 543
1091 1082 1285
1606 449 1434
1090 435 1509
1178 423 106
1590 1316 1624
1445 289 1515
1058 749 363
1967 1847 1509
1426 210 1328
1403 787 1649
1601 186 308
1619 392 289
1861 963 989
1676 1645 1827
1559 1146 1982
685 216 1016
1646 882 788
1176 103 1156
1841 201 1229
1940 1701 1007
1555 186 491
1678 326 1218
1746 958 816
1079 892 725
1735 1363 1610
1836 336 1029
1419 1284 120
1704 739 1369
1880 1306 1123
710 661 698
1282 997 348
1154 581 1724
1289 520 339
1937 129 585
1220 1018 296
1242 556 8
1892 766 1549
1627 967 888
1351 393 862
1498 437 316
1796 1480 1613
1753 110 438
1184 589 1039
620 232 522
691 37 98
1610 1546 868
1717 546 596
1470 58 1807
976 227 420
1974 1108 136
1260 663 1190
1376 132 1575
1716 1367 1325
1800 1033 1206
874 486 1212
1824 1049 1569
1131 173 1767
1502 1399 1382
746 720 1335
1534 612 1963
1664 1395 1807
1316 53 236
1221 349 711
1807 203 1800
1568 896 1001
1394 490 888
1822 690 301
1717 1038 736
1542 880 51
1495 436 1094
1092 156 1376
1635 114 1087
1304 1254 1371
1529 143 1952
1800 365 1557
1393 1350 1141
616 109 1351
987 647 805
1853 128 435
1716 1576 1981
1913 219 1066
664 218 1924
1982 1370 1554
1625 543 469
287 201 434
1633 883 237
1568 1083 1480
573 119 1323
1826 720 410
1204 28 917
1939 400 1905
1676 702 1933
1003 275 1502
1605 1405 430
1992 67 1942
2000 671 1962
1461 91 538
1427 703 778
1252 107 1196
1203 69 199
1377 531 1287
1547 1160 1128
782 746 725
1705 924 34
1337 377 420
354 318 1601
1640 378 327
774 185 564
1743 494 1047
1282 434 510
1981 169 167
1048 214 1063
1046 277 868
790 454 896
1052 571 553
690 462 758
1161 78 694
1778 507 1510
693 685 374
1008 151 1365
1039 414 548
1371 1081 1506
1361 19 1337
1459 1321 358
853 737 1620
323 281 1762
1494 863 29
649 255 1525
1259 34 963
1344 335 10
1690 1129 367
1608 1006 1781
1777 1553 1655
280 64 998
567 244 1811
1249 1022 1655
1823 1131 855
1801 1544 139
1082 381 51
1726 1531 103
816 797 375
1408 333 1312
1331 1322 1337
1969 501 1920
1201 389 144
1106 104 1354
1826 783 912
1466 1024 1158
472 428 1702
1845 1655 1050
1569 635 560
808 532 155
1586 1006 1837
1276 320 414
1644 334 325
544 511 1212
1500 479 454
1331 167 1166
713 328 1594
1847 1060 446
1975 1493 1086
1732 246 1257
567 71 1687
1619 1612 1976
1332 143 41
1538 656 632
1939 1281 837
1897 890 510
1933 242 1829
1413 1196 1122
336 109 1467
1954 1022 1281
897 835 903
1004 247 1280
1942 1244 1026
1127 895 377
1608 1536 1343
1870 359 1157
699 357 1297
1745 680 105
948 207 622
1883 541 1696
1191 612 503
1202 889 1217
1996 1433 1009
1507 1353 1025
1969 1952 322
1568 656 1776
1709 334 500
847 51 1734
1360 1134 1198
1997 965 1378
1686 700 1614
1641 1581 1164
1397 71 832
1872 1322 14
1789 1303 1301
1840 1050 758
1059 603 1589
1588 263 1867
769 584 1189
1172 364 9
1898 1 438
1927 48 137
376 331 540
1110 1030 1477
943 97 693
157 45 1099
705 310 1489
613 519 765
1109 1103 1522
1878 624 446
1714 289 429
1737 623 579
1319 644 1221
1572 1241 601
1931 1539 1108
1630 762 1621
1839 749 467
1037 163 934
1009 271 127
1882 938 232
999 128 700
1960 1261 539
1314 555 1105
1933 1421 1515
1620 845 5
1760 383 1825
1481 568 892
1501 1252 1425
1820 1449 1260
1014 852 1371
1787 455 1873
1850 1422 1306
1185 128 471
1661 318 1910
1743 66 370
1341 721 628
1979 752 1139
274 12 1632
1215 1166 1421
1472 563 467
690 352 1263
1329 1296 602
1329 352 702
141 27 1838
1567 1324 849
1321 53 1110
1161 680 1274
1324 570 776
1596 1176 241
1225 1074 219
1791 1194 1563
626 212 427
973 210 990
1816 1506 1296
1417 813 1252
913 139 314
1828 759 62
156 119 609
1343 1235 1192
1445 1108 1198
1577 535 1825
1498 786 1475
1786 1154 822
612 221 722
1031 668 1214
1482 189 1584
1238 140 810
1339 1059 92
1116 701 438
1934 1662 1743
905 548 1995
1756 1634 1581
1500 1117 891
1214 328 1510
467
299
1344
1449
1639
449
165
1061
696
361
1109
1230
1970
634
1267
303
1605
1599
1250
190
604
921
231
1648
493
988
117
722
998
1601
266
357
983
707
700
1498
1623
1811
353
1870
1995
1034
1204
1298
22
1105
1871
1315
1471
1780
291
750
1865
1939
1029
814
1806
1025
535
593
406
288
175
1409
584
517
562
58
948
1129
388
1343
697
871
381
1790
635
377
1530
158
1595
1843
1756
777
63
1950
1800
1489
1757
360
1160
1931
1972
923
338
1212
1572
1038
1166
1378
402
114
385
971
1288
1882
1408
1340
1418
468
374
1960
252
1718
730
555
692
652
973
326
1808
413
840
1783
709
1793
99
1309
191
1654
1072
1908
1527
1396
274
167
1594
1074
1875
683
344
1692
1091
1953
1730
1640
904
1055
1580
1494
1292
1278
1371
278
1192
833
133
448
1114
366
1310
1165
1090
242
1048
672
1535
774
30
1958
1367
1219
843
1349
1086
1787
1742
548
877
1608
1534
1203
1967
1031
348
489
1985
1142
599
1609
806
646
1335
145
1667
318
1575
370
987
592
953
1458
1136
1229
442
1771
1703
836
568
188
1625
111
43
298
678
1447
1123
1562
1772
285
1189
1046
1359
1216
1415
737
25
1760
1326
626
250
28
1922
1294
567
827
1268
1992
1722
1632
1137
1016
1767
1107
1988
926
589
1574
474
313
632
708
1361
1422
1822
1603
1476
1312
1524
502
238
638
1259
525
1410
1791
1812
509
625
1785
736
1339
1188
1397
230
1377
286
398
978
176
463
1147
725
45
791
1552
147
149
735
1918
24
597
885
1567
618
1799
1275
195
228
157
1543
935
808
770
379
1486
510
818
1357
781
1853
1064
964
552
269
1400
857
614
955
1073
1205
435
1070
962
261
12
1433
1702
1878
1656
1616
260
272
217
440
1362
1128
1709
295
270
1088
993
1975
1201
551
90
612
771
1008
1655
653
793
1390
1472
946
1720
1240
549
382
91
1962
1478
412
162
1059
1687
969
1067
1443
1693
339
1210
1438
838
1179
1249
1302
1177
956
1162
383
879
1588
118
483
913
471
1694
1176
759
346
887
138
1786
1432
1666
537
1593
434
342
847
663
185
1330
1416
1011
682
204
854
10
1135
1246
31
1224
1940
1923
1499
1030
825
657
1243
1779
404
110
756
284
1629
1851
32
1435
1550
1891
367
536
1257
171
354
1724
1927
1460
1501
1932
607
1966
1558
1232
699
651
275
1116
215
316
297
1818
968
1773
480
1641
1569
327
1903
922
694
206
527
1680
824
719
1503
1208
443
193
1479
408
1500
882
309
664
1936
1842
1514
1881
1018
1419
868
305
323
421
1071
1796
723
277
140
1924
1092
1287
1752
1668
1431
496
152
345
1805
658
1521
661
643
124
1182
642
1218
85
512
186
721
1130
1738
1789
1093
116
1270
1685
1158
649
42
715
72
1602
1168
945
1420
1990
980
595
83
1591
1304
68
821
444
1083
84
1964
1045
1611
390
739
546
598
1525
858
841
938
1916
761
1944
461
1952
1384
1583
1872
27
920
1037
655
1679
939
1506
1768
1817
1866
976
425
1663
1904
706
587
1455
1804
1949
1380
1171
1062
472
150
1592
631
613
1174
1483
600
1191
1746
636
1867
1198
1069
490
949
473
1585
403
1869
1014
1657
1329
2000
128
255
482
909
1325
867
531
134
221
1352
1354
1982
714
1993
462
194
1769
1517
688
580
974
1393
577
1556
1272
1187
1897
558
494
1293
46
1568
765
1035
617
816
267
1839
992
1082
216
254
1732
356
1285
1763
1712
1665
1551
1676
1766
1398
1895
1969
947
891
492
108
779
1650
6
174
1057
1265
757
161
1604
34
931
79
1573
179
1814
1827
925
372
1815
1360
1244
989
130
239
1399
1118
1245
1348
616
268
585
1740
44
928
815
741
1545
1830
915
1675
14
139
219
977
532
991
310
889
262
895
762
1504
333
1423
1211
845
178
96
623
1885
1920
675
500
1389
1539
209
1319
1689
290
1628
769
282
753
232
842
810
1127
1318
1470
376
608
1810
1153
417
222
524
1973
224
727
615
241
1832
1617
1448
1925
1747
985
1154
1672
1745
1012
1963
754
1279
411
1126
1911
1145
1260
197
1980
352
898
884
1195
1338
1634
1254
226
163
244
1947
1528
908
1454
1170
914
422
1739
740
848
1564
1563
1956
210
481
937
1921
249
324
415
395
1727
1079
1320
29
399
745
1492
994
1108
866
1816
214
283
518
1711
875
1606
1440
164
999
1624
1467
1324
1531
1474
1803
347
183
491
51
1406
501
454
1912
1392
146
1821
1264
18
1106
220
1221
565
1015
1974
788
1826
1104
1233
564
8
1778
620
1421
1541
1518
1820
1100
673
1802
1659
1464
677
92
712
1151
1714
292
873
1469
198
1010
1327
1430
1099
331
733
328
872
1981
1417
1734
237
1698
513
89
820
905
916
933
322
1193
883
387
1379
438
1457
102
330
1841
81
1861
1516
153
901
38
1370
1587
1299
1152
1825
1087
1434
1548
503
1846
1094
1961
724
1900
629
1482
624
844
520
486
822
334
1424
1797
811
1577
121
1374
1413
1273
94
337
1553
1884
812
1355
160
1058
1868
929
829
1774
1183
1004
1033
1337
519
560
247
1262
293
1207
1314
1937
1837
1898
529
1647
951
702
225
952
594
1697
156
137
533
1442
686
1213
1334
684
1253
1957
1570
131
530
639
717
861
1197
1877
797
1376
100
33
543
1681
1148
465
1532
689
1522
431
1144
203
1831
1762
932
1671
343
752
470
1120
1306
106
1156
105
1874
1237
1140
418
755
115
1674
181
1508
1840
1077
795
218
159
900
459
1363
1488
16
1862
391
336
1764
1080
113
1618
508
802
751
1002
1209
1200
1892
123
1770
1113
1848
930
21
511
1929
1473
846
1905
1586
192
1549
1888
469
1597
852
1761
1733
789
1979
56
1509
507
1231
1241
248
227
1627
1533
1938
101
11
332
1998
1385
1705
1844
1662
1849
1122
1347
1391
830
1081
903
1699
691
1112
202
1886
1948
1336
1876
917
1405
1342
15
107
1291
450
365
1060
1172
281
1658
1141
540
1446
679
544
775
834
665
1456
1598
1134
59
54
794
943
1199
800
1411
1749
1653
1110
1792
1096
477
910
892
1989
259
1731
576
826
119
690
1571
1660
693
73
1280
1282
407
596
1235
981
516
957
557
302
605
1748
970
363
572
52
229
541
1600
1715
1664
132
1085
1065
378
860
1480
1626
542
1044
720
559
484
75
1856
311
276
393
1181
256
950
778
289
458
1863
591
112
1175
1407
19
169
1555
963
972
1401
287
93
208
95
1890
1124
1615
1983
627
602
1003
1578
1987
1765
1459
87
823
958
839
1019
911
1750
201
1063
1928
656
437
1332
897
1652
695
205
505
1271
1795
1809
799
1907
1565
1637
790
1913
234
1775
804
1284
986
581
1850
196
420
1078
453
1622
1614
1971
1468
257
855
619
400
961
1497
1051
1345
1645
1930
1542
570
380
245
1375
135
1612
710
982
853
927
151
479
430
78
170
47
1323
1007
50
355
984
452
862
142
1445
864
294
1351
154
782
1383
1519
865
1683
1638
563
373
1523
1437
1143
1185
796
645
1753
1557
1669
1333
1859
934
738
189
423
588
1350
1576
1736
350
1941
574
1887
571
446
1954
1076
451
1276
1538
894
207
1139
648
125
1274
103
850
296
487
1248
1537
1217
432
1646
317
659
687
1387
1716
859
386
1290
1252
1915
1511
1386
573
1001
1463
1717
1631
1225
1242
1382
306
1706
172
633
670
1444
127
1801
426
744
748
1942
441
890
212
1713
1777
1741
319
609
1642
1544
1909
787
1102
893
869
1996
1412
554
428
1041
1256
582
1965
1121
1955
784
1239
1163
1743
1835
1364
358
1138
1710
807
173
760
263
65
1596
1725
1643
1896
280
1997
1321
792
1303
705
1823
1495
1673
996
7
1755
1155
1247
1490
704
1688
98
389
703
1910
64
148
340
685
1735
60
899
1782
1117
776
401
1178
362
321
851
1013
553
1684
141
504
485
1297
416
1959
223
979
545
464
1581
747
1873
1202
1485
1465
1331
1566
405
1902
1899
1157
478
1510
1678
1428
17
392
583
1180
375
1098
1836
783
773
1227
258
436
798
856
610
1644
1368
1161
1358
1819
419
1590
1451
82
637
1236
907
1146
1670
772
1429
575
1579
1945
1075
622
1496
1729
1054
586
1322
1404
569
941
965
628
995
76
1426
168
1744
1021
1159
410
1052
279
1854
1991
61
809
1089
888
1255
1776
1295
1781
743
515
514
1111
1700
1520
1914
1935
1491
621
349
1704
177
1366
1589
314
566
863
369
1115
1281
832
1056
155
523
886
1559
1691
409
251
1190
1951
522
424
603
666
36
1173
1049
698
654
669
1403
749
1834
495
874
954
312
1723
1028
1042
1833
1214
1341
1999
1414
304
1125
1976
534
455
919
1838
456
1515
1222
556
590
1053
53
1346
1238
1365
1502
243
1186
606
1395
1097
264
817
1167
630
766
166
4
902
1453
726
641
1894
1223
805
1184
236
1751
41
476
1880
731
1719
1149
1784
1316
729
23
601
764
713
69
1984
359
1050
143
335
528
329
1005
1695
307
439
384
1707
561
1286
1263
35
199
233
48
67
1934
1889
734
80
526
253
1994
1441
3
975
5
660
351
1968
1512
1513
1
1301
1526
768
767
1427
936
120
1721
944
758
1649
1857
1040
801
1758
445
1462
1883
1305
136
1372
429
308
1450
1251
1313
1529
1582
1023
1978
876
341
676
433
732
70
924
1701
77
457
1690
906
144
959
71
1926
235
1860
881
180
1824
1633
1150
1636
1308
550
57
1584
1009
49
1206
1917
746
1039
62
371
1554
1119
1794
1696
667
1220
538
1369
1798
1402
1027
1311
521
97
86
394
1307
466
414
1845
835
126
1879
1328
184
1561
1032
1425
967
1737
1481
1215
1196
1547
1893
88
1901
1754
990
870
271
1036
896
1484
1289
427
13
1807
40
1131
828
1635
1026
1536
880
918
849
1855
1024
1356
1394
109
831
1943
1610
1621
129
1095
1560
803
728
315
711
1829
1234
104
1475
55
368
1946
718
460
813
611
1613
9
940
1677
1439
1986
200
786
1133
1266
1353
1505
1381
997
1847
1686
66
1169
1788
668
246
1068
1006
182
1436
1619
1226
1020
498
1607
547
1864
1620
1164
1047
213
1277
680
1630
1759
240
39
273
539
1728
488
662
1017
1477
647
1546
819
1066
1466
1258
1977
1813
701
681
960
122
1317
640
499
650
1661
878
1487
26
1858
1228
1103
578
506
1906
300
763
497
785
265
912
1296
1452
942
2
644
475
397
780
1261
742
966
1000
1373
1283
1300
325
1726
1682
301
1852
1651
1919
579
1388
716
1828
364
1493
20
1507
1132
396
671
1043
447
1101
1269
1933
837
1461
187
1708
1022
74
1084
211
1194
674
1540
320
37
