2000 1783 1078 2000
874 684 888
570 273 312
1618 482 420
1482 700 1820
1405 697 310
694 429 1708
1691 761 628
1069 4 1397
1741 1307 311
1008 323 809
370 125 1916
1564 100 1832
345 323 1739
1809 1773 1626
1734 1040 1802
1846 840 1411
742 540 640
1071 127 767
858 104 535
289 14 1412
1620 1076 1673
1598 725 666
1387 909 432
1818 426 1072
1054 372 238
1373 1237 932
1949 1147 965
1458 365 1526
1474 954 1681
1659 127 1898
1824 725 1534
1426 285 66
1844 395 1007
1265 1171 226
1443 298 15
1950 1044 339
1772 1724 1223
923 294 1858
1466 28 1012
1635 1363 1022
1715 1162 1548
614 553 537
747 7 852
1346 455 905
1415 1321 1430
1752 124 162
1783 1624 1118
1071 488 1721
1715 469 210
1976 797 1000
1986 360 1806
1431 218 453
1207 527 737
1433 1362 1374
1785 1763 1456
479 95 201
1478 1106 694
1920 1889 532
1984 1561 698
1444 666 1587
687 499 1933
1942 1597 457
929 71 353
1380 442 586
1457 1194 1221
1805 36 1521
800 360 847
673 270 884
1581 924 1198
1605 758 404
1671 466 646
1100 853 1574
84 1 1450
1705 478 111
1529 822 1908
427 423 337
1595 1508 1646
1548 1099 1378
1827 208 136
1025 646 1659
1815 982 1024
1461 228 1403
846 359 1801
1789 760 326
652 192 1562
1455 686 642
1974 1171 1625
1845 1709 1876
356 151 1007
1952 594 636
1858 984 865
1365 387 1185
693 574 1243
1805 704 566
1636 1559 1663
994 149 248
1896 1883 38
1537 1183 911
525 345 34
1832 1334 1792
1990 1756 1050
1564 1222 817
1891 1567 237
1675 1259 1036
712 169 477
1011 977 1362
989 748 954
1857 281 459
1660 1425 1108
1709 751 760
1200 593 599
569 416 1108
349 213 1155
1230 812 1315
1794 1007 1367
919 855 9
884 471 307
1368 15 316
983 168 1876
1539 32 695
1728 959 854
633 134 213
1778 1432 1074
1780 1203 963
1484 1343 371
1725 25 279
743 47 1804
1704 1156 307
1616 1319 436
1616 674 1523
1581 824 1396
977 634 1838
1296 1255 772
1333 629 284
894 638 212
1471 868 1561
1380 495 897
1362 650 301
360 224 170
788 388 619
1493 650 917
1397 1098 219
1946 1541 925
646 380 12
823 792 1299
1062 338 818
1845 1279 1134
559 525 808
1677 656 915
1090 485 275
1539 790 1956
1717 1302 1425
1241 798 1784
1885 1336 1505
1523 120 1232
1390 312 9
1342 449 813
1839 481 1281
1963 798 398
1574 565 1268
1579 1155 164
540 164 1102
1720 1151 854
1223 1062 437
1412 1376 1936
915 529 758
1909 770 1462
1657 173 1892
1632 1207 1068
1559 228 1359
979 943 940
1462 418 1980
1776 1407 1958
1920 895 1673
1622 664 1557
1038 776 779
785 314 813
1139 130 836
837 581 1170
1005 145 1625
1980 457 1553
1226 1122 850
1346 322 578
1455 1004 463
1630 635 74
1896 496 312
804 357 231
1150 937 1095
1939 627 150
1388 1340 815
1135 1012 1120
1437 980 1485
1159 901 1888
897 219 1721
777 536 1869
1303 188 1260
1959 1701 320
1343 770 1910
1847 786 591
1429 868 126
1830 928 1271
1924 323 1664
1606 1200 1867
997 545 1150
1364 432 796
793 165 1379
929 840 283
1320 218 1130
1910 304 152
480 236 1972
1650 252 1531
1056 588 1398
1893 1026 4
1071 315 1343
1897 1310 472
1883 938 32
1745 1060 283
1161 942 783
916 101 15
1494 1003 1332
1226 62 923
721 12 604
871 199 1713
904 277 877
819 58 804
1800 1425 93
1144 1053 1632
1805 604 1357
1225 1001 830
1505 1460 1399
441 82 1633
1806 672 1626
1967 87 1287
1214 751 211
738 632 269
1893 1154 937
2000 431 998
1894 1629 701
328 204 921
1128 195 1600
1743 159 1424
1068 1027 1819
421 179 1513
1342 27 1519
1124 469 826
1844 1818 1529
1636 1318 187
1510 742 1172
1768 11 364
544 484 604
623 573 443
1339 354 788
460 36 828
1623 1187 51
1773 1317 1822
1002 322 691
1321 367 1580
1638 78 148
1264 908 1589
493 7 1698
1583 632 690
734 232 1647
1910 1751 123
1199 200 1226
1417 761 443
1664 420 1272
1600 919 1493
983 661 1280
1241 186 1859
1559 348 1858
1442 1390 1821
1514 499 530
1454 106 1593
1032 832 1039
994 508 38
1850 502 210
967 280 1197
1221 1127 547
556 215 848
716 410 1228
381 270 1876
1721 1352 535
879 870 239
1919 1440 671
1966 691 726
834 230 193
362 233 302
1490 1487 102
1890 1818 185
1659 169 1590
1378 484 85
1946 846 824
1772 449 1942
1168 157 1527
1569 317 713
1038 834 1519
834 342 1312
799 356 1113
826 50 975
721 621 570
1187 1113 1213
1426 649 253
1675 469 1566
1949 1839 1407
1705 107 997
1942 1022 1827
1591 1140 1106
808 415 320
1276 784 1379
1845 1149 1638
1292 623 422
1356 1291 619
943 134 836
1916 1316 1078
1287 429 71
1317 884 590
853 837 1579
1327 196 1571
1478 1191 687
373 80 664
1451 1293 188
1640 1141 1452
1763 589 769
1423 524 48
1503 798 541
1798 591 950
1102 20 880
1866 788 84
1002 284 1029
1539 154 1795
634 631 1959
1279 611 301
1419 356 1828
1815 1305 1006
1783 1709 1450
1103 211 1772
1173 356 508
1701 67 190
1928 517 1558
1982 302 1877
1505 982 1372
1552 1449 746
906 508 1603
1614 158 1090
1517 573 685
874 618 1950
1465 427 281
1232 772 1411
1812 1796 1849
1637 1338 342
712 367 1698
1555 1082 397
1740 1292 775
1719 1272 1471
749 316 1749
1287 84 137
590 78 762
1183 1059 1544
1779 959 147
1643 462 578
1323 90 1367
1813 1074 1846
1881 148 951
397 186 1232
1267 843 1773
1160 191 1122
1034 741 1025
1452 178 728
1697 1524 1560
1084 561 120
142 120 423
1055 601 1460
1216 591 361
1358 1018 122
1138 261 1266
1853 471 845
969 501 780
1794 1556 728
1998 1665 1328
1283 935 1576
1171 1146 424
1319 48 1830
1109 143 1252
1366 1139 53
1998 832 360
1619 378 1660
1576 188 1466
1598 1130 1190
513 207 1945
1421 502 825
1901 444 735
1424 213 996
1814 563 1745
849 841 1756
1241 1010 1464
1538 788 452
689 370 1945
1837 1500 950
430 102 1843
212 208 1174
251 228 463
1911 1197 1687
1554 163 1695
1345 866 1261
1901 1756 1954
1958 927 233
1023 754 1443
925 64 591
661 598 36
1981 871 280
1289 2 1240
1669 239 1942
1902 256 1557
1205 423 843
1498 253 1526
1185 784 1059
1855 1209 1765
509 319 1505
1971 722 1030
1174 123 1082
1653 1640 469
1601 217 550
755 323 1024
1422 1101 969
1988 426 442
1875 821 57
1534 125 1006
1623 655 719
1157 977 65
1675 315 266
1511 1005 472
1985 1392 414
1387 1143 772
1726 613 738
1883 435 1739
2000 1668 767
1283 591 1338
1527 204 259
613 569 1922
1653 423 422
1725 129 1871
1714 1332 1425
1700 1567 771
1915 513 1727
320 202 953
537 184 960
876 474 667
1042 289 1292
1009 725 1041
1927 850 733
926 247 1263
727 671 594
1602 1028 512
396 199 995
1358 115 970
1459 572 1404
1034 314 1130
637 37 1084
666 297 1469
1490 1114 725
1166 640 1900
1429 327 1225
997 709 227
927 314 1037
404 64 1795
602 121 908
990 773 1338
1029 673 369
859 24 1505
1941 230 938
1683 531 128
1904 372 677
1173 201 691
1070 695 1669
1075 859 651
1957 1297 664
1152 68 403
814 336 907
1853 1342 711
595 452 1802
1797 858 698
1625 1421 734
1891 622 1707
890 376 1128
1630 444 1073
1552 1388 684
1452 818 1726
369 41 854
1342 14 294
997 677 1651
1842 604 1877
1439 1108 456
784 540 117
1298 371 461
520 251 1809
1066 757 1965
1508 172 118
1982 657 1687
1552 1188 3
854 729 1691
1719 1491 424
232 172 1499
1815 903 1096
840 270 728
683 18 771
1558 1371 1863
1024 72 1069
1387 1376 502
1372 442 1558
1571 400 373
1491 543 1278
1091 321 891
1774 1295 1921
661 485 1659
1180 994 1614
681 69 914
1610 1355 939
1326 1040 430
1639 143 1687
1812 1335 214
647 118 1827
478 150 1080
720 530 1285
1961 1338 1263
1488 1078 706
1404 386 1604
1978 769 553
1814 1533 441
1213 575 298
1968 1743 1074
1963 1835 1763
326 30 1777
1721 1376 1974
1989 784 562
666 8 525
1416 1322 1968
1513 1096 1518
742 262 532
785 301 1990
961 807 1835
965 604 1727
473 336 274
1588 152 81
800 50 912
1526 848 616
876 556 385
943 882 1797
1377 1076 1716
735 302 1458
859 432 622
1954 234 743
1063 580 254
501 500 1154
1319 1208 261
1124 637 1551
1812 783 354
379 218 696
1888 111 1507
1078 710 1028
1532 430 618
1454 509 1341
1604 1236 150
1580 1379 947
571 444 667
1278 755 1313
1663 398 1470
1511 1360 1602
821 769 1647
1039 665 1568
960 677 368
1914 1735 477
1959 1825 1752
230 170 764
1775 482 426
1787 896 919
1599 1596 513
793 663 1028
958 506 1874
1672 168 938
1067 380 1773
1374 1267 1162
1999 225 661
1362 683 1386
1888 140 1493
1072 435 913
1763 1703 96
1733 817 935
659 174 905
1612 1158 810
374 10 353
1607 79 1911
1226 462 131
1500 607 86
782 350 812
1638 1602 815
1465 289 1776
1009 222 1357
1165 852 1866
988 84 1153
1627 537 882
357 213 1797
782 733 284
1755 326 1695
1670 574 1906
275 90 1382
1646 1470 1198
1324 156 271
1654 61 1048
811 89 634
1145 478 1702
1913 1011 957
1582 1487 378
337 126 1897
1278 794 1564
1645 1255 1350
1068 824 1019
636 191 716
1817 919 519
1613 410 246
1306 1022 496
1713 104 338
1880 1469 1485
1681 840 1488
1915 1599 374
1666 1388 1602
1204 327 137
1356 166 1810
1948 517 604
1397 833 631
1797 188 1241
1550 980 296
1232 12 1964
1637 462 1279
1937 1834 411
832 742 391
766 394 831
1919 1161 1337
1423 710 255
1851 41 749
1477 620 1171
543 462 1694
1443 1063 628
1384 943 957
1880 1875 1649
1845 753 135
1896 1326 1394
1310 484 1675
1771 1418 1710
1093 812 1228
1541 690 1097
1114 765 1921
1635 848 1875
1443 278 1843
1292 1124 1559
833 553 1146
1358 204 132
1946 1476 821
1567 237 1430
850 760 556
1071 756 1242
1601 1503 666
1570 674 66
1772 969 538
799 730 1057
694 415 119
1737 583 1926
1837 461 383
957 7 896
1278 202 1716
1454 548 465
955 491 1524
455 159 1999
909 522 616
612 340 1809
519 103 820
474 466 1423
1163 308 957
1184 840 1524
1499 1207 1151
1159 762 1900
720 627 161
1121 373 748
1582 1278 1619
1918 302 1525
1759 1430 1689
689 401 793
494 239 1332
1265 962 489
1817 1615 1432
1711 402 665
1269 1057 474
1153 700 925
1058 874 1330
1556 327 1307
1996 594 756
1222 987 754
1596 129 1277
1750 1304 680
1639 1183 748
659 510 267
775 750 1680
795 4 1435
989 485 1446
1333 795 702
1010 297 532
362 116 1824
1317 963 1566
1454 397 972
1344 1011 1973
1110 21 630
1559 787 791
1441 484 446
1833 952 326
1981 507 1156
1431 1414 1436
1565 316 210
2000 1053 608
207 18 1415
602 444 1569
774 245 544
1669 78 588
1200 199 1293
1155 385 522
1041 605 117
1573 974 855
697 166 176
544 378 836
324 45 270
1640 1465 855
1133 888 570
1114 160 177
552 220 451
924 50 1621
1241 776 1649
1852 318 1811
1590 826 1969
1982 1054 476
1999 1941 676
1855 92 1383
1783 47 618
1913 155 1451
1694 1647 1792
1866 18 1319
1989 224 517
1542 40 1798
839 195 70
1799 966 1598
441 271 1708
1184 279 1288
1704 777 991
1137 261 1742
797 58 676
531 478 357
738 246 498
1795 1311 180
1752 1155 1249
996 156 1995
1575 1262 445
858 79 582
997 64 625
1474 67 479
745 6 1715
1817 247 715
118 5 886
988 402 113
905 685 723
1961 92 1663
1434 1213 621
1966 894 1153
1311 1163 615
651 25 439
1000 719 169
1617 94 1076
1424 188 901
1883 194 81
1763 1389 1929
880 627 210
774 97 1854
1953 1164 1502
847 146 1510
1571 898 798
1648 1576 1683
1146 586 188
1895 1784 1046
1387 928 563
1902 1745 623
1613 160 49
1991 75 690
1490 886 804
1365 704 888
1975 19 362
1468 283 1424
684 603 573
1798 1011 1953
1445 441 1928
841 583 1616
1921 1645 1855
1790 243 1329
1077 315 1526
917 406 95
974 75 987
1580 1149 1567
1549 165 1094
1360 74 705
1058 527 399
1484 284 816
1696 579 1677
516 332 1444
844 771 804
1990 107 1742
1757 1375 466
1115 1005 336
1367 1068 1052
1320 1244 1185
664 353 1001
1533 493 1806
1746 1152 1444
1634 1207 471
1741 872 489
1053 497 1857
1330 261 1338
1301 444 1737
1353 485 1074
855 507 1780
1667 1614 1452
892 701 524
1330 508 1007
742 81 1286
1229 826 494
1400 771 917
1814 961 1513
1860 1004 1432
1965 1660 653
1770 1736 778
1123 1007 1261
449 75 314
1964 1879 526
1706 424 174
608 428 736
1666 296 735
1151 121 1878
954 299 1624
1984 1240 1918
1306 1145 449
551 115 963
977 738 1323
1690 514 1422
1623 51 1724
1772 1603 1947
1792 497 428
1703 1619 1754
1175 1119 1354
1056 16 603
1624 1562 1982
1427 558 975
1415 808 915
1848 994 519
440 348 883
261 34 28
1214 428 1214
894 675 399
1920 1847 311
1294 334 221
367 307 1678
520 415 1263
1190 934 1741
1789 719 44
1809 638 1451
617 465 935
1339 54 353
1753 360 663
1847 1846 1682
1913 1775 385
563 119 1950
1794 1133 443
1225 182 168
1798 1219 1520
1537 1441 1545
361 149 497
686 451 42
564 235 1975
1916 1886 669
1496 287 1735
325 64 1049
1868 19 842
1060 27 1281
1994 1546 303
1926 471 788
1334 495 1382
867 420 1052
1706 1470 1324
1071 885 676
1872 893 88
1114 226 973
1898 1041 580
1991 692 986
1766 434 418
1169 577 1362
1074 991 1530
1898 1676 451
1575 160 31
395 215 1129
866 277 824
1669 508 1492
1533 9 1302
992 460 1248
1511 119 1412
1632 555 776
1336 626 1531
1357 366 211
1469 876 1493
1995 768 1296
745 295 366
532 108 1147
680 125 588
1870 1139 644
915 241 558
1883 1366 1701
1786 1515 591
1805 767 528
1720 1602 1620
1494 682 1377
1706 1623 538
1635 847 389
563 152 1195
1932 1902 15
904 300 137
1098 750 189
805 65 1255
1762 951 830
1832 1694 1586
568 438 1627
405 120 69
1238 823 1359
1169 986 123
1926 1890 544
1440 485 74
1549 1255 1883
310 198 1749
1967 1555 1315
337 188 1625
783 601 1363
1915 1480 373
1691 1588 1433
1103 707 293
1677 1494 636
1109 1106 1864
1439 207 336
1510 1148 1147
1838 628 1015
1077 485 66
1883 1396 1243
1179 522 902
1205 1164 1871
1920 282 715
1744 706 329
1359 266 281
402 72 846
923 587 501
1297 637 1375
414 369 1197
1265 301 1884
1974 1760 1820
1431 488 1152
524 254 1937
1047 321 762
587 63 1811
1490 1330 1303
1196 981 249
1994 625 1546
1015 434 1597
1022 764 1507
909 97 1370
1473 659 1459
554 246 308
1280 815 750
1300 1124 304
980 103 1059
1845 769 594
1242 1037 30
1834 485 2
1162 331 662
698 663 259
1787 988 475
1459 1142 871
1860 1109 945
1253 797 1311
1652 1102 1776
1924 407 867
1793 31 724
1328 941 1268
1482 558 1226
816 433 1765
699 126 1558
1464 726 954
644 28 795
1954 242 638
1913 407 1262
706 138 1183
482 121 1777
1836 626 639
1149 357 1801
909 505 1560
1083 612 1215
1127 813 1128
1300 1030 863
537 365 529
1828 511 827
503 261 1916
1522 1353 1616
1669 659 1495
639 427 1042
1279 908 1844
1409 1152 853
1158 838 1369
1427 300 264
1992 1096 1661
1820 159 156
900 130 470
1484 1270 1464
565 88 1648
1832 1016 1323
1359 559 1754
1328 650 1526
1242 1032 1272
819 56 1568
1905 1856 1947
1401 142 1111
1941 1168 1654
1761 1567 886
1717 824 767
1882 1767 1931
1355 104 493
1376 1095 987
1684 482 1432
1235 25 1672
1685 982 881
1642 716 1174
1354 736 1085
654 400 981
1703 1331 1797
1262 467 161
1391 879 634
1172 256 1747
1424 637 1470
1557 780 492
1553 73 739
1902 1736 308
930 505 1911
1305 1150 132
1285 941 20
753 566 940
1254 975 829
1712 1456 77
586 554 1100
1882 1832 1746
1437 243 306
1791 1505 986
1551 1223 1649
1724 1296 203
1286 281 1236
825 629 53
1057 862 1353
1424 628 336
1706 268 409
470 382 1697
1904 13 1401
1654 1438 1517
1530 1203 1007
325 260 1445
1796 1428 1135
974 676 1815
928 270 799
1067 878 1906
903 494 724
1087 297 1498
1814 1303 253
1725 878 45
636 518 1185
547 247 650
1842 1635 1443
1032 750 1174
1837 897 937
1250 13 585
1055 249 1792
896 180 1582
1210 851 1081
1231 483 1197
1651 1411 813
860 211 303
1938 1070 1756
1237 591 737
1290 980 662
1993 607 1985
1760 1745 1284
1845 263 543
1685 1366 1603
403 1 301
1960 1193 1139
1989 312 799
1298 1195 1412
1368 258 1127
1992 1676 238
472 251 636
1981 976 1270
647 142 29
1341 342 1526
833 618 949
905 762 128
865 546 736
1841 514 1459
1844 547 959
1131 706 823
1478 1338 1179
1736 185 84
1032 205 749
1314 1079 1482
1861 644 941
890 575 1952
761 470 405
1579 374 921
1035 257 553
479 354 1949
1204 997 698
1366 1050 661
1413 142 296
1468 1451 1123
1312 583 859
383 60 412
1450 1210 1494
1420 971 548
246 8 727
1172 1037 895
1712 1434 904
1141 528 1646
1784 985 1318
366 33 764
1332 471 389
1102 531 1505
1846 315 1222
192 171 1825
1886 1529 747
807 321 1860
1237 457 243
1986 1378 1286
1610 75 518
1667 1663 803
1345 621 60
1459 68 821
1685 903 895
1778 23 707
1209 1058 366
1477 1251 411
1897 1475 1755
1113 1109 1679
1220 894 204
1932 107 949
1271 532 1173
426 279 41
536 493 459
1096 13 1182
1524 1116 878
1175 99 888
1553 1475 1242
1066 896 1448
832 539 809
1297 428 934
1197 298 887
1744 886 1325
1971 991 962
879 107 530
1984 388 1681
1043 561 1637
1663 357 835
1858 388 856
1566 359 1298
1258 345 506
1983 1518 137
1619 512 1279
1203 1009 341
936 238 1683
2000 104 1811
1570 1365 1407
1891 1825 95
1391 675 17
1825 906 484
1842 592 847
693 95 251
621 380 725
474 18 1261
1329 823 416
604 467 620
1835 539 1547
1312 1039 1521
1837 997 1494
1902 1414 1653
1682 412 733
1857 1607 797
1529 1448 1620
1228 729 1668
341 114 1793
1906 582 638
1244 1108 1744
1363 217 138
1279 912 371
1104 32 1182
1129 394 1186
1368 690 1729
498 73 1317
1095 291 1813
1718 828 1607
1715 387 1826
609 88 1097
240 54 1833
1994 1454 1178
1930 964 994
1557 563 49
1044 132 449
1478 545 647
2000 394 1221
855 246 459
1803 1332 1415
1441 483 1280
806 797 1009
1452 629 1708
1007 958 404
597 44 492
1735 1701 1501
1524 4 675
1717 1520 822
1073 695 1947
1835 1796 1895
554 316 857
1692 754 397
1707 1309 1855
804 347 56
1653 1108 1550
408 84 851
1518 546 1232
928 540 920
1983 87 914
546 261 961
1675 1404 1116
1033 156 1097
1005 746 277
610 554 362
985 470 1455
459 388 194
1822 478 668
1084 43 291
1224 217 342
1743 384 324
1777 1751 583
1465 306 1281
774 574 1401
644 147 370
652 384 62
1392 751 697
1537 1034 141
1496 371 574
1956 1553 1678
1694 310 928
1360 1208 1270
1277 1200 752
1555 556 881
1718 1409 1769
862 123 610
1559 274 898
1218 997 1842
1660 798 603
1519 1210 701
448 212 1703
1218 1125 963
1774 1081 950
483 287 964
1760 1337 1896
1906 1358 1869
1525 1013 1594
1996 1145 1976
1127 131 1771
1689 1448 747
1207 210 1566
1711 720 1672
1777 1345 1551
551 225 1493
1917 1290 1665
1863 1116 1403
1582 1122 945
1472 398 1732
1564 1511 31
602 367 1780
1562 326 1537
614 431 1164
716 327 908
1842 593 838
1960 738 43
1418 77 1243
1203 1194 1921
1972 726 977
475 310 568
517 107 1405
1895 442 747
1241 109 443
1674 609 1637
966 749 280
1121 476 697
1962 1736 1551
632 318 16
889 834 194
1685 1561 1817
876 367 536
1454 881 1118
1703 1228 401
773 305 1019
861 489 956
1521 1326 613
469 159 1915
1173 483 353
1012 150 838
1299 458 1509
1865 1593 660
1881 1724 1190
602 420 877
1024 798 1855
1329 1098 1694
1651 512 1404
1134 141 459
1544 679 1152
1561 758 1480
1482 709 207
974 613 1679
1292 118 470
1779 629 1604
577 484 667
1423 8 166
1771 905 11
1012 696 1695
914 564 1661
1040 114 358
1476 660 763
1257 421 309
1398 374 1346
1612 1360 413
1910 565 581
434 333 150
1891 591 1974
1794 9 1414
1505 74 11
1547 1522 1462
1006 847 83
1773 259 150
949 889 671
1094 996 845
1640 518 1757
1824 1331 1461
927 355 1708
1190 820 1485
1838 1448 1888
1742 1409 1253
450 345 201
1455 959 1772
1883 663 1513
1664 333 1172
1527 258 766
1636 643 300
1715 38 989
944 64 1092
1843 1446 1686
1530 281 1205
1408 1139 1264
1665 1094 1667
1000 266 360
1330 1229 1008
664 416 1207
1685 511 1416
313 36 298
1483 1187 1643
1356 544 769
1941 1373 1951
1518 1019 822
1340 22 397
1782 565 1173
1403 56 973
1149 392 424
1161 37 157
1998 834 1345
1296 1086 21
1732 1507 1876
1650 376 467
1023 980 926
1806 1594 1443
1713 471 338
584 336 1096
815 74 1773
1583 74 1098
1534 119 912
293 97 1026
1175 1048 476
1577 763 1686
1897 1508 779
1814 907 570
1199 1145 554
536 288 431
1531 239 407
1493 272 634
1995 1321 1934
996 344 941
1178 287 974
1687 1343 619
1930 428 623
1996 807 1682
1954 1789 1289
1242 374 563
803 406 637
613 22 1713
1904 1136 1540
1559 306 1268
1765 1179 128
1642 777 1576
1541 1014 758
1863 1626 202
1895 1173 578
1802 1410 295
1964 1292 1696
1067 884 525
1290 1041 155
1407 244 1796
1231 566 924
1738 654 249
1156 105 1660
1628 760 1241
1586 389 355
1505 333 805
1834 1095 700
1864 1256 549
1328 521 286
492 333 392
1827 1343 149
1032 950 1998
949 904 1924
1646 1243 703
1153 1007 923
1491 499 1234
1771 265 1818
1677 1172 985
904 47 990
918 276 1406
1792 171 643
1957 1588 1656
1469 1176 18
823 522 427
1219 805 1352
1025 467 704
594 248 359
1911 1332 1563
1874 1256 1559
922 748 1323
1909 579 995
860 761 208
747 738 1260
1415 1352 775
1810 1139 460
1830 379 1846
465 251 1756
1099 1008 488
557 113 1187
1897 676 218
1664 53 732
1471 1251 1961
1179 362 251
1630 758 1412
915 243 1084
1322 660 525
1734 1423 1769
1693 422 1289
1763 696 707
1206 1173 1685
1385 1245 1877
1591 323 1342
1979 1876 55
1907 478 1005
1364 34 1906
1370 571 497
939 603 81
956 342 1745
1328 1178 702
681 327 821
1663 1064 970
957 702 1540
1102 550 1390
1777 311 1052
745 372 637
1887 231 244
1336 129 1304
1615 1052 140
601 425 43
1440 650 625
1878 1254 1839
1510 1226 1036
1922 198 676
1683 119 1404
1513 1073 352
1608 970 158
855 405 1822
1725 1373 1590
1707 554 1382
339 30 1498
862 443 1975
1971 94 1689
1346 718 1077
1772 719 1302
1116 387 1162
1582 750 1242
823 336 1353
1229 74 280
1003 946 1124
938 255 1966
983 341 778
468 121 839
553 134 52
1480 700 886
1980 1682 241
1002 883 1886
1478 876 943
1895 1546 1232
1646 799 1078
785 516 418
1242 578 227
1102 857 897
1798 734 610
1734 1333 1929
1239 824 1138
1764 884 1827
1598 1214 1463
1327 1241 142
1032 838 1131
1073 418 1105
1240 431 1357
1872 1018 802
1541 344 1392
1730 234 1943
1797 401 296
454 114 184
1628 838 335
446 312 561
651 466 1628
213 120 181
1604 888 1402
1858 455 1640
1824 774 1573
447 46 1664
1947 1602 279
1465 74 1133
375 166 65
409 328 25
981 776 517
1283 78 439
1657 343 508
902 698 486
1796 366 1161
1157 207 1625
1191 1151 1947
441 360 741
1428 827 1856
1133 755 151
445 316 947
1852 1809 1629
1715 735 681
1710 1260 1208
1406 76 106
1900 1527 58
1981 477 1631
1996 309 1963
1470 1292 305
1916 151 899
1715 1692 1968
1359 475 1348
1962 1220 1839
1512 538 942
1882 1148 1710
1330 620 1183
1451 1299 908
801 170 1526
1418 900 1998
275 246 883
955 423 1086
1531 1372 356
749 581 1114
696 315 1746
1937 131 978
812 757 177
1404 566 514
434 64 1268
1180 535 443
835 206 1308
1927 904 1691
795 745 1275
1888 1841 526
964 797 432
589 444 1044
1538 527 36
1318 966 996
1776 114 426
865 523 1180
1844 952 1541
1972 1914 700
1510 1289 642
1377 420 156
834 274 884
928 13 1747
1508 1314 1998
484 296 1185
1726 168 781
996 702 1250
1504 589 642
1947 136 1769
335 227 1846
1444 200 1328
788 157 1403
1671 1649 1492
1100 939 730
1993 1417 1096
1638 634 121
976 252 941
1025 38 169
1607 944 185
1303 318 841
1879 823 215
1756 1227 1597
1956 1915 1913
1297 641 948
753 74 1385
1549 1292 652
1202 843 734
1565 630 856
962 180 1076
1341 687 1412
1738 1358 1716
1196 1117 928
1951 1192 423
1614 1206 1438
1386 712 222
339 70 1517
502 262 302
1572 1259 1992
468 426 1076
1718 1044 845
1351 1196 424
1869 694 1426
1844 104 285
1756 660 1659
1348 733 202
1728 1580 1134
905 241 297
559 497 1035
1731 528 1892
832 603 1563
596 62 1202
1141 505 121
329 281 279
521 33 593
916 615 1589
1481 1342 964
1039 500 1964
1940 288 628
1515 1374 811
1645 540 24
249 92 1399
872 827 982
841 365 430
1219 1126 1319
1846 723 1945
781 662 338
1683 1614 142
1919 1251 449
892 433 1657
984 276 433
1641 1214 1340
1961 226 1702
1649 269 1610
1979 608 1707
815 126 1211
1235 834 1345
692 193 471
1654 46 507
1677 552 1374
1985 1817 1586
1330 923 480
1243 1073 364
1953 1124 1489
506 483 488
962 716 1393
1468 950 1498
850 170 887
1986 1363 735
581 253 79
1070 364 1197
1105 396 42
264 48 25
1958 1881 577
1949 1475 1197
1247 634 665
546 531 741
1854 1273 1290
454 276 1541
738 161 779
863 832 129
160 83 1742
1529 1002 264
1707 1002 1721
1854 1126 1018
1020 304 1042
806 530 1409
1064 102 588
1426 517 340
1725 1062 1164
1200 439 270
746 130 1980
1754 417 450
1285 117 1347
1332 1075 1832
1620 292 1484
1826 925 1049
1971 214 830
1165 661 1586
1823 570 792
1417 824 36
1490 735 923
1672 844 1971
1978 698 47
1640 307 1738
1280 1183 1028
776 343 718
1685 882 1695
1474 424 336
1270 368 570
940 380 136
1838 1074 1255
1546 839 1578
1607 498 1239
1450 480 442
1962 569 1199
690 512 501
1799 1231 1625
1193 277 1688
265 79 1536
1137 813 1061
1921 591 994
1799 1046 1068
1035 328 1830
801 8 1447
599 486 1796
1668 1283 1869
833 586 1024
903 230 1611
1514 1186 1930
1896 710 410
733 221 1620
1079 354 399
1656 1494 647
1438 174 1042
1983 1042 1816
1612 947 1459
1562 508 606
1544 865 837
1645 437 283
1450 681 1198
784 551 726
1614 120 1324
650 574 1018
1459 987 458
1792 535 561
828 634 138
1774 869 574
1642 1155 1333
1937 375 1958
1549 311 1344
1423 1037 1933
1267 13 519
1043 997 1676
1954 716 1748
1068 420 1703
1514 516 431
1281
179
1081
889
808
622
1133
719
1916
401
298
1186
165
1406
1348
316
910
812
1703
524
1688
1453
499
1720
1676
1979
1163
132
1051
1008
1494
1067
740
227
844
386
1395
788
337
884
246
1373
1877
623
874
145
641
574
1486
3
1124
849
1502
1121
778
1205
1678
238
732
1181
873
682
1162
119
1864
1456
220
1296
1526
1360
1265
1929
25
1629
1768
1800
1305
895
1828
915
1099
1497
965
1982
1183
1033
1354
1409
1485
1435
1403
58
1398
1325
291
600
1616
1926
624
877
133
432
927
1076
1324
706
1234
243
577
1561
501
1042
543
1857
350
704
1193
453
785
59
1343
408
1903
1258
1053
922
951
56
806
943
1242
51
838
431
697
484
1106
1003
1752
765
1129
1212
1901
1511
749
218
633
989
1060
450
122
1536
801
296
904
61
1935
1851
608
947
1787
1268
447
1151
1707
516
1167
1963
320
71
1668
297
1825
1786
139
1465
1528
695
1165
522
1900
503
409
533
1432
1760
1509
283
371
871
1896
866
615
1665
1709
1443
1261
1956
1515
327
1919
777
1922
709
729
1368
1859
1474
1148
683
1954
486
1326
328
248
488
15
318
1006
1152
1294
1240
1962
1783
340
1254
828
691
496
1189
1533
792
130
1892
1625
1032
1301
594
1742
632
1376
990
558
759
679
1225
1868
1170
1782
1359
1235
668
694
440
387
1894
430
467
585
1333
515
1072
1256
809
92
1899
1074
259
1832
928
444
742
126
1848
648
79
13
940
1879
1889
519
656
1562
817
1983
1344
880
1056
1944
1064
1109
181
588
48
279
992
1809
1422
142
1350
462
1169
190
1173
1880
42
1758
1745
1112
942
359
10
1002
790
1544
185
204
1302
723
553
766
406
1030
260
1227
178
310
864
1535
1412
1144
12
352
251
333
1117
1479
722
770
1705
975
1811
1353
565
1522
962
609
507
1686
548
1554
547
1790
1220
390
1572
252
1217
1316
1834
493
1175
811
446
284
703
572
1094
1101
1191
938
1520
1940
1370
152
397
1442
1010
1847
1312
739
1959
970
334
607
490
760
1273
1503
1436
421
177
183
872
413
369
1957
939
1813
325
1841
1304
1437
863
346
1159
234
1228
1808
1246
1020
731
1677
746
985
1687
415
1648
542
159
899
1980
1666
1131
1555
1569
366
1013
420
1364
767
698
162
1046
651
678
944
753
294
1836
169
1691
1774
1080
602
1727
372
1549
906
903
890
657
1638
1249
257
1886
96
562
1906
41
882
918
620
32
1885
1137
1272
1206
527
768
356
845
546
772
1721
1955
8
1391
1416
1255
1331
1134
1965
1082
144
580
1872
1317
290
1529
685
606
1158
1458
1902
530
295
1990
193
1695
541
258
521
457
1457
1765
40
883
875
1839
1996
78
721
1139
639
1219
900
281
424
1866
885
197
216
1157
1125
1911
956
1581
1130
1215
1463
349
1804
1381
832
999
1619
644
991
39
1126
1661
1369
272
1565
45
1775
1966
1531
618
752
49
1446
221
603
941
458
121
240
1016
1568
1566
1621
843
1263
442
764
492
1421
1287
494
1644
1673
189
214
137
90
125
802
35
158
815
1407
302
919
1917
1029
1726
1693
537
1007
1196
1829
491
1289
129
480
1411
1985
134
1613
289
1714
383
1702
1070
1230
712
1192
1748
693
1749
166
222
1062
1641
1995
487
1567
1654
94
1530
1669
596
417
98
1226
1976
1948
532
595
1713
1810
1913
37
1096
361
1987
793
483
250
1187
1224
1118
1795
502
1831
360
1884
1949
937
1724
1195
1378
1385
167
1766
1017
733
1824
1484
754
847
1372
724
1363
1854
429
1633
1323
715
650
16
649
1341
1031
958
207
411
1284
426
1462
763
1392
511
1140
1734
150
479
1653
1794
823
653
669
1817
1120
1108
452
1604
155
1780
1876
1166
1806
1997
1194
1796
1763
1743
1722
1842
380
1746
1936
1243
1241
626
1366
687
1874
1798
1347
957
610
1732
575
66
1898
1912
363
303
1211
1218
1023
816
1951
1694
1288
1624
1427
716
534
1221
1551
1266
314
30
617
1867
996
1547
1723
1423
1208
665
831
798
81
647
1640
1038
1433
1692
500
914
1338
1600
998
1583
425
1819
1881
1725
1762
1214
75
120
1198
924
1697
1580
489
1450
1244
1091
1670
1674
18
1974
1651
814
265
1657
275
1335
319
1548
1451
1952
1430
464
74
312
851
1731
1946
1396
1909
741
654
332
384
640
1388
396
517
29
1303
1383
756
1431
410
1201
696
1967
736
399
441
105
1837
63
1041
1247
1410
469
1823
267
605
717
782
67
807
1598
1088
1590
1756
70
611
1477
973
1931
971
708
1605
47
14
1154
1918
1122
7
757
1904
861
1374
1888
1397
1807
1968
1578
1340
1895
518
5
663
1977
1327
439
219
1649
253
117
146
1708
354
85
1925
1164
315
1488
1314
686
1750
1767
1386
173
244
88
1791
393
336
136
967
1245
1719
403
1510
855
1089
1830
1438
208
91
1905
497
1820
87
1357
745
771
590
949
1449
1138
1321
188
1037
1969
1682
1250
876
203
1057
1394
531
1418
842
834
1729
1377
692
271
751
1772
661
229
1759
1155
1085
72
1329
1105
667
1371
726
601
1262
959
422
589
1015
865
797
1534
946
913
1444
1680
407
477
23
1489
901
147
1675
263
655
1342
671
57
264
1585
1405
1468
1802
1119
102
1984
1858
1185
978
1280
1210
209
1116
1517
774
796
563
163
1318
833
1862
1087
1947
1075
277
194
1399
154
1440
21
156
1061
373
278
405
1927
377
961
929
460
1213
89
324
1875
249
1663
1650
908
1570
897
570
213
1706
110
1092
68
1602
676
1882
780
1591
1012
1297
471
848
1199
1770
1459
819
1379
305
1176
1933
1897
1285
1047
482
1021
1571
1883
157
1698
781
1696
1576
378
1292
164
886
1777
858
976
758
689
1607
1627
274
1577
1079
1757
1658
564
584
1684
322
215
1049
1248
1778
718
398
1960
113
436
627
1358
664
228
300
556
1467
860
1260
1361
1953
1055
38
287
1797
520
151
969
1603
576
1992
311
635
1426
523
345
1606
172
111
364
362
1491
127
192
1793
1740
1612
645
1991
1322
476
201
1068
404
1149
968
818
646
1560
1310
463
99
1850
50
343
149
1620
1961
55
428
810
636
292
912
544
6
370
1575
643
1454
1334
1776
905
1059
1999
1594
210
916
1647
256
597
1860
1747
1413
538
536
1095
513
468
1393
1870
1307
920
713
1994
388
1204
948
1671
1843
1556
1071
1508
1937
1276
870
867
445
579
309
1512
153
1127
1589
232
138
1389
1667
1988
1160
750
1182
881
1659
1401
416
108
926
1769
344
613
385
593
184
879
528
1833
459
1259
1382
1252
1683
1784
813
1275
1332
107
506
923
868
466
443
1907
826
1270
171
1972
1161
1545
621
1835
997
293
1339
43
44
1128
304
1821
205
1282
1231
1595
850
1356
1190
1635
76
1114
1066
1278
351
1355
1111
1513
367
840
1924
744
734
1754
1540
1084
353
1425
681
1505
355
551
1539
1496
73
857
124
583
1592
776
202
82
187
1345
1115
825
979
1279
1618
1981
330
737
1887
852
509
1142
1375
1741
705
1367
987
1630
418
619
269
995
560
1052
1739
9
225
1923
1495
727
1573
1861
549
308
434
994
1803
1728
394
1610
1652
675
288
254
878
1490
972
952
1840
714
1537
1643
112
1464
449
1690
980
1309
846
1103
1781
984
1264
1308
557
321
1238
1097
116
1945
1792
586
1283
433
1207
1328
1614
114
1146
1298
1525
953
1093
1989
1441
510
800
365
495
1501
226
170
730
599
854
1141
195
131
338
473
1083
1027
80
217
1019
1915
135
659
1805
1552
931
368
795
569
1481
1626
837
784
701
1274
1645
1818
1156
1779
1939
1631
1704
983
211
1869
1710
1472
427
1908
64
1699
382
1558
1311
206
554
1516
1078
1200
1773
331
1910
1615
1579
1237
1812
1229
1026
1475
86
1461
1593
700
1337
1293
631
461
255
52
175
1609
470
1557
199
1100
1938
791
381
1586
1751
1420
907
592
1387
1136
514
769
932
1942
1660
1174
1563
1110
804
326
783
20
1384
230
342
261
1239
688
1664
954
902
1815
1928
1180
53
1267
642
728
1986
1045
1290
1482
1717
485
1871
966
1500
526
1504
660
1179
103
945
27
1104
200
472
525
504
1143
829
755
1466
1362
1964
1197
24
1188
567
680
1349
1330
1608
1553
245
1523
896
1107
176
981
545
1893
1611
674
313
358
1700
1628
1788
1135
634
83
616
505
1445
702
1408
955
1588
1971
247
1921
1448
26
1014
725
1932
582
1414
1506
1319
1300
235
1177
455
614
198
1469
1090
930
1826
33
77
329
1253
1518
1827
379
1269
1632
1424
909
1532
1844
933
1054
237
936
389
423
824
1639
1415
1063
1223
628
1147
1113
591
168
1822
1789
1306
1978
604
1058
1483
1574
1655
960
711
699
1934
1596
1034
830
451
481
1753
266
1390
1716
1582
508
888
1202
684
1735
1541
1434
412
1492
435
1346
775
1404
143
1336
690
262
182
180
1737
392
1455
1150
1005
347
658
1973
1233
853
1473
738
22
1521
977
375
1941
535
1470
128
241
559
1890
637
454
1736
805
1799
1352
374
1514
555
799
821
568
827
1597
1853
911
1400
465
97
1313
270
414
625
286
869
1232
743
735
1761
836
115
894
1849
400
93
773
803
1123
1257
233
419
612
1656
1689
1145
1171
2
1447
856
761
841
1299
974
1291
1077
31
1351
54
1011
1701
1865
707
1209
1993
1856
1480
1601
1733
1546
1970
1584
934
474
964
982
1711
1845
285
1744
1519
1846
478
339
438
174
720
34
1715
1543
917
1891
475
223
335
1622
988
1153
677
317
578
1043
1024
1069
1943
1681
1524
437
529
862
893
118
212
299
46
1184
1065
552
566
1471
242
282
1801
1315
561
587
19
1429
1498
1036
1222
1878
1487
376
1044
1738
540
1814
1004
28
236
104
1419
1428
859
191
673
1000
1771
1380
323
391
1863
1634
1168
1132
65
787
1460
1998
448
925
1478
1402
747
1050
748
306
4
186
638
789
629
1730
898
1178
1685
17
1277
1873
2000
921
1493
963
231
1599
196
1920
1001
820
301
1617
100
1098
672
1172
891
95
456
1542
1852
273
1028
268
1236
36
1538
1712
395
1950
1073
950
69
224
1286
101
1637
140
822
1476
1271
598
762
1855
148
571
1025
307
652
60
1216
1022
280
1718
1785
887
160
1295
1672
1564
1102
161
1009
935
1930
1203
1755
986
710
1086
1587
1975
62
1914
1507
670
573
84
786
1816
1623
1958
1499
1417
993
348
1636
1320
550
1527
1642
109
1251
1679
141
794
341
276
1662
662
892
1764
779
1
835
630
1646
106
1039
1439
839
402
1018
1452
498
239
512
1550
357
581
1365
1838
11
666
1559
1048
1040
1035
539
123
