1432 16 102 1422
143 85 273
1318 702 1990
1320 33 966
1308 671 112
970 783 176
931 526 1781
840 61 1482
546 129 222
1313 894 939
633 387 914
1287 1085 1284
896 895 1726
1101 408 752
1339 60 1524
737 176 876
1065 285 1697
1218
394
237
1157
380
737
915
359
535
443
473
1076
627
1137
754
705
1202
192
1082
752
952
911
25
1268
1299
1135
655
662
1271
821
1391
70
190
214
191
475
235
1282
1263
216
293
729
771
36
426
503
120
868
1258
869
631
1196
732
398
939
1112
197
471
845
135
1431
498
814
629
364
173
306
863
1381
318
1212
300
432
1310
95
268
283
825
794
666
123
242
684
872
483
322
1171
1027
290
919
409
233
890
1057
646
1424
786
916
1115
590
960
1264
1200
114
1096
789
1007
12
626
60
186
1425
188
1234
513
337
797
266
400
875
874
20
888
636
457
1303
696
269
64
1104
1216
149
819
1269
619
689
784
683
352
669
1393
310
810
447
41
580
633
889
1238
151
1369
1056
117
29
613
620
470
718
900
499
859
824
377
940
358
1015
820
1309
801
1054
953
954
77
727
383
1045
1012
397
852
964
1026
805
1365
768
98
534
485
1385
304
133
371
1240
1421
1169
240
1237
277
505
1010
826
252
959
206
194
924
725
510
405
927
410
414
1346
129
1235
1308
24
57
1429
164
184
1427
1038
728
3
387
637
165
1333
1377
970
1400
1006
493
776
1102
936
219
628
841
909
305
1432
1204
660
195
107
1301
465
253
153
264
1187
881
565
554
1224
458
486
896
994
280
1193
541
975
4
1368
159
847
1095
51
1351
1253
723
42
775
43
361
10
910
1373
958
71
925
546
906
101
1207
454
1300
901
271
1120
1317
766
828
748
1061
1194
1280
873
813
1195
523
79
441
672
163
115
645
450
507
92
774
19
591
665
373
1158
339
203
581
75
1356
1266
1105
139
234
710
612
731
791
411
688
1036
1412
82
1244
785
1002
604
1016
1397
1323
1329
76
1328
1353
1110
355
761
525
1382
679
651
99
1390
764
1142
522
258
424
818
1127
1122
579
127
962
876
1041
433
1374
1017
1231
108
832
407
89
1428
757
542
128
812
1275
963
850
598
464
1387
315
224
141
673
708
698
1090
26
278
981
938
78
238
763
884
417
176
1018
1245
1178
1192
895
671
346
871
552
904
1174
920
931
180
1403
213
1156
830
289
704
862
357
1383
608
1117
750
699
1388
259
452
733
625
982
49
1051
1125
312
273
14
1107
267
325
1236
528
831
719
1108
1183
1152
907
1060
680
110
1302
403
423
1154
6
515
922
1074
512
170
983
560
90
1134
167
694
702
599
1279
1242
239
109
492
998
295
803
947
155
434
1008
538
140
445
747
1312
658
569
285
1149
1087
618
244
1124
301
630
787
675
145
720
229
858
202
284
676
1343
521
1376
157
379
303
8
199
1131
527
1047
846
84
586
897
1068
1025
756
624
707
257
511
966
1089
976
659
1065
1286
1058
1162
977
1103
1100
835
324
968
215
103
993
1345
935
391
532
332
706
1197
256
86
39
297
437
1143
1114
374
321
653
1021
781
1067
1321
399
616
640
1337
912
1372
370
667
348
854
1389
286
392
595
973
601
663
88
250
1140
769
467
395
792
17
1173
1418
1324
1215
1416
418
1179
11
566
988
1203
682
1139
798
709
138
913
45
736
126
381
609
66
1339
533
55
429
717
745
883
501
1024
1228
336
1384
137
1113
1001
987
1348
311
1225
516
356
16
1307
506
1101
1005
154
1259
335
564
589
1175
1281
1081
951
22
815
179
1083
1347
243
307
695
563
1322
550
368
156
1306
843
681
711
406
1363
162
649
941
390
340
1318
808
1330
866
326
838
1035
448
641
1091
991
643
1030
1311
674
856
382
255
524
40
490
930
497
171
790
262
246
455
1265
1367
431
1370
844
451
1059
456
1297
87
740
50
999
726
1118
967
918
1199
887
668
495
734
1098
144
647
338
21
1319
221
425
472
594
1046
558
1407
1040
375
1064
1410
974
1023
248
985
799
481
81
1420
13
385
760
1072
1043
923
635
823
1050
1201
316
393
517
484
585
932
96
396
749
1223
1415
893
218
331
439
1121
125
384
514
945
183
1163
44
34
1262
59
196
1020
1291
1159
1287
367
1144
664
1147
72
878
421
1123
281
212
700
795
330
1219
1298
1177
226
848
899
606
1249
739
362
1164
721
879
327
693
833
568
1217
857
52
1267
23
1213
685
661
755
372
607
1086
461
404
1344
150
131
270
1334
241
205
323
782
211
453
27
1145
543
416
341
816
811
2
610
1362
657
632
997
1316
1378
908
1331
1070
402
986
929
1136
438
32
551
611
353
806
1221
730
1386
582
648
142
650
1379
807
921
166
1141
67
460
53
1278
121
572
1205
917
644
864
1190
639
686
494
557
440
914
549
602
261
621
198
265
350
1073
1360
880
1222
1
1069
722
292
1375
1419
588
446
1430
408
430
74
654
690
1239
80
861
230
1180
378
175
575
1032
106
334
1168
122
68
518
491
851
623
793
347
232
571
294
989
578
279
1313
780
1380
56
1063
1399
905
69
827
181
344
33
979
1401
788
365
7
463
363
605
320
1003
617
716
415
767
313
553
1080
1336
996
236
1138
1155
342
576
1055
933
1248
1165
957
1210
161
1404
343
419
35
778
622
476
743
536
1129
172
950
116
291
773
642
469
1371
946
222
308
1033
185
1292
545
177
160
1338
158
134
130
1411
249
1182
478
288
1184
61
37
1092
329
38
479
124
1071
47
577
980
1315
894
189
969
865
30
412
1396
1426
1191
1077
519
1359
638
1405
1146
333
1093
413
1133
656
1229
482
1049
193
1097
1294
1233
260
530
1296
204
1075
508
692
1019
1230
1013
1364
829
817
1111
758
1326
276
713
1335
1350
990
892
477
220
369
548
573
765
1254
509
1167
210
1252
779
1357
583
1004
1251
1361
442
834
802
972
687
587
600
100
1422
1409
1052
753
1106
1188
200
1186
1270
427
428
762
885
593
487
1355
296
201
386
389
836
903
746
1284
317
1209
254
742
93
1247
1053
466
207
544
28
85
1088
1406
1243
1044
504
18
227
529
228
169
1288
1274
1208
1226
1246
1011
459
1172
105
1029
62
1349
1256
842
15
584
1166
1272
58
502
422
867
1150
48
898
314
592
539
1342
809
1084
1276
97
1022
65
886
1078
877
1352
949
1314
1395
496
1392
1037
251
488
1130
837
849
225
449
263
926
1332
1211
9
567
701
751
328
119
1048
468
670
714
360
652
1214
724
366
691
1423
435
596
94
436
298
1260
1198
943
520
853
1289
603
1170
1408
272
102
703
1085
772
1257
1241
354
245
223
31
182
5
839
54
770
282
500
697
152
1304
1250
1148
944
735
91
741
1227
995
822
615
1028
1009
349
956
759
1413
1034
148
860
1132
1220
531
112
1414
597
1119
902
882
800
444
937
1327
73
208
1185
376
275
1273
1402
474
345
1109
136
547
111
540
147
965
1340
537
1031
677
840
1094
855
942
559
143
299
804
678
1181
1290
744
1066
1062
561
971
1206
1176
104
1255
1394
961
978
231
287
217
1366
555
955
574
1014
168
462
928
388
1232
247
1325
480
1320
1398
146
1128
1161
187
783
274
562
401
556
46
83
1126
984
178
891
1000
614
992
1354
738
634
1160
777
526
1151
715
1099
118
870
1042
1295
1341
209
351
796
1261
1417
934
948
712
1079
1277
174
319
132
63
420
489
1189
1116
1293
