294 4000 291 291
291 153 1911
149 14 1034
230 212 20
186 132 806
32 1 756
203 43 655
217 168 1133
272 30 1590
99 37 1860
171 168 829
146 60 330
292 151 470
247 4 181
264 20 1989
180 3 1095
171 28 1869
204 192 405
206 25 372
294 127 1510
116 44 1167
163 127 1947
169 22 1489
240 132 1247
88 3 1946
171 92 685
243 200 1227
224 193 980
250 213 1655
44 31 210
266 204 1904
265 108 1449
81 39 786
205 146 864
147 51 98
118 102 137
199 48 1265
289 262 992
246 9 495
142 26 589
146 21 366
16 11 455
223 154 1059
179 6 1052
266 14 266
250 232 1984
168 159 95
268 24 268
234 132 1594
69 23 693
143 137 5
259 214 1537
227 142 580
203 140 322
289 106 398
126 109 1841
190 121 1533
234 78 990
286 138 1239
245 151 787
212 75 1029
267 30 443
119 10 1503
64 46 885
113 74 315
30 1 99
155 7 1510
278 193 1477
94 63 1735
125 71 1020
146 22 1051
161 105 828
106 28 1072
147 122 1372
230 68 406
187 180 288
169 15 1759
159 150 1855
138 31 1336
270 246 1952
281 156 801
181 178 1245
245 139 747
237 45 138
158 4 573
275 117 369
86 17 1923
195 22 491
285 240 1326
79 33 618
246 145 1610
153 108 1165
225 214 646
285 14 90
235 128 1595
74 43 1731
49 21 1384
273 199 204
262 45 1714
264 103 1883
73 58 849
17 1 1893
211 185 478
250 152 1556
265 143 742
283 69 1661
122 21 415
213 152 1044
77 3 410
291 189 971
203 24 934
200 8 1676
246 169 1738
273 248 712
275 116 325
66 50 293
145 78 503
183 114 599
268 185 1177
151 24 852
216 215 1788
204 124 963
186 88 255
154 89 1249
146 139 1769
118 74 1946
261 119 1519
149 47 682
139 23 1846
234 98 1148
231 40 1216
243 118 190
287 23 1518
284 4 486
257 10 1188
179 28 510
148 25 1252
247 150 209
128 71 240
83 13 1330
177 153 267
196 11 33
273 154 1619
186 178 492
62 24 1012
133 13 1487
162 109 1001
281 223 1761
276 195 142
138 34 498
127 15 88
85 67 1021
263 223 1488
293 278 1762
234 151 921
213 98 270
247 207 279
87 17 1870
234 169 395
248 135 1807
204 31 902
236 180 12
197 148 583
220 203 725
203 183 337
210 157 1878
205 123 1952
291 98 1454
224 27 389
207 168 1277
221 101 470
287 270 1211
271 32 1964
111 40 89
69 21 829
243 63 1834
170 161 211
133 14 748
159 36 1696
170 144 220
155 31 848
162 135 144
262 147 1071
267 98 1557
107 18 1133
128 107 1228
190 168 486
140 84 1344
293 287 1035
107 78 1102
280 105 829
96 61 1160
256 175 942
107 24 1891
228 113 792
225 97 1853
164 122 252
292 274 74
151 39 1282
164 92 1279
119 8 1964
255 76 629
211 191 696
111 32 186
272 35 456
203 93 387
112 55 1375
211 24 162
249 54 1488
58 25 495
114 90 358
130 33 329
162 103 546
13 3 156
100 5 1076
280 238 1441
76 37 705
189 63 361
94 51 899
274 2 897
282 67 987
153 48 41
138 25 964
257 182 651
242 43 951
290 16 1640
107 8 658
97 57 1712
254 138 46
232 208 1825
286 110 906
285 2 766
135 127 1880
289 33 1641
135 28 373
207 59 1906
200 104 1147
120 119 925
294 210 1313
109 95 197
241 26 1269
86 21 1487
208 37 988
276 22 1435
184 3 12
232 218 715
265 206 701
251 148 995
246 151 1462
287 180 1594
245 108 15
193 17 904
26 22 538
53 13 653
210 146 1563
243 65 776
209 106 106
234 137 358
188 92 1099
229 208 941
188 158 708
263 36 451
41 25 1537
289 271 619
169 103 208
183 1 316
195 143 1359
227 1 156
227 66 1786
141 24 1473
266 114 443
203 1 659
173 38 975
190 157 1829
178 161 1376
26 11 1257
66 3 1105
243 51 104
182 133 1394
205 130 65
218 155 1454
271 233 854
14 12 203
141 46 1340
237 213 872
153 106 1014
212 79 1116
192 143 1173
151 122 1080
283 83 732
163 155 1809
221 189 1200
126 80 1957
185 27 1457
240 214 1190
217 206 964
285 203 124
272 60 1024
204 44 937
244 90 357
261 232 110
148 59 1716
293 276 1506
269 226 1523
198 20 832
272 207 103
266 243 898
197 110 1064
118 35 646
267 243 735
159 124 1563
277 114 384
292 153 759
229 186 1620
169 66 873
216 83 1093
115 5 1218
201 16 495
290 24 542
240 190 1319
103 45 361
182 66 1452
71 54 534
212 122 315
102 40 656
272 94 1104
242 11 705
292 61 25
238 66 505
168 14 1224
262 103 609
280 54 117
171 21 1859
260 154 1768
246 211 146
289 168 591
229 89 347
170 38 1952
236 1 1476
179 151 1268
158 134 681
275 239 486
210 67 542
75 34 1837
67 11 613
205 26 656
262 44 246
282 101 1634
182 127 810
126 56 1416
169 168 273
212 68 1450
111 51 333
65 8 1189
212 145 1731
92 19 920
163 64 140
245 165 843
142 43 1021
124 96 1033
150 101 795
268 96 1043
121 109 1005
272 87 937
67 3 1444
213 192 1964
186 7 556
75 33 350
284 79 1375
203 36 1
147 7 1862
123 67 20
123 96 300
270 213 759
273 244 333
46 38 241
279 180 1149
264 166 578
277 153 1884
293 193 1755
162 121 1853
207 79 1942
262 11 580
150 107 348
258 217 1546
63 11 1563
211 173 735
260 218 1752
133 46 784
235 37 343
81 76 1392
182 125 494
257 252 1953
248 10 560
253 76 579
256 36 842
153 90 39
116 80 1351
256 197 1788
277 22 577
263 97 1632
128 97 1965
192 115 755
206 31 821
263 53 461
230 25 1191
294 24 979
48 14 784
167 121 55
91 27 1511
136 110 39
215 137 642
64 19 228
152 67 876
182 59 637
294 170 187
71 64 429
177 19 1616
88 41 1239
162 129 996
258 155 532
162 102 836
203 117 1993
135 104 620
234 182 84
258 47 1842
76 39 1347
223 138 1175
144 59 1198
170 136 490
194 89 1202
247 148 1759
54 26 524
239 4 206
163 25 778
168 3 907
277 125 395
207 93 897
32 12 56
61 20 1863
49 16 904
286 79 1009
201 7 362
270 146 1353
181 5 193
172 86 1790
245 66 1756
219 69 1277
211 98 642
284 159 773
140 75 1925
74 13 478
258 243 746
249 243 237
234 153 164
96 13 215
136 75 1254
75 2 753
147 144 891
184 61 1380
189 172 1223
139 102 928
167 49 1186
155 66 867
258 37 1936
234 171 968
278 83 290
202 81 1030
113 59 451
241 39 1942
252 207 1513
152 123 415
220 127 1576
124 100 930
180 103 1850
63 24 927
148 41 595
142 52 1593
187 131 888
114 73 1526
264 34 1332
59 7 1109
221 9 237
249 102 1343
194 117 562
208 72 1077
269 259 904
290 248 1008
281 211 432
239 73 715
250 8 819
293 115 410
73 44 176
286 80 1335
203 178 1435
170 113 1817
246 36 1318
228 144 1547
115 92 1745
252 70 143
261 37 1860
148 72 1849
40 28 708
239 189 1239
262 152 1383
147 69 714
230 35 1856
87 59 173
185 30 729
282 234 803
223 217 756
239 236 1765
291 30 597
223 220 1457
182 131 413
189 60 1917
275 247 393
279 26 903
36 32 363
289 272 686
260 166 1953
158 124 1608
168 62 1520
146 35 136
199 173 50
289 59 62
262 119 1766
135 34 1428
190 156 576
56 4 232
239 215 407
242 39 279
218 151 221
170 65 1709
264 23 1068
238 235 1078
231 137 457
135 77 1692
182 56 840
222 28 1474
103 7 908
113 3 1027
267 233 1156
272 38 826
201 63 1798
238 52 872
196 19 326
225 17 1943
280 195 1434
169 93 506
273 86 1825
36 20 485
188 66 1210
161 4 1629
272 98 162
290 179 3
67 63 1656
292 244 1459
143 97 128
226 78 722
166 158 1366
265 198 269
253 15 1310
115 9 1441
133 91 979
169 60 543
244 6 800
250 134 70
279 71 1856
195 87 124
134 120 812
59 5 123
81 25 1990
91 31 1991
263 193 1639
278 120 1613
238 226 1509
166 53 829
126 88 1195
226 30 788
261 156 14
290 222 182
249 61 1982
209 207 1787
158 133 502
288 56 1115
137 122 150
78 55 647
47 15 911
249 133 623
290 177 1479
160 27 748
78 58 1597
245 47 1249
260 223 1765
247 64 1457
149 96 1687
270 154 315
257 187 1566
227 197 1420
132 75 936
259 152 256
187 92 1659
79 55 1016
231 113 1882
269 85 1818
88 80 1413
226 92 1915
236 29 611
206 63 18
289 211 924
110 22 699
257 8 560
262 185 35
222 32 1541
196 53 1127
228 17 586
156 136 384
266 150 1684
179 42 898
198 143 1452
268 65 198
88 75 351
280 21 609
248 82 830
31 4 1539
85 16 501
114 109 883
211 90 648
275 61 924
67 19 1244
273 100 360
272 229 111
229 164 1093
168 89 1933
284 172 951
265 223 1111
35 3 1034
50 47 1167
262 35 832
176 1 1611
242 72 376
249 101 221
185 114 141
248 81 204
191 118 1963
169 25 1322
264 136 1153
269 86 1010
206 40 1950
161 100 337
271 12 139
212 160 303
36 33 1020
169 96 1590
289 38 216
292 28 1607
248 37 964
206 64 525
200 148 423
52 6 929
125 61 1320
237 156 1812
186 45 1749
279 35 1676
131 58 183
263 231 577
91 83 1344
137 125 1021
293 143 1690
191 156 1069
265 231 678
195 45 1952
281 141 1179
135 116 1155
160 57 726
188 165 1494
100 2 1359
187 98 1688
66 56 718
226 210 1429
253 90 661
215 42 1912
285 144 1791
179 90 929
260 86 138
263 211 1019
272 162 1560
165 140 728
93 88 802
100 60 479
285 166 76
221 18 66
172 63 361
184 104 1664
142 27 954
191 48 956
231 109 642
169 56 555
277 194 1470
271 35 360
206 126 1012
291 286 1277
139 10 873
197 7 1063
290 113 1677
162 131 180
141 132 1161
285 165 459
274 239 1189
275 73 1206
286 285 1963
232 47 1570
113 61 156
205 1 1844
251 123 1740
288 151 762
80 40 1102
294 75 1738
222 123 307
44 27 1414
274 189 1580
124 119 1634
201 32 373
187 10 764
287 7 788
115 24 1345
218 35 889
208 94 961
163 59 1060
233 83 1753
256 219 1846
205 81 52
227 42 308
276 83 687
80 33 628
138 114 1831
289 210 235
183 179 1737
116 104 552
86 23 1017
166 43 1649
196 112 367
291 218 1864
285 257 1728
165 16 1971
243 89 139
69 41 1353
240 115 1929
227 88 1914
208 57 1214
140 134 1120
99 73 1068
293 257 1608
77 25 1717
182 100 1592
221 206 1034
277 264 1917
204 69 870
203 170 663
213 209 1045
282 52 377
284 185 1137
203 193 368
119 28 127
250 119 26
167 47 197
165 81 28
271 41 981
223 46 950
53 7 703
129 88 351
291 46 1087
292 34 241
147 49 1801
185 9 1882
112 21 966
272 43 1636
203 182 436
165 38 547
120 26 144
100 68 910
59 45 882
244 101 1855
286 15 1165
123 9 1544
78 76 672
141 114 516
273 268 1031
268 47 1051
163 129 1326
137 95 297
118 28 1120
210 199 609
234 192 528
151 34 625
287 155 1965
164 2 1067
255 53 1859
240 124 1544
150 58 855
247 142 476
85 6 521
273 34 153
45 40 1281
160 3 359
207 125 1238
60 42 1261
165 91 1413
221 207 410
261 201 646
256 211 810
69 43 1825
158 84 372
226 159 1197
262 125 508
242 231 738
274 3 370
294 264 493
56 20 1219
263 22 1539
238 121 114
201 42 1463
151 105 456
221 116 1205
103 41 756
86 57 773
49 46 1347
252 213 346
279 255 1301
198 186 1686
241 181 1374
199 152 826
272 15 437
244 87 1948
279 80 1481
173 172 1525
209 205 55
234 124 1234
267 120 1428
245 204 577
230 203 683
127 78 1553
99 30 1432
143 73 259
169 39 682
199 27 1680
285 62 1985
201 123 1132
214 213 506
113 43 700
272 136 657
263 256 639
143 10 145
44 7 1286
255 231 1833
293 176 1793
153 97 1979
222 84 321
208 154 598
258 161 719
77 22 122
73 17 1128
189 117 1077
158 77 997
57 19 583
143 74 554
146 23 84
189 2 622
94 60 1817
271 203 713
172 169 852
123 19 1956
230 117 1127
195 116 540
247 44 242
150 24 1385
149 33 934
208 5 1099
188 109 1000
290 208 201
292 233 1018
124 108 1930
262 241 1522
134 23 1189
203 165 696
125 34 683
246 116 94
123 56 1201
204 59 214
241 32 2000
192 108 1445
195 144 112
124 53 1977
204 39 357
238 108 377
224 52 1271
274 95 1506
255 66 1470
167 67 412
79 59 1992
186 78 575
290 243 933
185 3 981
231 230 245
184 173 770
272 46 1425
172 4 1415
258 201 1070
154 81 1567
233 215 822
149 8 146
283 255 877
138 32 1117
249 78 257
130 48 505
273 204 389
285 208 954
114 70 1142
262 53 1120
209 140 1587
236 144 478
247 132 169
217 18 1085
169 31 844
117 12 961
221 197 1603
72 28 455
159 3 811
206 130 1285
258 210 1627
158 60 510
218 134 1339
163 93 1675
214 180 1602
173 97 692
213 182 1816
235 222 1250
195 112 476
286 166 1785
130 85 1479
289 203 698
227 26 1250
169 151 1256
134 2 318
232 195 1669
285 89 1187
249 68 357
279 19 1826
278 36 869
282 83 1938
202 117 785
54 49 717
90 2 547
122 65 1409
18 3 352
271 267 63
259 135 620
171 40 858
147 113 98
242 119 428
35 27 129
218 1 1304
178 101 1164
109 93 1069
286 212 101
134 117 1748
169 9 91
179 17 419
288 269 1257
244 206 56
214 182 1341
218 109 1221
219 218 729
260 142 1408
218 37 1214
253 13 457
233 219 692
167 134 90
250 34 1884
274 162 502
258 216 1956
131 85 1306
171 90 1899
51 1 800
294 186 1284
267 94 466
228 41 1910
147 94 1468
207 200 1550
194 78 1994
77 11 1312
123 46 504
274 128 515
82 48 285
207 18 1287
209 71 1458
177 36 1054
155 106 1140
105 91 453
265 194 1987
184 124 638
291 219 1568
207 151 1862
97 93 853
209 112 1452
114 84 1837
264 252 1478
193 188 821
106 18 489
232 143 1610
285 209 385
91 4 819
219 160 1806
283 56 1812
238 229 385
268 98 115
202 37 551
135 19 1467
141 17 531
239 234 1724
257 67 1668
51 18 1163
283 240 1457
181 30 1253
149 23 1239
267 35 1445
160 158 1686
205 89 1830
92 16 651
248 32 872
285 161 908
246 85 988
103 101 1174
286 220 386
145 95 1441
151 133 193
264 107 1496
294 211 1624
177 47 882
50 32 1029
263 20 1057
142 37 9
174 151 1981
73 54 1075
197 6 1353
175 170 669
258 20 7
226 98 1665
228 191 459
195 167 1055
206 67 1165
163 42 69
237 157 1511
253 95 1488
254 157 1147
230 129 290
283 177 773
271 68 980
262 23 342
187 183 1775
149 15 1638
262 246 1663
123 1 1033
260 14 384
237 23 492
178 60 1727
190 163 954
213 81 1403
180 93 757
243 235 1571
226 213 1175
286 172 1452
37 30 1797
170 45 1034
283 67 1021
52 21 1816
137 68 1227
267 87 1176
220 70 1017
235 110 816
157 141 1011
259 190 99
161 107 1479
70 18 193
191 12 1588
134 19 1356
235 106 65
236 9 1504
114 74 1206
161 1 1407
133 30 1012
262 58 1098
236 59 1679
120 14 157
187 147 137
178 93 1044
272 261 1166
266 219 153
72 47 545
278 274 565
272 160 1940
285 232 175
262 153 420
121 67 1138
114 57 487
227 113 15
154 70 1259
175 16 1206
239 80 190
292 136 1806
31 13 910
191 89 1629
271 155 1061
75 72 837
279 222 472
151 92 814
157 72 165
41 12 371
108 69 1517
111 64 1374
183 76 1244
231 209 1008
272 16 1240
270 182 1863
251 152 820
174 61 921
91 75 722
94 71 1800
176 128 1449
233 97 1103
186 13 1958
243 202 1288
263 68 69
238 160 431
82 1 1027
281 178 1465
151 5 1243
142 103 18
283 268 1317
273 37 274
185 98 605
285 192 198
197 163 1312
252 192 1017
213 202 228
274 141 1052
287 10 625
199 67 1443
115 30 1451
108 11 653
150 19 1108
261 47 1516
151 65 1199
163 69 1761
273 28 1104
253 199 1975
47 46 646
29 3 1169
230 15 1900
190 105 149
281 52 1064
32 26 1388
246 157 997
251 116 1612
142 104 1466
195 137 1068
166 38 1898
144 95 369
266 112 1546
90 87 1236
261 117 1744
77 13 1858
226 150 1593
189 79 338
164 30 1382
273 131 129
109 94 1415
51 8 862
108 47 1645
104 39 290
289 42 1075
173 87 1794
138 6 80
162 4 1058
294 282 458
200 120 1901
29 19 1983
246 183 1974
208 19 393
196 147 1725
159 108 893
93 60 535
217 145 864
237 230 1273
205 188 314
263 236 1535
222 89 1709
267 116 1993
277 209 423
206 191 1012
135 75 113
85 5 1752
273 192 1672
241 42 1295
289 205 1155
97 43 1006
97 21 156
178 40 1514
231 55 1548
278 102 735
251 30 730
292 156 665
133 67 1313
183 180 1057
265 189 896
233 114 1366
294 132 1152
51 21 1903
263 81 1878
238 188 338
74 55 1295
108 82 938
184 27 1358
289 4 1441
87 69 958
286 153 197
288 16 1606
198 183 660
100 94 1631
201 177 510
280 18 1044
246 20 344
142 98 787
261 187 113
237 7 1914
195 33 1910
255 116 1793
276 118 519
270 145 244
231 64 1676
243 122 573
235 231 60
293 146 1098
245 240 1887
60 1 1447
118 117 1584
196 193 51
91 12 1513
153 36 1689
260 215 1107
133 77 214
207 105 706
174 63 1596
170 7 87
286 173 1782
202 151 22
91 50 626
266 237 1761
190 122 506
196 16 622
261 249 243
146 142 850
166 48 1153
248 171 410
88 77 1914
187 135 1943
217 150 1918
194 42 435
250 63 1338
97 89 1931
68 6 1175
222 166 846
139 103 528
244 169 351
150 8 1353
294 216 428
38 26 1376
262 220 1257
252 36 119
294 172 1372
255 121 1678
113 30 727
238 143 228
273 260 603
112 80 693
213 51 1124
193 168 983
87 27 1587
253 244 1636
266 50 256
227 213 276
173 5 120
266 53 1593
151 138 488
271 158 915
209 58 281
242 196 949
221 71 59
281 239 1648
196 29 83
174 87 1846
144 23 650
225 205 1131
208 46 1466
165 68 981
197 64 469
278 73 1474
284 164 1736
261 157 327
157 75 509
276 150 703
164 43 1667
63 47 1201
247 61 280
91 87 1088
197 68 949
196 73 1717
265 202 1529
164 79 1998
127 72 536
151 110 218
214 104 603
261 26 1432
143 79 144
66 55 1287
275 89 704
218 87 1010
289 253 1698
283 117 322
282 56 592
18 15 184
178 52 222
127 111 965
158 14 1189
261 214 1250
215 3 1995
273 195 281
101 31 901
231 207 317
277 261 1081
260 118 752
126 6 962
207 144 159
253 117 794
265 115 1555
51 7 1823
192 59 1811
221 81 724
285 188 490
80 77 1572
226 83 97
262 188 1903
188 4 1607
280 155 1923
226 116 511
265 53 662
235 12 1485
132 51 195
187 56 1865
284 131 1548
254 71 1378
151 142 327
243 183 1463
227 15 1966
81 45 719
281 228 1664
145 6 801
293 217 1845
120 33 836
124 109 463
248 159 1594
141 66 498
103 73 251
96 77 1521
162 152 1853
97 92 1941
111 74 1390
262 157 964
150 39 24
174 132 320
252 34 176
174 67 1268
172 20 203
254 122 829
259 35 449
177 58 114
280 226 363
233 146 1744
219 179 75
218 33 1846
237 178 1902
176 40 66
293 100 92
78 8 1214
264 262 1188
206 76 632
238 83 1682
208 85 97
185 80 69
198 17 1684
269 82 1027
203 197 622
149 128 647
111 60 1696
212 66 1291
253 195 968
268 84 22
121 25 1279
186 180 1874
204 41 467
224 63 834
286 43 384
248 60 664
61 14 1117
282 94 1472
242 163 829
106 17 1695
108 101 1525
165 12 1832
221 113 1071
103 59 1058
159 70 1932
294 39 1050
228 82 817
257 159 1634
285 164 1873
106 99 1221
110 95 1158
253 78 353
248 181 424
254 48 1852
198 97 1120
276 238 1375
223 103 1511
159 49 1198
106 21 23
175 109 462
290 229 1315
223 193 356
114 2 1873
252 186 1631
115 75 142
188 100 1611
291 150 1895
143 122 907
294 231 983
285 284 1997
267 5 1475
152 71 1148
85 18 1349
288 246 1168
206 66 1393
217 71 379
289 280 729
79 74 438
264 260 1569
276 263 1501
166 27 534
282 202 906
262 195 275
56 44 282
237 172 173
191 17 1754
228 120 710
166 93 1501
233 23 1916
166 162 552
154 122 143
223 190 1487
236 219 943
85 44 263
173 105 1385
102 24 23
234 209 218
186 44 165
193 29 256
119 64 1625
289 131 1412
290 41 40
151 45 1269
194 62 853
237 91 1016
263 182 437
213 155 1198
176 146 1136
215 140 1861
261 88 215
279 41 575
189 18 542
246 65 1216
221 103 391
205 98 1722
73 49 434
82 23 1231
85 29 1395
263 49 99
282 154 1190
262 218 1033
255 89 749
250 189 894
265 61 670
275 256 700
288 131 811
287 185 486
293 150 1478
177 108 952
193 161 1420
206 202 125
178 85 1571
291 44 1167
293 175 773
109 44 1758
220 139 801
140 13 571
269 87 13
276 242 1600
86 6 24
257 36 1072
164 136 1609
248 128 1519
201 56 363
164 95 1052
236 101 452
199 63 669
110 29 812
120 48 1351
217 45 1432
213 60 11
178 45 623
288 135 912
278 28 1902
147 106 446
132 91 633
134 48 865
239 211 750
254 124 721
239 108 1947
70 27 18
247 158 601
283 151 1256
268 117 1037
173 137 1310
294 219 1238
273 171 1420
249 35 754
251 247 223
216 110 210
146 109 713
207 184 1128
216 133 271
116 74 1859
159 44 42
240 222 1304
230 152 1763
98 78 1678
127 49 1151
193 11 1567
65 1 636
219 130 143
257 189 1316
177 162 1063
187 86 394
50 35 739
265 176 416
173 110 1799
52 14 503
233 14 1601
177 61 365
236 40 1310
259 58 1104
253 34 1032
112 77 1670
101 11 1285
219 94 1498
129 70 1906
250 171 860
229 45 1368
291 257 531
220 15 1579
187 109 1089
170 130 1842
145 122 147
288 74 413
224 76 981
186 2 523
203 15 96
188 151 1689
248 229 971
181 171 1157
126 63 1791
177 132 1188
270 47 629
279 65 922
231 36 250
119 46 1790
288 209 190
131 116 1080
146 80 1553
213 180 21
154 152 1960
211 26 1324
148 141 645
158 148 1304
157 93 1224
287 219 104
228 198 1102
171 62 238
278 92 842
225 39 503
279 2 141
160 73 204
272 132 878
272 58 284
150 111 1138
219 150 1451
58 9 416
240 122 588
225 30 1508
277 25 212
229 197 501
163 111 547
206 70 699
225 43 650
44 32 1355
162 32 810
120 72 1718
206 51 1282
202 182 504
84 34 1989
276 17 1363
125 50 42
132 24 458
260 229 195
260 35 881
211 96 229
236 42 401
270 17 446
110 47 116
273 266 1478
263 41 1641
87 84 1039
257 131 523
126 35 137
280 216 1657
256 242 199
219 16 1256
153 136 1508
178 56 798
207 169 1048
183 45 533
176 53 1607
209 25 1797
165 164 583
84 32 1727
117 83 58
171 142 1991
140 138 530
273 191 888
227 2 384
255 133 71
89 24 842
256 121 90
97 96 967
216 9 1207
156 42 1412
265 121 1890
96 60 1282
220 216 1168
126 123 671
103 86 1500
272 139 930
194 96 1014
195 23 1054
134 58 241
25 5 1531
178 108 1563
169 113 89
185 151 375
196 15 604
257 63 606
106 29 992
208 165 1819
216 161 1533
246 75 1792
141 85 12
257 62 566
284 247 125
254 203 1873
201 1 1848
54 43 820
224 60 1147
159 103 1087
130 122 1347
281 41 1113
195 126 685
137 108 651
123 95 1291
240 184 948
149 82 732
111 93 1280
94 62 1607
102 29 96
283 130 1075
165 148 675
130 108 1363
201 81 1878
273 10 1685
158 46 944
255 181 860
132 82 56
164 19 576
214 179 360
93 9 1712
155 60 1082
174 100 532
162 83 508
198 193 526
291 243 1524
258 168 1944
192 170 233
227 69 398
192 95 1038
171 87 233
248 63 1782
282 129 1957
234 99 414
214 14 1124
294 279 1230
250 55 975
247 198 145
66 41 304
288 25 1724
201 23 565
264 126 1012
224 157 1533
171 33 1967
261 231 1221
110 66 89
183 74 890
114 52 502
224 147 1629
127 38 444
164 140 1903
291 132 1146
104 28 1792
289 63 1798
281 34 960
125 17 1835
162 77 1086
224 160 1317
179 93 1007
275 125 414
283 52 104
130 10 899
282 242 837
168 104 1008
84 25 1665
51 34 106
117 108 804
286 28 1612
167 99 1676
174 121 703
255 118 1302
215 30 1641
281 50 575
153 89 335
178 25 1834
191 109 1877
270 164 535
77 60 202
198 54 389
276 214 1809
98 59 1260
257 234 1833
287 119 1754
288 241 286
284 227 287
230 70 422
163 102 1595
194 102 158
210 167 1369
70 66 95
48 4 603
161 90 625
278 72 1954
183 58 161
105 72 171
181 116 1187
76 59 1043
294 263 432
216 206 400
243 61 1243
201 82 456
132 80 422
198 161 936
279 153 641
116 40 932
184 174 829
243 95 357
145 19 1848
24 18 1953
267 187 104
269 89 258
258 109 1492
52 13 900
290 216 1230
271 230 1384
215 64 1187
252 79 1017
206 23 1882
258 198 1602
153 134 318
227 157 143
158 36 1875
35 28 431
161 160 1800
245 16 1411
281 189 1595
293 229 1218
168 98 318
260 182 1581
143 3 1882
118 32 1415
250 125 393
234 57 46
151 8 863
170 142 1251
111 69 771
123 3 1878
255 155 53
283 8 628
273 137 323
278 153 1702
203 65 172
193 154 312
12 2 1728
96 12 756
289 52 1717
270 64 894
130 71 1695
176 48 739
236 38 1283
86 29 316
277 15 1210
169 95 1292
266 15 497
79 35 1798
197 137 109
120 103 562
287 162 1006
228 15 1922
260 161 1637
246 205 162
186 177 1141
64 6 884
53 9 993
175 31 1861
143 72 1333
193 58 1999
154 129 326
25 16 1933
162 144 1946
139 133 1750
82 32 1955
245 212 1513
240 34 951
267 48 426
165 123 1314
294 276 826
91 72 611
287 20 231
235 163 541
288 10 493
155 9 621
169 63 530
205 74 94
220 124 1713
199 96 1227
96 33 193
213 105 1942
238 179 806
152 89 1211
231 83 1267
141 33 1358
194 21 412
229 146 958
177 119 1816
112 20 1589
265 238 1651
247 9 502
117 20 1456
140 28 1127
110 97 582
253 212 1535
129 73 1717
71 28 1325
162 150 1239
205 17 170
120 78 1688
163 147 781
189 94 1644
258 123 1060
51 19 803
155 148 1197
110 105 364
195 106 1534
172 123 781
267 69 297
176 60 254
73 69 1640
237 211 446
142 92 1380
59 30 702
250 181 765
204 30 1087
85 83 1970
189 182 1062
218 194 588
191 71 568
293 5 1294
42 12 884
263 4 1623
162 149 1103
258 19 946
157 136 1355
260 95 660
248 203 1887
276 193 897
193 145 940
148 143 1280
208 149 868
218 156 1647
270 6 930
192 2 158
227 172 975
79 49 1811
252 51 615
289 181 375
288 155 534
280 110 1407
239 129 458
223 218 709
153 43 1909
26 21 408
144 50 1706
114 76 1032
167 103 193
260 180 1698
269 174 1245
189 140 1492
288 252 1448
136 134 1285
110 96 1513
211 39 1200
241 35 1495
191 83 1981
212 136 1714
156 97 819
291 278 1176
160 132 347
188 89 351
218 36 32
105 52 1015
127 34 1788
169 162 1769
286 276 646
279 57 1356
143 100 655
271 16 372
135 50 1132
159 137 342
240 145 598
107 86 631
97 39 1275
105 34 120
47 44 455
282 115 973
236 94 899
281 184 427
140 82 1597
132 111 273
275 66 661
176 139 32
247 110 63
167 57 1253
113 63 1512
250 146 957
87 4 665
237 161 294
158 1 1612
226 114 1415
136 43 520
176 67 851
260 134 1831
290 261 327
128 127 1592
164 51 1280
115 20 1890
289 11 735
292 109 1722
181 3 749
255 32 1305
191 147 1764
25 13 956
260 22 583
168 126 342
271 67 1952
160 147 1875
254 223 1944
77 55 154
278 50 668
249 16 408
205 4 1440
271 128 1234
195 191 1087
247 89 1113
168 128 1729
254 170 797
237 28 912
274 202 541
282 136 600
256 115 481
235 105 220
185 154 613
30 4 1810
269 21 1462
215 17 1404
57 37 1256
113 60 1857
290 145 926
191 88 1600
109 71 652
246 218 181
94 66 150
268 203 484
239 229 165
149 85 1557
195 70 983
81 11 1460
172 124 1140
195 3 1105
118 65 319
170 135 1771
251 81 607
269 203 1117
211 132 1702
158 116 1736
164 156 1937
197 54 1519
209 126 1137
284 151 427
266 45 1127
282 198 223
277 201 1977
196 82 1725
163 56 72
280 241 321
163 82 1312
190 153 499
120 36 1898
234 12 1518
261 14 1661
240 120 636
267 197 1637
171 158 1738
269 117 828
101 75 969
232 85 1462
235 108 692
265 131 1947
191 170 1643
145 22 1616
122 99 1374
232 16 1555
239 25 1736
209 174 1572
244 91 655
206 184 507
199 2 919
237 169 712
230 161 204
93 41 695
227 195 1456
255 106 958
258 172 1167
154 39 942
244 182 1500
228 59 1009
155 81 539
140 129 1995
272 179 953
155 71 1552
293 221 1873
155 88 547
178 135 550
198 118 1808
79 34 1141
140 32 1849
188 48 1784
293 136 992
285 24 743
214 107 724
240 188 1443
165 61 1784
192 23 1484
285 100 788
242 211 994
87 31 220
125 49 367
258 55 727
249 62 485
254 26 287
121 111 1490
227 98 517
214 93 169
154 119 1461
240 127 1589
264 254 368
108 35 279
123 13 490
263 215 63
263 25 410
169 5 237
293 199 963
273 36 1660
245 40 1625
116 28 582
80 30 1521
139 94 470
160 155 1443
111 5 1857
211 163 1801
94 87 1465
279 258 722
232 60 482
283 90 532
176 50 1369
284 116 544
227 196 981
170 101 1888
199 43 86
231 143 1351
139 99 217
224 191 1578
67 31 573
186 182 185
258 14 1751
220 117 809
251 245 1242
275 185 645
250 151 285
170 91 1942
189 183 399
243 86 1959
77 73 1972
114 42 658
59 12 1363
139 32 1309
218 121 492
256 200 1779
253 60 404
111 91 1132
229 203 212
209 197 669
287 85 696
229 58 1040
273 144 1548
183 46 1394
146 76 1776
193 22 1226
200 51 1051
199 45 1598
211 174 1146
50 13 1844
144 67 1120
203 110 494
220 5 1261
283 73 1676
77 28 661
258 146 332
127 87 1824
45 32 600
176 173 1211
200 3 555
167 48 335
277 269 1693
259 140 1332
253 149 1681
220 141 304
128 12 1456
239 30 617
210 109 446
200 154 317
129 33 1276
122 62 1230
256 202 782
256 168 1912
258 188 1092
191 169 1105
277 223 1663
254 249 1833
274 36 1024
85 71 1767
124 29 331
174 42 1556
207 158 1964
281 14 1367
167 154 915
134 101 1633
163 62 207
93 22 89
209 90 1284
48 12 788
243 107 1798
150 28 1481
263 21 1103
270 230 256
284 278 577
171 45 312
285 69 428
136 34 1941
122 3 1806
218 23 1376
225 125 1060
65 13 1973
261 255 596
153 76 301
59 29 1271
153 54 465
66 39 821
93 14 822
227 77 1156
118 36 50
236 37 647
292 79 1950
48 36 1234
217 208 1295
235 190 524
159 93 1204
198 140 1696
166 18 299
213 142 950
258 204 838
245 138 918
155 12 683
233 69 661
54 31 181
202 100 286
245 83 702
223 178 467
86 65 1555
146 97 581
235 82 1223
236 61 246
177 11 1842
288 226 176
261 28 302
129 57 862
180 107 806
218 176 1388
279 244 47
294 189 1393
110 46 1656
266 134 342
261 96 308
258 133 1208
102 50 885
187 95 660
279 151 1396
149 24 307
245 50 72
107 41 1741
139 97 730
40 18 340
150 67 236
154 117 1427
281 7 673
204 177 861
204 169 357
219 75 1278
198 96 662
226 42 1864
181 141 655
178 102 384
59 39 1357
259 69 994
260 210 677
132 67 1675
273 152 219
140 115 648
130 7 673
214 62 1732
269 197 1614
254 16 642
62 42 1780
201 148 912
70 35 1455
272 141 1888
71 60 48
205 119 1416
143 129 1778
226 12 1546
172 93 14
186 110 1690
211 122 244
257 192 969
126 60 427
275 160 1448
212 164 835
204 48 242
234 90 1456
172 145 412
159 152 1177
151 91 1872
232 36 732
132 110 939
128 62 358
42 6 613
256 84 414
281 253 874
281 180 121
191 149 147
189 150 1585
74 42 104
208 44 240
86 52 1487
220 55 1688
247 71 346
293 184 1594
249 154 1523
228 5 1706
262 252 1851
183 84 13
202 109 1226
240 219 1666
240 191 1063
109 23 1126
286 3 974
234 109 1339
242 56 637
292 218 1250
20 3 1197
161 62 722
201 85 795
241 213 1473
140 39 946
139 110 649
177 80 1858
276 105 1039
279 229 1353
245 191 1643
268 176 909
79 65 1601
214 11 1555
239 22 835
240 86 1724
40 13 53
154 33 287
192 1 754
212 99 377
279 254 1982
228 71 1743
51 36 219
282 259 1371
202 148 855
183 102 1731
204 34 1995
75 9 1860
194 172 4
143 1 1587
281 241 1204
187 42 881
236 17 314
254 225 23
247 146 1572
153 95 1232
204 32 537
227 27 1494
291 272 1248
249 1 990
284 142 1836
220 93 1752
206 62 1371
245 172 658
225 131 1244
286 67 1535
274 77 794
221 12 1119
243 103 455
127 124 422
249 63 699
58 39 1916
214 35 1222
30 17 344
109 20 940
93 79 18
197 11 1021
144 81 1734
258 251 610
247 183 441
123 94 722
58 54 1070
210 10 377
179 143 1937
279 53 780
201 37 6
263 226 1036
275 243 1295
88 33 693
241 186 1509
142 132 1662
74 45 1489
49 43 835
115 100 979
294 275 550
111 55 882
218 187 1909
244 45 965
275 213 1286
138 46 1372
243 204 857
181 23 93
151 109 1095
111 96 65
83 74 539
260 89 435
250 184 1035
93 30 1080
160 68 1924
209 191 1493
153 88 1386
261 41 1248
187 182 1690
153 92 701
43 34 1654
272 239 38
211 10 1477
110 71 449
136 24 966
241 128 481
201 124 1959
179 86 623
126 46 1391
290 89 31
207 14 1531
159 73 1871
216 192 1901
255 230 1654
115 50 1431
228 29 1725
267 38 1186
122 28 41
270 38 1394
204 71 684
103 62 1707
182 44 202
103 35 855
179 98 1285
172 116 432
232 153 414
267 245 1199
135 87 876
200 142 471
206 121 1838
81 55 772
138 22 494
171 44 516
275 14 892
116 77 1283
212 91 1518
293 90 1521
204 94 67
94 19 33
280 261 959
180 169 1796
239 47 1197
283 9 971
138 13 96
45 18 1208
253 240 1366
135 20 1434
195 63 854
151 107 1487
163 161 1889
110 74 1449
191 100 1155
221 132 1820
240 204 1619
170 126 1797
281 249 1461
247 22 676
173 159 1475
206 52 805
127 104 172
92 10 1633
257 149 126
228 199 149
284 132 1894
282 132 1897
288 147 1002
182 26 902
190 111 1135
234 224 1792
237 117 1152
239 200 230
115 40 128
40 7 1439
198 71 1392
294 187 1830
158 155 1303
72 7 519
235 174 120
235 220 80
203 179 227
90 41 1998
150 96 1265
265 47 1755
202 53 782
121 99 1205
105 23 1626
254 186 398
281 16 902
216 73 1826
268 188 354
292 237 1120
243 31 1702
248 138 715
195 164 519
222 184 348
226 71 256
151 62 1847
220 73 1727
184 70 1424
294 271 1448
115 99 51
282 164 219
262 90 892
187 185 1477
68 10 1697
289 102 1695
269 6 884
174 126 839
261 216 847
134 116 325
142 99 1337
128 78 196
175 40 758
157 103 843
218 51 750
243 210 1813
253 128 1990
117 113 763
258 16 532
160 62 1344
210 173 1814
253 54 699
149 92 66
291 62 255
182 80 469
240 40 1530
137 117 39
124 7 1408
167 4 832
264 157 1479
277 28 811
43 38 1927
215 112 1951
92 62 425
285 68 1885
150 16 258
208 147 911
269 59 1451
286 241 958
272 12 1743
291 174 126
274 146 318
188 169 1315
104 76 346
162 47 1074
170 15 1983
243 76 1730
237 46 1361
120 99 1141
257 1 480
183 2 1982
174 20 1091
294 37 156
108 66 1060
225 132 965
278 118 1450
290 73 1154
254 107 1144
236 154 130
239 159 304
142 36 1384
294 199 234
281 179 1816
207 114 719
222 178 1420
146 133 1116
92 69 802
32 3 603
155 22 485
93 43 1264
242 238 171
240 2 1655
115 49 996
265 229 1185
217 77 1507
138 112 863
74 52 1974
92 53 879
180 136 711
232 40 813
277 64 1365
143 75 65
147 58 1409
169 41 440
291 136 1512
277 173 644
232 186 1704
187 31 1022
234 22 1146
242 191 812
84 37 1213
234 52 1832
213 34 1565
267 10 1301
100 37 450
168 133 1855
267 172 261
175 67 1725
274 4 1074
291 237 1393
64 51 112
158 31 1680
178 95 932
182 120 1364
139 54 1717
242 91 1089
231 162 1283
212 129 1042
179 161 750
283 210 1384
281 260 1059
243 37 1834
106 87 440
72 54 1191
160 80 836
118 83 177
246 163 1293
102 62 1683
120 40 1482
286 66 526
210 11 1628
49 28 10
276 108 1582
175 161 289
106 52 1273
146 5 258
225 198 1765
219 158 417
131 38 374
55 1 177
217 154 1183
228 33 783
207 37 1057
182 180 409
86 51 474
276 132 1501
119 38 1511
172 76 1710
271 135 1218
290 285 519
206 177 1623
238 117 30
217 202 1857
89 76 587
196 141 1352
245 41 823
288 13 459
59 8 374
186 56 86
171 112 1110
180 39 1580
186 113 907
278 234 315
178 19 1702
174 28 1885
202 31 1404
43 33 1867
150 55 800
97 38 1960
101 66 9
198 182 82
266 58 447
139 76 1910
199 103 1041
220 6 1041
84 8 1800
140 105 1478
235 132 1405
69 68 1392
286 254 160
251 196 990
222 96 1629
254 51 1848
288 9 162
81 62 462
261 174 649
210 12 186
57 25 1260
269 26 555
283 50 1542
75 10 1829
142 25 124
224 54 1053
205 35 1047
123 51 1855
274 26 556
118 115 1638
143 109 1108
143 127 368
285 130 126
293 22 165
219 80 339
212 71 1716
133 17 20
157 147 578
144 91 1067
266 121 1571
240 10 1911
92 89 1874
253 160 876
163 47 1006
254 25 1834
257 114 1721
197 147 1858
115 18 695
236 78 1220
120 25 854
261 20 396
216 48 365
251 69 773
51 40 147
272 260 388
217 67 1028
212 85 963
195 104 1547
111 28 771
36 18 1872
124 60 1149
258 97 1400
283 175 1121
84 68 1787
228 211 1314
291 65 1735
194 132 911
247 155 968
210 114 1208
71 30 921
130 110 1035
164 67 1363
272 224 1759
157 127 284
282 167 1149
230 73 1749
194 160 42
246 84 1925
292 55 550
223 159 35
206 101 310
244 196 79
154 97 1916
262 124 1113
64 15 495
248 25 1468
181 7 1277
248 66 1569
200 33 1563
172 104 432
137 102 1460
87 82 399
226 194 1942
280 179 1958
129 102 1034
268 40 1016
186 90 235
176 20 1433
106 102 240
145 33 213
185 11 829
201 175 133
289 142 596
137 17 1851
61 50 1928
212 55 1833
221 208 892
143 98 1492
240 1 1301
222 221 1981
254 141 29
262 234 61
195 44 614
257 31 689
127 109 749
221 164 1865
270 171 1028
285 201 1027
223 96 28
243 23 1860
265 205 324
169 70 1441
253 142 1850
119 16 1499
181 122 1174
138 120 1180
171 6 1358
179 19 1797
279 127 493
27 1 1502
123 105 1743
58 37 1370
182 92 853
237 195 1827
240 26 1897
273 104 648
126 122 1181
199 55 1631
235 200 1378
246 42 655
166 85 1784
56 9 1720
266 7 1034
106 78 362
294 290 1477
274 263 1728
292 145 742
169 161 1968
255 34 1829
92 31 812
288 253 893
256 146 1268
131 87 1838
198 83 1029
272 108 581
198 127 1774
126 41 27
207 86 1864
291 202 728
127 60 1761
275 189 528
207 51 1439
280 93 1739
253 2 709
198 93 1252
74 72 574
291 216 1091
244 171 702
259 172 574
284 242 1199
192 55 529
214 126 777
289 191 1810
237 20 182
265 71 831
150 36 1867
234 85 584
293 235 1428
150 3 221
112 5 1248
143 17 1710
128 7 1215
165 143 294
199 62 1371
264 142 19
280 260 729
267 229 1794
238 150 645
91 57 1378
219 107 625
224 26 1101
217 169 687
204 167 1694
290 144 1959
98 85 81
33 30 1304
155 10 1063
271 7 822
200 184 631
108 88 1670
218 120 1499
147 104 818
175 79 1592
290 238 499
46 43 1079
294 281 1168
134 14 758
294 88 1779
289 204 64
256 46 1961
182 110 1161
275 39 966
273 218 1108
189 161 614
205 5 1877
288 149 224
231 183 1324
280 157 45
210 103 394
104 7 1024
209 76 1710
161 94 105
179 111 1029
159 89 858
108 32 1667
249 100 1505
285 13 1852
253 189 75
188 174 467
130 117 1803
157 50 461
202 80 650
244 129 1547
275 238 97
244 116 1604
123 15 1206
235 48 1815
251 19 913
221 128 75
291 198 842
134 29 167
286 127 895
133 78 175
199 33 1284
147 75 1875
101 46 1504
200 182 1021
277 212 412
94 76 1829
246 132 172
251 224 782
274 103 279
198 53 1348
114 25 1236
275 219 1755
270 260 134
250 1 1708
173 122 1674
251 104 30
285 156 1042
243 206 1037
144 114 1318
190 107 1672
106 25 1257
230 202 1766
239 173 329
263 158 578
187 61 1225
186 124 1852
141 62 3
139 138 1501
209 104 552
226 97 1393
157 9 1857
128 124 736
204 47 1653
284 60 1510
143 80 670
287 226 501
225 159 1970
102 1 1241
35 25 1460
83 22 656
88 44 297
249 110 932
229 226 1213
104 58 1334
288 43 517
251 117 361
271 85 387
268 89 1510
132 90 1606
268 58 297
287 260 1949
224 65 1116
80 7 1804
221 166 960
265 24 697
170 106 316
190 125 1136
199 6 1423
222 121 1913
260 238 602
228 225 641
283 194 561
145 62 1789
125 37 882
173 89 1008
169 30 1940
96 36 1462
147 77 217
214 208 1553
95 79 1883
235 94 1204
110 104 84
278 238 1664
176 126 1650
177 49 381
242 219 1122
230 209 1817
220 147 909
174 98 1259
250 9 1624
156 94 1598
287 164 243
131 114 1254
182 179 1828
159 55 1068
265 120 342
243 58 1601
153 69 1755
288 40 1176
156 155 354
116 41 152
241 145 1626
154 19 282
122 96 1945
250 247 1712
180 113 1284
175 171 1980
74 4 709
207 172 9
234 92 710
225 111 1750
239 206 577
208 25 1754
46 16 434
269 235 296
191 28 612
162 151 573
135 52 1306
110 24 1686
198 73 294
274 184 1212
221 55 1076
254 28 805
81 6 40
156 7 127
212 27 13
283 31 591
282 246 1618
90 25 63
216 152 1939
62 20 11
272 200 718
248 233 1987
285 282 1628
266 178 1828
258 167 645
266 198 430
58 36 1008
247 151 700
223 142 686
245 169 578
293 268 1174
175 76 181
193 65 999
123 45 1829
283 124 833
134 32 1939
158 56 778
270 205 1168
253 251 777
276 122 609
195 111 244
284 134 1637
80 63 626
259 181 940
174 99 1261
262 162 225
276 125 1535
98 96 1254
223 74 653
104 52 33
231 18 131
55 48 1969
275 103 517
239 7 1888
235 210 1287
184 38 976
270 251 1791
263 27 1545
236 14 441
96 66 1436
89 45 1947
183 137 853
288 138 774
45 22 1439
292 197 1599
172 32 1605
252 9 1897
114 88 355
273 200 14
284 40 1585
240 106 1308
278 151 1776
125 103 370
221 72 125
115 60 344
287 175 833
99 46 308
266 41 384
128 25 1948
240 144 425
279 32 1915
167 27 1392
115 14 99
169 36 851
275 251 1363
252 52 915
229 181 1530
154 116 216
278 113 1523
287 266 1069
268 12 1160
160 69 1324
269 14 1600
120 52 1700
54 53 275
281 30 1353
273 255 828
218 103 71
251 132 146
94 15 1804
152 126 168
290 183 1270
244 28 73
234 44 331
163 130 850
141 90 1984
231 153 1394
254 119 355
274 245 1304
231 142 471
253 43 1782
254 14 1136
280 173 1594
275 174 218
188 29 1370
255 26 124
215 60 1123
240 95 713
212 100 34
252 55 1953
293 238 586
293 273 1664
76 4 620
211 93 562
230 63 1462
98 40 102
83 61 1935
279 77 1241
272 225 713
244 154 92
211 34 1938
290 228 1955
244 172 1214
232 114 1190
92 66 435
285 227 510
83 19 1194
101 55 1582
274 110 95
178 15 1251
292 53 1040
194 192 1773
263 102 1228
253 26 266
217 192 1180
243 81 1679
178 104 1255
94 27 1399
131 65 1287
112 41 1259
254 30 398
252 76 823
292 73 1657
229 72 460
265 132 1423
274 46 918
200 105 1819
224 106 81
85 54 1344
160 7 914
266 244 998
227 47 612
196 43 1156
197 169 1647
281 121 236
283 139 986
71 17 871
270 72 252
122 66 1543
194 38 90
277 117 1367
258 248 262
152 109 1460
155 150 544
282 218 1392
154 108 174
247 177 962
257 225 104
246 196 950
251 138 604
97 66 338
271 263 1333
190 91 1281
291 236 1752
247 196 1898
280 9 485
154 2 1261
186 76 1572
223 48 1499
70 45 685
187 124 906
202 115 1788
184 133 874
159 96 1239
94 74 841
252 200 1275
79 70 1623
138 125 1146
134 97 148
259 254 314
277 128 1513
177 56 568
258 21 1727
175 68 126
79 45 488
138 135 827
118 116 893
285 42 1071
287 161 854
232 176 277
102 84 1973
255 129 11
249 29 404
168 105 446
160 74 1835
249 145 1954
285 235 1884
273 117 257
75 17 1398
185 176 367
282 166 849
133 85 1566
238 212 693
166 39 333
59 22 119
279 136 240
268 23 332
265 123 785
232 179 228
222 12 1341
119 85 564
63 38 131
120 96 978
166 2 225
199 34 1383
185 131 366
207 56 1209
229 215 609
220 184 973
289 66 1259
259 9 1865
123 54 451
170 155 396
259 142 1238
30 29 1374
187 13 1156
256 199 1388
79 48 1280
70 22 572
97 51 936
267 14 1626
155 56 940
270 231 1108
197 183 1830
158 128 1398
247 114 1620
65 54 714
85 15 1018
272 63 315
229 113 1491
248 198 530
267 75 1486
73 47 1965
275 33 1291
194 173 1759
280 158 1077
181 53 851
164 125 187
101 39 1483
281 28 917
222 122 779
191 78 1354
43 40 1193
272 185 1061
250 85 338
162 160 1785
182 79 314
276 240 178
71 43 141
254 27 465
230 179 310
266 13 368
213 1 1039
167 79 316
239 182 560
147 126 852
214 121 126
283 95 493
274 112 1451
226 123 428
210 83 1046
266 5 379
98 75 788
231 29 890
227 139 1042
175 87 978
221 217 1185
184 29 1784
243 208 766
47 30 1188
290 14 1648
153 66 702
202 62 49
96 90 152
157 20 548
269 112 1360
210 129 247
293 253 187
122 52 64
191 87 1754
119 117 221
269 121 1678
234 221 1468
286 5 1813
125 76 474
130 45 419
269 201 744
179 158 546
293 60 1769
154 8 1413
269 22 260
67 20 1275
228 196 1352
164 116 691
161 130 582
274 121 959
268 129 955
152 3 1323
198 55 1574
265 109 110
287 126 1991
181 73 288
252 167 25
126 49 62
12 8 490
279 118 1086
105 28 1603
120 94 993
71 11 1207
111 94 844
258 241 1353
148 110 218
71 25 1631
115 112 1184
230 102 946
217 142 1165
123 49 789
207 192 776
227 59 1563
210 18 1944
130 52 590
231 222 1831
234 183 1528
269 186 1366
284 263 1522
179 168 631
193 136 658
122 15 21
250 162 931
281 218 462
185 4 168
266 95 1661
286 226 1292
270 71 1827
121 62 703
145 88 519
244 97 1723
269 232 1965
284 87 1651
286 266 1861
273 8 830
90 4 1115
278 110 378
270 133 581
224 213 1607
288 196 59
96 74 399
249 124 1207
159 46 671
257 50 775
294 191 1190
182 81 1628
211 31 285
195 120 732
204 117 1226
198 100 1791
106 88 57
216 93 508
87 12 1261
116 8 14
184 49 1561
288 48 240
138 44 186
194 22 506
219 92 736
47 40 169
200 97 1188
124 67 276
168 167 1715
198 70 487
257 130 1630
262 129 527
100 81 160
276 110 1527
203 49 1980
169 42 1550
273 29 1414
261 161 94
248 16 826
259 1 148
104 95 1572
152 72 955
271 22 1461
294 6 763
238 161 420
191 151 552
265 227 1405
230 168 1247
190 21 1888
207 163 1109
160 44 341
279 224 1882
289 175 841
278 243 994
255 239 1705
230 192 381
241 166 120
276 101 1402
234 67 1810
226 73 456
147 96 193
272 169 1389
228 105 1497
109 24 1496
283 87 1429
224 150 656
199 193 1094
256 108 129
283 26 832
217 11 55
291 3 1795
72 36 349
232 56 1017
254 140 560
203 113 625
292 246 1016
178 42 652
197 189 489
265 83 276
172 102 1722
166 57 439
131 100 115
112 66 143
250 28 1964
230 151 1730
253 29 571
259 114 1805
281 85 1308
81 10 183
189 131 81
243 234 1388
19 16 77
126 68 1752
290 58 1958
284 244 1940
32 9 1550
211 82 1023
252 217 1601
284 207 311
127 13 623
245 114 907
189 43 1352
37 12 888
210 135 156
276 76 517
253 122 451
255 92 793
170 3 1404
221 73 1662
167 109 1626
250 196 372
247 2 1997
165 69 658
202 169 1617
243 190 1136
234 160 1696
122 69 1923
191 46 1531
112 14 710
157 69 1887
93 78 380
245 21 1897
210 29 184
242 146 1097
235 46 126
268 140 89
250 78 314
89 81 156
213 126 145
193 105 378
245 27 772
246 89 1783
191 124 1937
248 30 899
140 114 1603
241 91 942
109 34 733
124 47 1928
192 111 967
244 19 1505
114 49 1945
290 245 1645
230 196 1142
202 66 547
133 9 209
199 184 135
104 8 1686
136 31 354
147 68 1505
150 56 176
223 108 1604
241 49 613
269 162 1181
55 18 430
158 136 668
286 188 560
192 174 1294
108 74 612
95 6 629
140 16 686
277 37 104
273 7 329
155 129 785
220 43 819
154 95 1501
259 79 338
167 125 546
61 15 566
205 54 597
272 78 290
280 145 1742
251 115 1655
228 47 1381
267 23 134
155 58 1305
122 119 1781
249 158 1043
225 197 1344
217 78 436
284 125 832
216 134 846
157 86 290
284 33 806
225 219 1423
185 155 384
243 223 177
70 56 1356
272 121 738
175 9 1647
175 26 1285
145 50 1235
292 147 1109
273 1 1043
275 5 1177
229 3 140
127 19 332
194 164 1357
128 8 1528
229 83 495
223 104 852
251 41 1049
171 141 1804
144 57 135
272 116 280
244 63 229
217 193 1523
90 42 1084
197 93 157
289 176 985
252 94 1487
201 69 606
270 259 1852
270 115 1682
68 45 1134
81 7 270
115 59 386
269 97 325
206 181 1961
103 1 27
181 38 1421
282 156 826
225 24 1731
211 58 754
138 115 1085
219 106 662
178 174 520
169 123 1119
251 48 710
263 34 1910
291 10 768
149 36 1529
180 130 315
259 189 1657
131 127 1702
260 199 155
258 250 1515
182 47 827
278 52 1493
192 62 571
248 144 1338
267 80 407
225 115 591
207 46 134
220 188 1273
73 66 1512
249 232 1360
191 116 542
241 142 812
106 97 339
256 56 863
287 153 1956
115 110 1553
234 38 1844
59 33 1221
282 258 36
63 43 1007
266 111 1103
140 116 1981
251 173 1931
264 242 1463
254 215 227
20 2 831
239 184 1734
253 154 458
145 57 676
149 34 677
183 52 453
190 132 38
231 158 820
145 25 848
256 179 54
261 80 1378
80 4 476
228 162 1208
256 40 259
158 127 222
233 129 1207
238 170 1570
264 205 27
293 135 1139
255 218 1173
88 49 1973
233 95 1249
166 114 1486
187 174 1094
232 52 1454
199 140 470
231 7 1969
274 165 277
25 20 829
116 113 452
87 33 799
243 178 816
275 202 1527
214 19 741
262 130 734
176 68 1479
261 244 1056
155 91 347
210 72 1671
274 246 1044
291 283 1295
228 143 1159
154 149 1163
187 144 2
132 19 581
248 160 1014
225 119 1983
83 9 1167
215 15 567
288 255 753
231 93 1289
240 157 446
144 93 8
289 145 625
275 210 994
234 97 680
87 30 464
125 9 891
126 74 1278
232 51 138
215 76 462
253 174 1138
102 9 627
280 253 902
278 48 1089
262 154 492
240 192 633
292 213 1291
153 18 586
196 67 528
169 163 1131
287 57 1554
276 16 1188
32 30 204
209 176 1508
209 180 1178
264 26 197
232 212 1859
198 157 726
218 131 1940
229 92 1254
282 143 108
279 24 1689
130 104 255
111 102 1299
179 150 165
263 185 703
123 113 1979
200 162 1464
294 150 674
198 60 970
291 35 1584
226 164 1882
54 44 778
67 8 739
240 229 194
48 39 53
228 79 303
290 209 527
117 86 1709
52 34 10
171 43 215
231 203 1103
145 42 524
240 170 1307
98 62 581
230 184 1051
283 134 1482
60 22 1500
56 46 1948
133 114 1521
293 112 1997
81 67 1343
62 51 1498
122 29 173
223 122 1147
248 5 940
279 54 985
170 51 843
229 60 794
108 67 1288
240 54 250
181 20 529
100 79 776
267 219 892
268 121 354
280 231 1030
228 154 1039
91 26 69
282 64 1111
45 17 1120
258 10 32
155 49 637
143 43 1557
193 72 1912
214 81 908
105 19 655
275 183 1618
130 100 1156
220 78 30
204 180 1100
169 86 703
286 74 1589
197 19 438
193 43 1256
263 233 419
70 21 1588
291 17 512
77 17 1481
147 71 1449
192 31 1953
192 132 1541
142 70 506
247 211 1836
34 19 816
255 170 1371
87 75 1246
165 9 1608
129 50 1739
279 206 1449
251 26 823
263 155 961
147 93 605
281 42 1687
148 58 1985
121 18 30
206 37 309
76 73 87
267 149 1305
145 45 573
210 74 1653
291 102 396
134 3 694
12 9 940
168 92 496
182 48 809
225 194 823
165 150 400
114 96 69
164 88 177
29 25 791
213 208 1998
141 56 180
164 23 1120
258 111 1543
244 20 1231
277 210 302
204 146 912
268 110 240
121 48 840
217 89 1567
250 37 230
273 12 204
230 110 1228
239 121 879
272 68 1924
201 150 1606
273 120 1572
87 67 907
258 8 1042
66 43 1833
236 2 1200
169 127 467
178 24 544
161 61 745
58 18 1975
287 149 1910
260 63 898
121 11 1091
96 73 1510
284 53 1346
246 193 895
156 35 696
266 252 102
272 137 148
283 182 557
248 192 1624
288 270 1204
220 175 1991
179 81 1845
216 178 1510
231 44 1542
180 37 233
247 83 768
193 178 95
188 146 902
120 17 1110
282 42 1804
294 236 889
225 79 788
246 160 895
262 163 49
244 2 1049
137 133 215
265 1 773
220 67 1140
10 2 1836
152 46 1438
118 93 1239
184 126 159
121 118 1365
256 151 725
247 3 235
171 13 840
103 37 601
79 19 76
247 145 1549
240 42 1749
108 89 474
277 41 333
144 131 1502
271 95 615
219 171 1773
282 11 420
189 66 198
57 8 23
263 191 537
277 187 52
266 67 376
218 29 420
181 132 1653
183 40 1508
217 177 777
284 181 970
254 218 66
168 87 543
170 100 734
146 69 50
218 168 1196
51 37 1260
142 122 868
96 62 128
182 117 776
132 3 1330
259 131 431
187 125 1569
247 46 1592
111 62 1284
210 169 292
238 32 869
284 107 368
245 113 1515
227 140 915
260 91 546
71 55 40
142 95 1629
254 206 964
293 151 162
79 47 601
204 187 1834
183 54 1189
274 250 1658
197 190 795
248 173 868
262 99 1204
142 115 983
262 13 293
144 102 885
269 113 1714
279 3 71
228 114 874
55 27 44
231 104 827
260 76 1684
174 120 1735
233 231 1453
158 146 238
240 52 1756
227 160 1431
281 8 1324
105 49 667
95 66 1769
169 132 1819
73 37 1290
197 115 1133
66 47 244
27 9 1568
226 179 1295
88 58 1547
283 77 1484
280 130 1126
191 159 974
139 119 44
289 227 1106
160 46 409
235 134 312
113 56 754
96 88 678
175 3 270
217 28 142
94 49 1112
174 38 667
217 174 509
259 198 1768
178
270
138
38
194
219
126
208
183
7
89
218
274
106
205
56
234
249
45
60
221
75
140
52
260
254
30
182
15
243
142
146
78
290
90
256
109
94
167
259
80
186
217
215
39
164
20
269
107
293
102
101
84
29
62
250
210
197
201
173
213
204
40
166
280
278
26
266
61
202
118
79
247
99
33
237
258
246
148
137
134
233
155
152
48
130
149
136
228
195
216
21
275
263
240
108
81
37
168
68
214
145
74
76
169
24
112
67
179
159
32
284
206
235
57
181
124
119
157
114
224
42
277
141
36
110
291
54
86
264
25
132
272
129
3
111
223
83
151
196
261
85
232
171
18
276
242
121
212
117
245
120
144
116
103
150
200
73
41
147
273
8
185
31
281
43
207
16
143
225
282
44
10
154
100
203
27
176
71
2
268
17
156
55
279
35
4
226
236
87
22
77
96
193
122
28
104
267
91
177
174
192
11
288
257
271
5
113
253
241
198
98
19
292
251
115
58
105
184
34
123
287
49
66
1
128
53
65
180
133
172
175
127
95
211
248
289
283
244
238
97
158
139
188
229
12
230
199
82
163
13
231
47
59
9
92
227
286
135
50
160
63
6
285
239
170
72
262
165
23
265
255
294
153
64
189
190
125
14
51
131
220
46
222
70
209
252
88
161
162
187
