988 3124 905 900
984 761 852
909 443 1175
264 256 893
574 364 243
434 214 156
911 386 830
837 495 288
184 154 642
450 134 778
602 10 1069
287 156 611
766 631 435
358 293 299
713 341 158
892 304 894
874 257 1309
393 343 1679
557 369 934
645 495 931
574 20 408
406 21 152
166 89 698
736 289 1463
297 254 1602
754 256 1345
506 432 384
988 756 650
915 707 1530
213 27 1425
799 65 1426
813 727 1062
791 771 567
637 320 1506
234 187 1425
732 219 1965
975 614 1090
672 354 1733
248 82 1462
582 226 1153
797 584 1169
892 488 255
660 118 903
169 70 289
874 139 1646
673 253 507
498 29 1311
356 103 1340
686 676 1671
208 152 1307
760 242 1024
446 158 1257
587 517 172
568 383 1385
101 46 1170
392 37 1245
536 441 11
464 26 869
737 621 702
680 141 1511
387 347 1063
911 610 556
906 371 528
626 44 1878
762 590 1816
832 525 405
576 199 1638
935 502 1267
569 304 1020
484 478 1556
555 6 436
489 20 1097
460 203 1614
678 3 294
726 553 379
949 914 1666
469 56 599
907 6 201
869 192 927
443 159 112
659 122 856
531 47 1880
503 444 1552
755 750 1961
735 423 1947
848 18 108
757 684 249
189 11 1892
559 39 1068
760 332 1760
762 45 1586
723 636 1061
964 400 787
408 201 1856
475 98 1213
959 317 218
917 208 1229
777 82 698
812 8 1979
570 409 1881
597 64 108
934 456 654
473 275 261
373 199 678
430 69 1281
863 294 326
822 628 667
601 592 1681
393 110 1396
523 401 423
788 34 795
630 6 1916
988 730 1491
661 455 82
714 148 1675
742 366 1213
359 263 182
323 298 1104
573 97 1418
312 7 134
544 252 1085
701 504 1662
727 718 1331
483 196 59
851 254 1993
979 750 1249
332 29 1426
947 754 1825
501 198 1730
339 292 769
919 556 1220
874 440 1614
872 399 56
729 650 735
298 54 1723
706 415 954
486 213 1813
903 501 1134
481 147 1336
959 160 1434
855 669 499
736 437 1084
853 711 965
928 153 1323
931 467 40
261 135 82
614 551 1256
927 48 479
181 112 291
825 693 1710
756 566 968
645 30 458
969 192 944
545 397 779
232 173 818
634 570 1064
559 246 42
918 1 1596
257 135 1718
226 221 1520
962 805 1777
655 175 1470
768 22 1936
461 229 457
772 647 405
669 340 43
653 240 1071
668 599 1821
350 124 869
317 261 1971
658 123 1517
850 327 673
789 535 324
846 677 1341
764 511 197
649 579 1145
653 511 1754
423 227 97
767 704 1910
351 181 192
839 267 710
567 385 1173
767 669 1581
570 502 1151
461 37 1720
697 503 1133
791 80 1963
861 313 1028
957 692 397
808 264 1139
832 765 1890
848 105 907
960 385 748
951 768 1689
725 225 56
370 300 30
914 257 1805
824 392 1080
595 488 1662
913 97 419
970 307 1069
814 654 379
481 447 1283
844 413 15
141 137 467
810 464 1320
639 402 1765
956 133 919
941 353 353
419 221 821
506 322 1726
498 35 985
343 47 1734
843 234 116
339 182 427
304 267 1178
298 34 341
868 580 1517
549 163 1193
914 384 1130
436 409 1013
499 340 65
297 241 1782
950 111 1145
240 14 888
278 43 1615
561 460 401
976 86 226
375 116 1830
812 490 1555
591 365 863
342 32 341
888 61 1609
869 199 15
911 325 1355
743 546 1313
663 294 727
592 8 712
225 74 80
807 485 667
937 726 614
863 608 1372
570 540 608
695 489 122
914 129 1403
816 500 1201
806 758 1147
550 266 1005
494 267 1327
344 125 1346
703 158 225
973 744 1108
500 485 1683
984 707 757
339 327 809
905 329 572
729 161 416
668 662 1677
910 33 455
438 38 261
610 7 1365
871 36 1061
887 257 169
896 182 341
889 209 538
866 511 745
506 104 17
872 862 1429
688 605 651
365 57 1816
950 856 577
906 164 983
598 73 454
753 183 855
523 403 612
772 564 1213
899 161 1821
933 344 799
977 210 1591
276 264 818
843 282 363
870 47 1424
720 89 1751
730 244 1868
535 187 498
288 230 1562
844 586 1832
765 603 1058
351 115 775
690 502 407
252 60 1986
853 552 157
337 75 305
981 697 1652
578 181 591
842 587 1444
694 191 823
814 739 1708
410 110 397
399 111 1121
972 604 743
699 586 1383
535 473 1976
519 258 224
407 133 1883
770 41 356
722 44 1339
358 3 7
788 408 214
481 429 1777
444 127 1755
880 238 1065
967 877 1023
584 528 1618
316 139 1001
295 276 1488
982 808 911
971 839 548
313 38 257
579 507 1938
422 196 1109
758 212 1619
826 90 823
835 217 333
698 184 1753
307 215 105
897 550 297
796 639 1217
680 359 935
633 598 1434
655 295 914
862 807 417
429 209 1962
656 366 1028
717 595 778
599 406 1656
949 212 1049
560 502 1496
988 117 342
558 155 495
548 231 1945
641 241 583
680 285 1372
556 186 1050
293 188 1277
380 289 606
855 745 395
910 607 145
944 422 1454
518 156 476
659 564 1538
415 304 1867
522 10 1636
917 801 374
967 959 302
377 345 1823
214 120 52
949 461 1509
434 25 702
538 427 1932
907 888 858
584 86 1643
431 2 1760
743 680 1452
885 91 1392
724 311 730
225 44 1347
985 493 1252
970 919 1502
394 59 840
880 763 595
323 30 1961
983 633 621
863 620 402
808 331 259
970 540 890
920 134 380
844 564 850
605 392 721
887 710 1632
852 624 959
510 500 1573
820 766 1552
615 409 273
62 14 1257
910 450 846
722 152 512
956 943 6
672 78 40
859 698 717
846 88 853
281 59 1339
722 559 1919
651 188 1718
966 535 1464
202 198 848
502 305 841
836 58 1046
722 168 233
481 152 1372
810 442 1724
413 5 1247
166 102 1511
779 209 970
305 63 681
393 257 560
369 196 842
886 175 107
773 558 1862
482 62 166
887 510 1626
817 71 72
936 862 941
185 135 1393
801 138 138
347 279 1696
727 489 1483
514 234 189
716 543 512
890 235 1619
704 472 72
431 84 1883
915 853 1416
429 230 1603
268 121 1126
959 114 80
575 142 1734
984 867 441
243 173 691
249 188 592
695 621 464
775 584 1810
900 187 114
900 759 52
958 132 1082
792 400 1337
769 286 696
541 8 73
757 600 1722
897 124 1396
736 677 1073
880 772 1410
769 146 424
937 186 939
500 6 1541
265 224 1139
515 24 1309
229 57 1368
30 18 916
869 515 859
897 75 1849
375 130 1131
865 859 862
791 208 311
589 273 311
746 54 990
605 3 672
946 160 1580
608 251 449
889 33 165
979 81 1797
250 92 1618
733 634 1387
438 106 98
896 627 1453
631 559 881
933 762 1297
485 131 530
446 51 725
935 450 1350
692 426 1673
568 502 732
784 599 1779
203 42 1300
674 333 1538
691 507 1592
311 99 1792
830 756 465
921 755 1696
282 217 1732
773 482 704
566 9 292
787 623 1131
565 476 710
99 97 1076
370 82 529
921 730 1476
912 230 102
646 442 1923
894 150 1306
934 401 1837
935 808 1952
540 84 819
483 464 129
667 305 909
308 118 750
556 13 1945
754 338 1339
654 147 1706
985 491 1349
747 498 343
912 157 1906
238 93 901
764 656 1773
712 331 593
415 249 100
843 44 26
795 340 1221
877 662 715
520 293 1802
492 370 1649
868 756 1338
736 141 35
783 205 166
534 241 923
251 132 606
650 177 1523
753 163 1438
870 116 1821
481 390 1415
480 252 580
814 175 1407
177 97 593
686 351 953
654 635 1134
940 665 1229
593 318 503
344 166 50
129 95 504
962 771 612
747 231 522
970 227 1403
684 236 415
884 166 1311
745 446 1988
333 243 548
877 262 1911
672 611 17
904 872 1714
868 499 1861
567 495 364
872 428 615
148 13 1957
419 397 1606
803 293 933
262 133 1627
759 372 1885
838 281 1228
642 68 1145
650 632 329
836 680 796
958 528 486
562 305 612
885 374 1860
973 599 1426
422 159 1407
593 52 984
724 668 1786
877 530 1826
511 442 127
367 334 799
755 169 1527
815 493 1195
558 28 862
642 262 584
418 240 1162
717 198 587
814 762 1370
976 96 1928
810 286 1433
967 325 1654
941 416 1644
863 97 1720
861 98 1074
944 477 1798
764 638 1905
911 337 1941
791 367 866
665 272 1081
478 348 1684
559 301 1839
299 218 59
594 484 855
972 797 345
488 108 40
930 120 698
810 459 594
264 252 501
333 225 580
119 40 1957
509 267 1497
768 263 436
736 33 931
781 624 330
916 48 1113
837 546 1095
962 74 575
786 675 1693
472 212 1701
632 305 1391
977 774 301
959 126 1928
786 165 68
754 234 1086
209 129 1708
761 290 308
940 640 179
793 599 1940
509 59 1256
971 433 1158
970 555 146
493 27 1997
858 364 759
290 66 879
848 840 101
983 572 240
963 924 1190
774 61 1032
491 287 1114
782 119 539
539 444 1373
940 425 1291
286 168 401
395 103 894
742 8 1279
585 68 1817
282 168 1568
482 258 1243
575 432 962
692 553 497
687 19 539
321 215 950
687 367 952
729 24 1903
413 233 1480
528 504 233
960 870 1699
578 513 706
825 316 1225
891 23 612
452 383 36
191 49 1121
557 132 1806
925 657 611
515 241 474
906 489 1903
603 471 1752
784 143 1919
796 149 83
945 525 1313
981 3 267
879 107 992
893 783 562
206 41 1856
969 589 409
864 794 1799
796 773 1624
914 796 1290
834 193 1145
749 223 1698
113 1 1458
869 485 944
431 370 957
587 184 1232
478 447 101
744 386 790
824 157 378
554 403 1752
644 140 1408
756 443 777
930 450 1901
901 732 228
748 72 1311
493 164 41
218 87 1344
425 230 500
855 801 315
840 124 1222
634 88 677
557 454 740
804 451 1520
526 258 336
915 666 784
304 24 1144
523 251 534
544 366 1999
343 332 1210
777 496 1635
759 726 347
683 362 1818
416 82 1147
876 821 1878
796 349 1766
879 549 1615
228 183 983
943 541 1534
444 120 492
911 806 757
454 452 876
200 153 202
964 171 558
825 55 1403
567 418 1337
592 26 1508
666 3 774
772 217 110
939 751 559
930 203 697
841 390 403
810 8 1727
930 24 818
822 610 1959
469 94 1792
594 303 1416
873 555 501
719 420 1162
981 860 1306
183 67 645
932 567 1960
199 162 1407
779 698 721
436 58 1886
931 177 810
136 90 1136
511 487 2000
493 13 477
306 145 1929
568 109 617
939 528 1558
191 40 1484
759 96 386
220 206 1333
743 557 889
414 27 470
787 769 1480
451 95 482
850 153 439
829 431 1609
602 205 1363
404 88 1718
863 358 172
441 379 1639
625 140 1963
497 37 839
671 158 193
742 697 1778
459 175 206
732 391 1983
849 60 1962
972 906 1277
600 435 1125
947 682 176
860 280 11
880 755 1702
772 746 984
805 78 1885
865 139 22
534 44 1440
581 80 1906
868 99 1302
781 522 931
857 808 191
751 468 33
731 437 283
756 170 337
921 322 468
933 615 1585
988 566 1175
919 594 47
603 426 888
780 669 575
748 433 1935
800 705 347
699 417 1902
893 874 587
593 234 518
503 449 1420
866 198 985
908 40 1073
375 2 149
643 509 1250
957 388 789
825 53 1151
608 291 728
711 510 349
514 364 1142
215 46 1411
962 753 401
929 151 1987
898 169 1499
978 185 850
908 91 35
31 7 1306
618 335 898
807 197 1022
375 117 360
201 101 1069
840 823 1860
696 172 1465
892 282 27
298 127 1420
746 722 1670
535 172 1797
153 124 87
111 19 1326
666 234 1754
858 341 1796
728 213 641
283 89 398
380 94 1176
507 263 1746
774 528 726
866 762 1541
948 869 1278
742 177 1857
731 658 1805
611 297 649
385 120 1132
631 90 1977
710 667 1588
960 925 1367
643 442 1017
787 700 1591
854 536 330
561 449 1859
572 149 64
433 303 1704
938 102 1730
348 227 378
740 584 394
427 51 877
433 233 1062
799 57 528
845 9 467
745 568 1778
589 403 1793
187 79 644
542 412 1257
518 401 1202
815 160 496
358 308 781
988 792 1318
599 84 685
779 703 670
695 618 1868
902 339 878
668 661 383
970 861 220
847 277 1848
939 481 135
676 107 1296
413 231 95
640 613 660
479 383 715
980 741 1488
969 900 928
414 281 1166
924 390 1754
650 242 859
822 693 388
761 20 1808
661 309 155
885 583 1875
758 446 1793
580 159 274
616 314 1095
431 275 950
351 278 1063
805 6 1462
891 799 1882
923 546 914
927 125 74
585 379 1635
750 301 428
551 134 823
867 686 563
698 394 1297
649 477 1525
790 743 342
740 51 1016
713 396 996
375 362 926
709 325 1058
708 120 1642
515 275 952
161 60 55
604 36 1753
908 560 408
457 149 1349
496 351 1199
514 435 1646
864 124 611
362 282 1121
944 147 1887
953 786 1927
950 530 1289
915 675 758
702 286 1246
453 374 446
165 42 485
720 427 1077
755 163 1026
155 65 1388
831 352 1263
699 16 1170
951 676 1949
306 198 1389
337 240 453
360 147 14
869 210 420
751 594 1502
649 394 1352
509 163 518
670 197 909
813 760 1368
952 70 637
912 424 1011
550 473 808
358 15 975
706 401 998
889 380 1276
810 639 1173
217 98 1290
618 59 1038
941 364 1593
958 769 784
868 19 1994
763 531 637
616 187 1634
505 26 1533
890 199 290
764 103 1386
887 275 1266
882 43 177
507 116 565
957 636 534
575 186 1932
948 20 502
470 92 1615
703 299 461
405 63 1812
853 416 44
779 754 1963
813 781 1028
912 287 580
749 670 1755
460 266 1610
458 35 366
624 583 725
552 124 847
514 329 879
926 614 1994
826 661 429
757 563 1604
833 377 1034
160 52 224
493 431 336
781 411 133
549 4 1042
856 825 737
281 7 1232
781 157 1791
368 302 54
692 536 383
406 331 570
788 504 765
870 231 1974
473 142 214
713 559 1851
941 160 1701
607 391 814
509 476 196
831 472 395
307 202 1433
979 255 1182
721 260 1881
975 572 752
805 778 559
700 32 1306
612 545 863
677 302 1875
970 854 709
533 101 492
450 187 1395
431 213 93
962 40 1638
461 349 1974
550 526 1729
962 896 1654
498 183 1858
541 7 887
668 238 166
886 396 1207
663 567 184
899 420 832
833 243 1682
533 204 955
224 150 1648
888 636 1727
868 761 1884
781 140 216
779 12 762
950 229 447
745 108 660
902 897 1021
786 42 1712
568 437 581
936 925 1905
591 342 1033
799 523 1929
829 615 77
554 283 1645
541 186 1089
898 179 791
917 207 1145
404 382 1434
306 68 414
851 782 1175
598 468 1400
837 549 832
893 725 856
429 40 530
792 744 745
890 179 1614
558 518 618
461 178 1762
948 178 458
469 385 1267
67 12 705
814 466 1330
919 34 889
951 176 774
841 268 1017
602 468 948
692 615 1875
914 213 416
816 523 479
882 485 1397
638 561 869
756 509 949
770 434 571
473 112 981
862 237 162
628 63 401
698 528 791
332 56 440
939 170 760
268 182 1368
956 313 554
596 8 749
84 57 1345
470 219 539
707 32 1159
346 327 552
862 439 1728
827 126 395
798 652 685
564 92 2000
855 718 151
980 757 842
243 1 172
216 139 886
92 73 1658
986 261 864
817 635 1627
757 79 452
722 278 1277
401 221 785
851 736 1414
77 15 1210
658 31 1301
733 529 1019
800 444 91
780 738 1912
945 688 622
299 120 1505
821 482 407
457 116 1313
946 680 1623
920 212 1835
760 116 1449
943 429 17
535 447 582
604 419 49
764 528 566
734 593 670
449 104 713
951 659 1129
959 808 145
874 437 84
541 514 818
345 312 1780
828 259 1591
861 777 686
779 31 340
917 702 1360
846 841 1760
823 426 1955
313 304 169
827 6 1462
824 235 1972
732 258 1507
559 76 1803
510 257 760
941 777 214
400 342 29
481 94 1268
972 224 942
957 303 1982
549 97 206
549 177 538
110 66 523
659 437 807
708 276 1951
582 401 1835
961 642 1840
405 359 777
239 61 832
779 521 1716
688 291 904
748 490 1389
418 259 1801
856 800 748
603 131 1630
564 372 1386
702 535 419
388 187 1122
769 348 767
959 534 1945
523 482 289
564 133 1257
809 705 965
905 752 1705
974 913 1499
667 580 442
296 148 1011
584 462 965
605 316 575
553 514 1339
955 328 295
978 855 1631
344 331 1156
184 66 743
577 365 1058
661 229 325
584 421 1481
392 260 3
965 231 227
192 19 1371
530 22 339
160 92 605
818 244 1264
566 180 905
944 487 1660
606 313 1150
500 452 254
372 168 1977
945 386 749
414 215 1541
802 243 633
761 196 1309
525 393 1083
914 892 557
895 180 1720
768 13 1996
456 137 68
681 573 453
622 49 482
818 512 369
750 353 490
722 60 567
633 23 1573
522 482 743
886 233 384
397 239 1117
243 155 1581
870 324 87
744 313 1677
888 642 1653
916 497 764
327 23 1537
810 74 1434
709 616 1949
815 272 872
687 655 476
977 821 1269
834 421 743
383 346 1973
642 631 1162
167 41 548
374 186 608
980 700 832
927 713 893
778 588 105
343 171 1054
943 274 1291
884 147 329
731 420 1899
610 383 467
636 381 154
665 314 884
898 270 289
848 72 232
271 269 1187
897 871 1294
806 122 131
517 64 1031
296 69 1120
963 631 209
909 413 753
781 457 717
889 545 1827
846 262 401
975 285 843
916 181 1445
874 51 1787
197 123 990
318 249 1331
953 362 564
400 203 614
700 188 242
789 384 1198
424 204 266
785 477 903
885 21 1848
415 261 137
577 275 1834
946 545 1336
761 459 1241
145 7 670
486 466 1200
895 697 1389
329 11 1597
772 80 1048
791 331 1421
64 59 1191
882 464 1555
890 830 337
439 284 1124
385 32 1691
786 265 1148
211 98 452
695 270 732
483 310 1564
733 639 1995
207 175 1756
204 69 911
438 158 1680
984 5 776
941 733 1343
932 912 140
220 30 1051
117 70 1978
310 38 234
551 200 672
649 624 1271
963 438 823
895 1 1994
425 168 711
877 37 1776
955 314 1727
702 193 993
773 295 852
928 152 743
889 499 1856
833 312 88
223 23 663
862 125 668
470 449 475
691 617 1513
288 240 402
715 462 1602
943 184 1477
874 494 1611
301 239 192
929 280 1982
273 44 774
679 240 1587
426 302 978
976 748 1414
561 548 1210
864 805 1573
263 228 1018
328 15 645
832 222 94
261 35 79
719 164 1144
306 41 1960
839 158 792
359 229 1363
712 245 227
679 548 1192
964 102 555
531 404 528
811 702 1135
574 250 519
601 245 87
967 485 1925
214 77 651
927 310 1422
801 645 1041
371 218 1697
786 300 385
404 258 845
561 207 790
451 121 1350
568 2 902
959 688 725
852 137 1194
844 379 592
831 214 1929
485 47 1323
765 316 1937
952 435 82
753 626 1323
342 127 398
626 288 348
892 15 1945
830 101 1393
569 146 331
718 258 155
727 462 415
229 163 598
602 387 330
445 354 482
576 374 1038
314 125 396
157 95 402
802 75 893
913 413 1635
976 69 809
424 384 703
786 291 337
694 372 1783
920 110 268
729 16 493
796 523 1327
883 17 261
889 457 1367
815 765 4
910 717 609
931 758 794
910 889 350
129 70 62
832 606 307
376 286 1940
188 144 968
971 188 630
588 147 1343
193 99 1468
941 499 1965
193 75 630
553 189 70
780 153 6
976 602 1328
358 351 1840
884 133 19
843 530 1826
690 523 499
850 531 84
820 216 120
286 67 1940
286 230 363
759 484 1960
427 405 554
819 342 440
757 298 365
780 255 1642
381 286 847
787 486 1903
847 64 364
233 166 196
849 436 1919
883 75 1887
708 505 838
492 157 1710
572 72 592
458 87 658
698 203 1539
659 381 468
519 460 1318
673 67 325
498 220 1048
739 229 389
647 23 106
617 437 755
354 228 190
867 321 1344
532 195 31
645 330 17
286 234 749
174 123 582
853 470 1881
899 380 239
681 18 1784
921 100 1394
329 102 671
465 214 614
796 654 1108
314 206 874
918 35 590
482 232 1090
971 314 678
662 465 947
817 538 495
752 161 1497
476 166 1480
763 137 448
479 408 995
397 306 226
538 46 1470
912 636 1579
243 110 444
956 919 1752
874 12 1481
377 275 1320
68 41 1135
856 648 1095
615 95 668
552 322 313
795 627 1782
452 346 1005
636 14 899
757 590 495
928 768 1976
853 126 1932
901 309 1738
572 251 1826
911 604 1902
338 23 1535
975 148 1303
384 67 1747
849 462 1669
866 343 1176
321 8 223
477 79 474
917 442 301
509 192 1616
985 918 46
794 788 1093
870 335 245
269 234 1609
501 284 1718
950 162 1195
834 704 1292
927 460 717
863 251 1488
127 50 843
980 681 1178
258 227 1265
713 517 1836
936 49 151
390 130 1607
834 714 1660
913 731 1427
667 569 1268
880 479 472
553 109 1737
497 214 1094
904 521 748
876 253 31
770 120 360
498 457 1108
896 153 1904
718 579 898
483 376 1262
702 516 1452
747 232 1289
683 187 1919
206 53 1812
472 98 1629
547 73 1312
889 455 419
915 699 896
713 573 690
899 469 1457
741 626 815
869 856 482
535 161 1530
138 110 998
602 155 353
934 680 127
706 91 1028
401 27 3
557 48 1691
874 407 1877
735 120 1237
756 746 809
909 599 1322
734 23 1123
846 209 1246
457 27 754
535 316 1073
915 705 204
704 117 1949
974 151 1069
862 709 374
981 106 1141
939 395 67
206 148 970
842 245 1304
919 418 57
897 785 690
849 146 1937
405 304 590
924 338 1539
710 666 504
912 475 680
819 727 409
909 139 509
314 138 1912
885 418 877
838 702 1727
957 899 83
979 198 1343
713 571 830
651 584 1766
975 282 400
504 257 509
497 489 1267
529 337 470
155 19 790
318 37 1010
807 692 1618
481 107 812
667 349 1800
265 117 1684
754 537 683
574 366 682
53 11 1843
777 769 1711
569 525 1517
86 85 1221
828 520 273
831 732 1043
844 179 998
603 188 818
720 70 597
965 191 894
492 40 46
630 149 1593
954 773 1107
566 217 1382
654 118 997
773 763 1078
416 316 781
340 160 1975
812 261 1702
574 21 446
719 44 245
566 68 338
516 270 477
797 614 1255
768 120 1020
418 17 61
739 155 380
619 18 946
889 383 1827
821 218 1748
940 258 779
507 120 685
204 181 1661
392 109 1515
618 249 1393
618 290 17
749 215 1408
924 735 73
316 2 459
399 81 1252
829 174 498
622 80 559
123 31 656
191 33 927
786 698 1057
874 83 1321
853 804 1026
844 217 1427
708 552 198
674 474 1439
634 92 1932
711 82 630
528 247 1660
445 377 345
679 167 314
819 606 1830
544 522 1944
935 514 901
260 108 1873
704 420 1480
259 98 155
315 147 1412
692 490 786
593 278 99
940 712 855
240 69 922
669 104 1984
866 332 939
900 33 1195
686 105 758
873 740 390
942 260 1416
372 181 1160
547 217 215
474 330 922
492 22 979
352 301 1378
905 147 27
195 140 1853
455 325 1261
886 720 934
596 187 1195
816 142 1798
729 329 1703
941 675 1757
881 4 969
283 66 1307
546 224 1864
712 398 360
650 27 1508
698 227 378
654 638 1107
552 500 792
926 170 663
767 109 1693
406 161 137
605 428 335
460 306 405
423 143 1410
975 811 133
385 340 1015
888 82 491
441 323 433
929 484 1682
312 158 1412
730 593 1050
557 522 1133
271 139 1497
457 160 294
953 156 601
757 526 481
950 544 1937
812 369 969
779 182 1199
460 93 362
430 227 1437
825 424 1925
451 91 1861
517 509 1683
960 392 174
802 163 1325
797 247 1684
891 208 1624
323 254 1125
606 106 266
785 445 370
941 420 337
844 237 926
685 409 704
910 348 1750
504 116 1850
935 656 1150
499 323 1820
756 434 923
681 222 346
888 765 1503
530 119 1315
970 918 737
384 144 1864
547 12 1944
918 675 95
699 40 539
674 657 1409
592 370 1388
588 562 1932
551 384 686
729 258 148
354 77 124
874 166 259
324 263 3
855 251 842
621 448 1562
272 266 1912
597 566 1201
984 336 420
888 152 1120
705 8 978
565 91 638
488 425 142
729 437 571
523 59 857
372 117 752
747 711 740
888 451 1825
727 716 1954
739 631 9
902 444 650
733 719 231
914 509 1795
950 449 761
799 501 949
442 99 1326
769 78 580
81 26 1275
612 550 944
718 152 5
700 251 910
950 106 1177
189 179 1655
804 467 1267
667 333 1663
639 319 289
801 252 726
890 760 155
800 229 112
787 685 1775
662 212 1017
554 157 561
926 65 94
806 775 1519
794 174 915
972 11 1847
594 282 1724
457 342 1397
605 319 556
252 48 1827
664 590 539
307 2 1496
847 325 1359
816 241 1101
532 135 242
980 823 1639
427 421 1218
656 238 375
935 631 126
943 510 678
704 310 1746
457 66 1748
865 554 1630
391 303 393
559 53 1331
521 48 1433
272 23 1575
523 213 216
906 697 1365
963 329 1724
734 128 629
969 296 542
281 16 384
869 132 1804
504 222 1608
717 273 164
623 110 112
782 418 1935
307 167 1947
804 732 1788
919 682 1496
935 461 1012
483 116 567
707 153 1835
875 498 1247
642 451 1063
879 692 1165
972 507 236
841 690 134
399 138 1610
828 335 575
510 338 683
470 112 1822
764 310 1931
565 105 554
395 222 1198
526 10 1852
972 833 1053
844 21 858
491 78 171
711 619 1497
751 648 1623
840 143 1946
774 439 474
805 593 689
788 668 1538
441 108 13
417 155 1990
705 75 1784
778 140 1735
263 134 471
469 21 576
756 567 547
957 839 1601
442 39 1003
676 617 322
918 102 814
745 191 1694
675 624 390
401 45 187
826 786 982
292 48 639
766 685 1137
503 466 1847
842 805 1654
891 774 305
803 368 1585
573 155 979
183 77 1845
513 156 1441
869 376 1270
847 256 277
911 311 1547
854 36 1876
751 499 741
601 515 1755
409 251 1103
870 332 391
111 1 1479
751 394 50
446 113 1459
99 38 220
332 86 564
430 354 1425
371 342 897
395 215 451
83 30 1167
695 6 1380
426 232 486
399 75 986
885 459 220
898 95 541
790 395 1175
961 392 1122
966 681 1336
820 71 694
983 9 1218
545 192 1534
790 554 330
807 598 719
646 275 583
197 136 1396
279 102 1695
619 427 1828
799 499 997
241 176 506
225 48 332
658 426 1799
609 499 1589
476 221 135
411 12 825
109 34 612
907 71 418
838 419 720
542 251 1978
980 560 1368
604 462 1448
978 693 988
889 75 990
470 397 1259
974 803 1518
847 534 1150
879 337 405
987 756 1075
739 348 1145
633 173 122
283 191 1651
834 221 381
535 169 976
915 124 1893
748 39 1378
850 615 1479
768 348 146
238 110 1685
473 391 412
828 280 959
387 366 512
606 84 1836
531 182 1507
105 101 13
766 401 1593
873 76 471
597 518 921
738 144 1565
579 149 1793
871 164 1246
761 177 278
910 783 1490
687 203 357
59 52 1619
455 424 1937
727 570 1116
522 514 1529
736 364 1781
318 84 1262
557 231 967
940 45 1878
371 22 667
955 329 757
337 174 1418
848 585 231
887 12 1664
907 137 1649
823 575 1559
492 348 1101
852 57 1428
965 293 1731
904 288 657
646 372 1717
810 728 1602
934 759 1699
571 210 823
944 53 1125
831 698 767
941 301 346
897 774 450
369 185 479
891 397 831
546 144 219
485 315 900
137 42 484
897 782 1515
499 368 1029
679 202 21
815 604 1659
688 475 1478
808 806 1103
542 307 207
872 4 80
815 549 765
882 600 654
694 613 1443
873 299 1091
921 756 1473
857 211 70
370 212 641
774 363 1358
586 548 508
840 493 137
151 27 730
865 70 445
871 625 706
955 510 493
988 932 1091
978 34 237
945 89 21
962 794 112
271 10 620
753 343 969
680 587 1565
907 652 749
968 760 525
167 53 694
387 19 1392
964 365 971
364 225 144
936 651 333
722 179 699
876 71 623
473 353 1718
875 750 1902
874 381 1682
674 162 1047
916 586 1013
871 529 307
915 314 1921
463 80 185
262 130 1249
933 115 1997
521 286 388
929 567 411
880 246 153
791 743 780
571 64 675
932 183 345
540 453 808
413 205 1129
165 139 331
681 343 686
427 315 1526
404 53 489
535 223 1307
753 553 843
939 302 1876
967 568 1350
842 532 1368
124 17 1255
399 73 971
168 141 1470
740 190 1187
804 446 1004
745 557 1633
978 219 887
143 37 673
464 221 534
478 250 543
767 25 990
893 468 1927
951 379 726
830 418 1715
716 413 1365
973 349 927
686 597 1654
846 244 1989
868 857 1582
868 430 1191
938 845 518
636 579 1119
630 107 927
886 525 177
974 41 65
907 764 453
439 218 649
361 286 1214
567 161 1380
666 586 415
921 794 1609
983 386 328
557 350 398
867 654 986
787 743 837
886 433 886
759 557 1445
808 574 1917
338 158 312
754 359 1200
649 372 906
749 643 1822
666 333 1190
937 232 1867
923 857 415
804 105 436
197 147 272
350 230 1348
210 103 785
332 14 218
638 238 145
618 263 725
881 104 21
534 404 1366
333 56 369
812 500 569
659 199 370
270 104 780
706 29 1348
475 234 1088
659 280 1890
634 356 1799
907 425 783
603 155 1783
706 427 1956
772 443 178
336 115 1430
266 140 1663
438 176 1906
585 391 1078
724 513 696
782 379 549
444 236 751
621 424 172
447 56 994
613 471 524
309 145 1285
496 2 1714
781 230 30
783 708 1959
978 706 1703
81 60 1684
304 72 1712
310 199 636
710 515 1631
806 451 405
69 57 1261
969 931 1749
806 802 1993
721 356 724
861 539 1304
775 187 794
579 192 1464
350 106 503
212 58 733
882 781 1927
344 43 1162
901 849 541
911 194 133
428 14 158
720 588 1472
634 544 22
782 733 1771
847 195 944
983 822 1421
631 453 1733
408 286 76
895 66 1473
945 716 390
589 320 1116
965 219 150
710 502 1726
609 511 1807
453 389 46
958 144 54
130 105 1103
471 58 397
727 330 1984
51 23 816
769 218 1722
239 194 1709
947 752 1053
385 244 299
702 653 1275
543 299 1665
760 366 1814
546 222 999
740 369 1647
954 531 452
799 548 296
754 391 214
545 430 1246
539 354 1403
538 159 432
227 194 1650
289 189 27
515 277 1016
545 90 1306
247 188 583
861 72 1037
225 15 1099
928 231 722
787 522 882
703 252 138
610 219 1006
384 27 1055
983 774 1086
509 370 831
964 346 1883
531 288 872
923 548 1279
823 680 1011
319 307 1519
473 39 898
738 421 876
830 780 791
689 294 1974
189 62 751
963 890 1793
369 259 1150
684 623 1479
87 54 1739
597 425 347
569 256 1970
231 226 1559
700 318 586
524 383 1211
936 393 491
243 194 77
975 361 263
891 607 1370
919 364 1668
676 243 1803
627 27 1624
517 395 1417
804 797 648
912 446 711
796 135 470
697 15 543
307 57 725
746 500 144
297 201 63
765 730 144
704 421 1045
627 398 944
723 192 1816
895 374 1940
86 70 566
706 543 613
824 282 1689
726 533 1931
662 323 1008
857 818 1764
890 583 1992
955 910 1304
239 87 161
619 267 1512
812 396 1503
904 384 526
862 689 1735
378 128 1483
426 278 553
818 77 905
702 212 70
974 678 521
891 494 80
404 303 1417
864 300 1791
953 8 1781
475 248 1005
444 279 1688
714 322 387
492 322 992
247 49 724
346 42 137
736 256 627
515 190 1210
490 85 496
317 168 240
250 174 831
980 755 1922
590 304 652
618 558 898
820 18 663
864 439 474
714 395 846
964 205 1383
809 729 1755
529 417 1524
879 411 1257
985 182 421
570 331 1696
874 730 485
359 41 1073
587 147 103
680 247 1542
301 16 961
841 738 620
943 119 1150
768 186 942
413 355 287
514 427 1224
467 281 237
605 269 1455
914 910 670
594 545 1498
346 220 927
969 728 1525
251 116 167
858 182 816
662 636 463
278 147 289
517 261 1451
659 160 1357
988 212 925
606 133 1214
398 64 1154
904 787 1357
877 828 1894
917 512 1457
858 151 1794
374 287 1043
324 128 748
968 923 33
784 396 1969
809 744 861
657 572 3
986 473 1283
627 180 470
713 198 1968
404 228 449
858 17 1581
507 358 1830
880 670 1013
105 95 72
976 180 155
721 593 582
442 7 1642
971 430 1514
535 133 539
939 82 1968
193 151 1995
929 44 1672
676 395 1926
752 640 1401
879 872 869
976 702 1102
692 348 1403
579 401 1272
897 253 1439
909 501 1487
651 146 1077
987 917 1820
426 348 1806
941 61 1811
856 404 1835
585 90 485
813 721 289
343 106 865
784 763 1564
490 262 1735
617 456 135
241 226 333
224 120 1424
528 31 663
914 135 1091
818 688 1100
515 342 121
866 465 841
683 120 1084
873 515 1001
361 114 427
563 70 1445
965 515 1387
628 294 328
583 509 1662
856 393 107
463 126 685
748 350 1258
933 42 865
971 546 826
570 73 637
728 44 1004
759 405 1546
952 402 148
871 716 26
864 412 324
666 175 1301
532 227 836
490 233 1576
703 132 1095
511 48 173
884 105 1428
545 211 1418
178 20 727
827 259 333
901 538 547
825 766 480
658 328 426
791 516 1929
858 81 1732
510 233 87
274 225 292
829 340 768
953 340 1347
906 285 1811
141 107 940
966 540 459
374 85 1928
767 661 885
743 133 909
957 20 121
799 550 948
339 286 1310
542 446 1074
686 518 284
961 544 1846
630 575 1502
830 570 327
886 581 1571
926 697 1570
616 610 142
901 245 1248
979 728 1176
607 357 357
710 416 885
519 329 1236
649 566 1049
718 445 1823
616 450 1213
646 56 911
830 361 1701
854 601 802
595 198 204
429 10 1243
585 126 1133
857 572 426
538 182 1964
824 414 1774
753 721 1063
813 422 541
891 701 323
826 174 457
819 198 403
950 469 924
848 467 516
421 25 1486
844 468 438
955 549 1425
603 193 422
840 786 695
676 405 12
184 32 1504
577 519 1498
861 360 246
608 588 292
922 443 35
523 169 1260
410 121 554
691 578 789
445 179 417
488 407 17
899 461 249
840 133 1706
845 417 102
487 410 653
490 76 847
492 100 1071
695 535 1185
694 298 184
943 500 1385
377 137 552
800 407 1213
636 626 1749
310 9 1689
852 540 423
334 291 1592
497 301 288
842 183 1582
342 147 1845
597 178 1987
855 270 436
735 384 213
934 383 1300
451 233 507
800 259 158
888 83 1403
544 335 1566
483 416 747
865 153 951
859 158 1560
876 697 397
800 240 1849
509 166 1635
956 861 1254
705 578 1679
891 590 163
845 566 751
554 166 1352
760 162 1193
379 304 503
250 68 85
536 47 1664
255 186 1544
715 63 158
366 250 920
737 735 193
185 139 590
912 109 1203
440 215 1831
651 296 785
761 676 1974
454 331 366
896 159 1362
818 706 1220
810 755 1723
583 559 202
480 246 413
583 190 1829
420 323 1720
611 309 51
399 281 1588
741 561 1581
867 503 363
216 188 553
260 219 1078
984 421 1764
457 386 1876
943 787 1769
983 331 1046
883 125 107
329 168 976
736 690 765
922 872 1373
547 529 1629
612 441 1299
643 613 85
358 91 508
225 151 1188
607 353 222
896 198 1466
951 300 277
886 359 564
895 44 1786
184 81 795
889 627 236
485 206 1159
934 577 388
254 68 422
342 78 65
818 266 1066
263 98 1990
589 333 1517
276 158 1264
351 238 529
889 157 1800
516 365 1353
964 960 1835
783 417 478
441 183 843
841 559 79
536 477 696
649 514 965
950 729 326
507 369 1319
949 830 1536
542 68 1245
949 87 373
909 421 1609
552 129 149
988 403 1986
725 15 873
225 203 703
979 385 738
784 42 826
722 296 895
464 439 248
243 96 747
530 208 532
739 256 1455
762 685 234
743 126 507
556 190 1977
822 814 1382
515 262 1284
813 307 418
954 746 1637
781 472 64
175 171 1235
744 652 1049
988 931 1687
701 434 38
774 157 210
766 564 1402
789 112 274
340 58 889
565 242 440
696 295 1148
429 399 191
594 412 882
814 329 1765
977 59 1516
810 311 1858
722 66 227
415 224 1513
851 499 1058
827 600 1821
718 334 1223
849 782 841
504 118 714
818 193 177
624 91 791
960 930 735
592 477 551
233 203 1751
230 192 1955
314 135 625
414 81 924
714 394 11
263 135 889
530 186 634
899 825 1032
366 125 1252
535 60 592
607 109 1236
986 335 497
511 405 155
601 524 926
639 98 1452
649 451 1453
354 47 1504
667 256 761
986 654 1006
753 25 226
753 87 134
922 856 549
889 104 1130
794 113 312
143 16 805
986 94 1952
613 584 1878
77 6 1253
335 48 1700
587 53 185
970 11 826
320 264 1150
292 142 1866
947 944 100
184 65 822
937 458 1475
928 175 1958
134 4 1179
472 216 71
469 312 574
444 68 241
748 157 118
832 508 585
916 282 1672
18 13 436
981 410 929
389 138 375
596 13 1631
639 11 1179
522 321 1270
876 393 175
559 48 1928
794 554 86
523 365 311
377 243 1726
376 241 170
629 393 260
55 7 702
622 551 133
983 475 516
688 284 1848
503 71 628
691 219 602
891 111 304
927 596 516
583 102 1622
805 555 31
327 295 1381
729 535 924
542 430 1698
637 60 187
853 14 218
687 466 1357
910 451 119
779 16 1002
664 169 904
815 283 380
682 142 1288
510 357 1943
594 63 1390
459 16 1176
550 81 987
460 180 11
951 544 414
963 741 685
649 279 1686
927 362 1706
885 20 1850
531 116 1419
757 542 605
626 530 456
871 504 441
219 180 784
872 414 303
921 490 141
604 466 49
636 582 1169
176 43 1365
464 148 1032
726 634 954
785 249 918
414 356 1402
966 780 1166
767 439 1912
554 267 1881
456 243 462
835 305 1518
792 149 694
771 373 429
870 268 791
504 97 68
768 733 893
882 502 969
958 82 142
555 152 1234
262 224 573
858 218 988
675 23 1344
404 184 479
914 365 1120
216 7 1761
210 69 578
134 117 430
269 195 1273
449 27 1845
975 693 1328
780 111 1079
635 222 867
775 204 1407
490 375 1295
903 258 1547
688 118 1884
982 114 1611
929 413 1939
517 125 855
952 320 836
515 253 1186
679 199 224
722 105 1504
676 383 1792
795 137 1130
958 85 1269
335 232 1374
700 65 1960
479 208 1969
897 602 1560
504 368 371
668 587 205
472 315 256
439 6 1690
363 193 451
239 156 1220
714 503 535
576 321 1991
845 552 1189
508 304 1770
174 11 1304
613 486 1429
930 850 905
608 466 1736
301 63 1928
467 269 679
946 428 88
171 130 1607
915 562 1420
951 732 1157
621 309 1049
297 154 49
448 385 598
431 88 1046
755 357 716
756 630 840
557 327 717
569 472 947
829 804 1736
777 76 1130
719 109 1352
964 405 259
765 148 595
820 782 1474
595 231 1985
177 46 470
640 535 637
422 8 1875
591 81 534
396 270 979
690 578 1421
910 629 917
215 180 899
571 92 1602
832 229 1
584 204 1705
752 8 621
898 288 1514
886 454 507
975 700 1688
275 61 1577
505 438 1833
86 63 55
920 831 1198
725 684 565
540 1 1561
730 292 1720
456 295 1006
509 294 1281
944 769 1105
805 233 1780
895 434 1479
862 221 166
728 164 835
717 206 500
779 378 1226
904 788 712
859 166 1105
302 168 925
186 84 1548
673 22 391
395 80 1525
938 22 1543
774 8 1722
706 194 1973
898 108 194
618 107 1063
469 106 1080
647 422 1778
961 352 4
956 369 1088
375 300 672
834 443 893
238 61 133
688 613 1815
870 317 164
877 873 192
736 111 929
780 65 653
422 106 1366
348 322 500
787 72 758
642 571 1908
297 78 653
380 14 942
348 293 776
240 199 715
947 398 373
610 126 60
653 291 1209
830 522 846
532 445 412
984 424 1064
563 2 1348
240 196 555
522 217 485
565 278 88
559 141 1256
960 11 1147
614 506 280
323 216 1714
147 139 1703
740 347 344
816 618 39
488 82 746
923 485 987
983 259 771
384 174 255
460 255 1561
511 166 18
858 462 1555
812 349 193
602 546 882
635 366 964
553 112 663
411 265 1916
886 104 747
879 177 1982
909 776 419
874 229 1395
814 510 1053
945 419 966
774 236 1322
839 817 48
979 846 679
713 532 588
674 600 1178
757 633 649
384 55 1274
967 95 687
988 564 691
473 58 707
643 610 429
377 62 689
502 452 769
748 223 1610
452 333 564
835 741 757
893 740 639
963 492 1885
251 124 1373
753 476 863
610 334 1178
795 701 228
884 719 1654
851 326 1358
332 78 1903
967 127 644
767 457 708
957 400 909
975 516 1177
490 231 164
469 443 1633
874 38 81
449 367 258
873 665 1232
515 158 335
394 4 1900
556 469 1841
673 577 1180
636 64 308
719 30 177
751 479 1104
781 13 574
526 230 399
338 49 110
880 730 1327
669 281 1916
469 47 419
533 233 684
618 156 253
556 36 802
493 144 1854
712 556 1631
920 389 125
698 683 615
714 195 169
888 204 1349
844 386 499
211 87 408
927 441 1301
868 759 950
673 125 1886
853 672 207
938 875 865
620 445 1174
920 481 1394
355 42 838
629 190 1272
880 91 367
515 197 97
655 416 675
399 367 1822
867 671 400
509 23 318
445 286 1697
510 79 1159
541 458 1857
157 64 1995
723 642 1407
505 23 281
758 496 490
467 55 592
863 26 316
783 722 805
969 914 1851
437 51 447
878 146 1718
378 127 1562
558 478 1362
949 771 621
278 220 1153
254 251 811
154 11 1282
665 101 1234
946 474 371
404 329 996
495 457 644
661 102 1211
979 362 219
630 483 1470
430 394 950
868 800 1392
648 548 1533
944 729 1321
341 324 1602
577 13 1005
953 167 1823
830 69 279
773 597 11
702 466 1832
432 233 1798
308 145 1272
879 60 1869
708 255 682
359 250 1057
130 58 488
537 255 1242
400 133 736
629 127 519
741 177 1824
485 455 868
756 558 4
697 442 568
847 688 781
767 684 1306
741 568 385
875 178 139
943 933 411
634 291 1618
976 12 602
803 364 125
735 400 1720
841 202 1801
977 878 129
669 332 589
671 351 1129
394 128 82
132 4 1110
724 427 311
561 142 306
356 141 844
921 548 1257
786 178 1758
648 504 771
681 359 1467
174 134 1477
583 319 1031
647 626 1867
928 861 1173
404 313 1369
959 542 129
511 287 1290
612 428 1124
676 90 801
476 316 931
428 66 1032
835 619 1364
868 416 1973
916 176 727
216 62 1164
628 58 1276
938 172 978
584 457 296
757 23 1757
219 115 262
704 136 718
610 380 1719
198 92 1994
45 27 1105
910 575 97
864 443 176
529 148 1753
731 378 1009
511 501 1821
981 611 127
413 406 1942
748 730 722
636 37 720
755 400 1912
199 103 819
399 298 958
974 802 1595
680 676 586
489 143 512
860 266 1905
572 487 1876
917 35 1651
964 425 1615
544 98 816
805 707 886
950 417 1522
965 144 1508
558 469 1668
650 10 404
687 513 187
961 466 1362
334 254 765
663 403 1530
931 732 1134
311 149 404
279 238 1461
579 407 1968
670 344 1354
825 224 581
714 569 712
971 578 133
968 103 114
382 242 171
875 726 479
908 173 956
733 52 798
712 230 1158
384 58 478
423 40 1027
486 376 218
961 885 464
465 426 162
642 479 1252
685 514 543
863 107 1952
895 548 1141
549 409 827
681 602 73
396 4 536
976 930 417
350 212 1742
418 369 1261
735 272 176
933 265 1572
683 456 487
862 104 655
412 319 1379
744 286 1069
846 679 1582
444 339 97
533 353 695
116 99 339
636 462 1157
430 100 1336
927 469 180
851 448 924
167 133 164
687 206 1197
476 445 309
611 575 141
839 102 1208
745 371 1776
958 106 1697
328 250 750
212 152 83
466 220 670
707 670 236
492 280 1019
396 326 286
474 241 1983
671 195 1976
668 621 204
685 510 963
331 165 874
768 640 1745
307 265 1269
834 607 815
903 459 15
930 537 502
938 648 948
904 614 671
882 412 836
309 298 808
742 332 176
970 135 29
623 121 1628
691 421 215
988 902 1595
907 848 191
945 223 1659
586 541 1799
604 268 1168
499 374 947
262 36 471
725 299 1492
350 195 1011
808 462 1919
547 119 1048
696 281 162
984 625 1476
783 496 1389
311 267 528
957 415 507
905 162 1315
239 183 797
679 147 40
649 329 426
893 145 506
875 787 940
838 284 1728
524 224 722
319 167 1341
894 481 876
966 630 1583
770 740 1878
972 178 31
853 171 144
950 540 85
830 623 125
851 603 808
817 710 1274
632 437 1390
496 192 1189
778 195 108
825 32 1984
831 249 1726
749 619 707
924 140 1129
202
462
757
89
353
33
518
134
566
378
661
110
763
591
986
303
231
175
881
80
410
811
244
870
507
184
974
445
778
736
479
899
469
102
349
677
852
805
910
979
499
413
728
943
675
682
422
404
695
29
155
319
588
800
254
780
627
239
525
951
116
726
241
26
576
135
297
125
631
402
326
169
865
173
181
887
891
639
670
427
439
315
171
213
807
122
133
575
435
668
732
806
604
938
266
653
428
737
706
730
982
83
776
498
622
659
970
271
496
130
185
1
568
851
86
554
643
586
821
307
367
790
203
793
552
735
396
903
857
387
829
717
752
761
950
52
452
862
703
438
742
590
802
642
383
980
282
119
923
292
433
460
388
444
665
21
50
300
551
543
206
883
946
798
939
186
864
145
764
616
731
269
312
157
141
338
323
602
559
699
678
138
235
632
569
718
365
909
760
7
456
744
855
182
324
650
306
541
96
558
845
399
617
229
473
475
503
385
533
105
625
738
53
527
679
341
658
912
508
441
582
868
45
664
464
359
14
822
275
124
115
103
294
816
813
817
491
285
581
13
530
654
420
443
740
918
623
765
284
901
940
194
565
561
448
258
247
560
466
691
630
856
785
524
573
397
514
669
799
286
411
398
610
188
223
408
268
585
248
61
497
354
702
149
605
16
48
771
704
210
120
957
140
978
754
160
43
230
810
709
245
711
430
342
47
412
825
386
483
674
872
932
897
759
712
890
407
555
12
74
768
317
662
442
446
733
686
454
797
477
690
139
476
984
6
482
270
692
68
320
931
192
694
164
17
680
839
715
46
172
838
72
380
741
220
295
200
603
788
614
663
522
751
177
36
701
216
84
360
309
676
299
327
519
31
906
237
384
595
313
368
520
801
15
634
109
948
436
457
356
828
488
724
265
371
90
163
162
77
222
955
710
37
860
908
471
195
796
336
936
583
789
854
667
56
745
683
534
786
392
18
255
681
832
652
835
651
608
264
755
470
23
179
847
902
467
753
401
930
526
191
917
481
331
689
656
794
2
54
73
504
687
684
198
233
556
545
272
296
82
429
416
405
814
628
225
389
127
25
766
564
596
187
290
4
621
502
515
598
22
531
774
148
861
3
176
484
516
646
311
942
959
35
878
395
945
147
636
390
567
808
376
638
615
301
720
49
426
322
391
128
971
490
487
874
226
85
968
889
418
537
293
44
535
858
629
792
893
111
170
370
201
152
698
350
450
783
671
762
633
333
779
142
106
204
121
606
563
727
921
721
478
577
493
400
64
826
372
988
705
830
666
95
782
219
655
459
332
960
212
594
871
314
217
795
253
562
877
772
536
758
316
492
279
78
913
455
9
379
257
607
597
246
345
154
601
374
557
211
75
723
572
463
329
42
928
298
743
146
863
183
199
833
437
550
896
113
747
334
330
321
366
208
842
947
278
143
907
302
660
673
242
344
409
823
174
941
81
548
873
647
914
362
234
911
954
24
867
579
513
166
167
962
648
58
685
118
494
966
30
756
93
672
926
57
905
773
250
262
153
137
848
521
273
227
240
423
958
123
770
32
612
804
62
841
853
777
189
571
895
746
657
238
529
251
511
803
969
158
165
161
214
976
538
725
406
112
224
69
934
961
512
924
769
649
775
886
66
700
827
967
729
819
267
232
431
784
67
480
289
963
207
850
193
749
472
259
197
403
209
377
357
424
20
449
221
894
440
836
626
714
281
71
697
645
159
716
346
288
812
249
98
335
117
358
549
815
88
510
920
447
417
748
55
843
540
574
107
600
10
434
937
243
474
355
381
528
79
256
156
750
570
495
875
461
688
373
840
547
767
589
809
180
274
489
641
364
451
34
94
713
136
340
59
599
916
310
592
465
734
39
935
915
369
922
834
587
291
879
150
8
500
983
953
637
328
276
975
844
892
468
218
432
337
517
985
949
318
952
144
70
343
132
394
252
609
944
375
352
846
421
261
898
485
977
880
837
196
644
635
972
382
981
509
956
820
205
305
458
885
964
425
190
419
486
849
131
277
544
27
532
791
51
546
215
624
99
325
693
108
