1782 4992 951 1600
1347 574 1786
1588 796 1667
1230 26 1626
1343 1103 1997
285 263 136
1438 1261 100
1543 834 61
652 262 1031
1024 470 256
1024 417 955
1652 1175 647
903 623 1888
1163 170 1828
1647 89 1236
1514 232 750
1318 398 1020
1720 6 618
906 42 920
1283 883 1723
1181 793 1627
1729 69 1755
1706 884 859
1412 809 114
1508 742 1321
1169 855 1129
1334 86 220
731 285 1138
1394 1241 259
182 38 1915
319 306 1375
697 210 1996
1559 708 5
757 510 1006
1361 128 1807
1421 529 66
860 738 570
1366 650 967
827 750 764
1127 361 271
567 19 1906
1429 1178 1031
1162 680 530
1180 136 1005
1521 269 27
735 147 1868
1614 1009 1407
862 400 311
867 224 333
553 519 788
1272 139 1708
321 316 1274
1466 21 707
782 472 1112
1632 995 1946
279 12 1597
736 1 795
1431 96 17
806 378 1553
1178 89 280
1049 210 655
1301 998 1166
1056 237 1975
1488 891 625
1014 548 1815
1515 1112 711
1624 560 1022
416 402 1415
344 278 1073
1368 503 1348
1141 76 1652
919 865 1209
1367 991 657
231 138 11
1636 1600 508
1706 693 1119
893 96 95
1145 85 1037
1403 821 1823
1684 436 675
1116 1037 1987
668 18 1020
949 944 1150
1627 1604 1510
1310 1060 1125
1159 400 1081
759 466 29
1329 261 262
917 593 1491
1050 701 766
612 357 683
1114 996 67
1547 1534 515
238 141 1275
630 101 1446
142 30 1172
1026 136 1421
902 788 1849
1303 1292 379
1043 426 1178
1111 347 1401
797 455 1434
1695 1625 1292
718 665 1323
1742 553 974
1517 195 994
1764 744 198
463 254 1782
1395 157 1329
1333 108 1053
1605 274 1992
1528 66 198
1308 1054 963
816 668 1289
1657 1653 169
1221 272 1588
1188 276 993
383 137 604
1265 971 164
1071 526 1354
1676 1510 340
1616 1579 1359
1652 1449 1844
632 81 238
1536 660 1337
1595 29 168
1772 300 262
934 720 1659
705 397 1892
1378 409 1285
1133 93 229
1325 674 330
1480 246 563
1608 401 1245
448 198 18
1508 887 1262
587 349 897
1432 399 232
1702 1603 115
1544 1102 163
1769 335 1683
1418 252 808
527 27 740
1628 131 1143
1389 514 1591
1177 382 684
1715 1279 309
1303 646 1716
163 62 1205
1335 209 1835
1026 61 665
266 265 218
1467 826 565
1145 61 674
1425 975 1930
1290 214 197
925 594 851
945 120 1371
1474 1145 1465
632 440 408
1615 256 1892
873 758 687
1497 173 626
827 166 1312
1763 1151 1352
811 230 1828
1232 507 1476
1500 1289 1500
1516 1404 1581
1484 747 379
1764 985 208
1041 765 220
1511 496 693
1124 1001 1470
1668 307 578
1003 611 60
1655 1472 1110
1258 417 1943
1615 1021 1976
775 412 1450
1101 653 9
1025 344 497
1763 1464 295
1080 197 288
1083 412 564
1614 175 462
1568 1461 52
1693 936 376
926 745 731
942 471 551
1230 553 1455
464 208 1870
1266 631 320
1135 719 796
1768 1080 218
1051 588 926
1112 693 507
1762 1708 1110
1175 1029 129
1670 318 200
1374 36 382
1621 1365 264
1365 326 435
1458 444 572
440 356 654
574 268 815
1330 77 366
1057 419 1849
1396 505 116
853 152 1785
1198 828 1868
1696 700 427
911 98 986
1768 450 175
410 287 1913
1704 235 404
656 365 1810
1109 94 275
1419 1081 154
995 386 276
1197 962 1967
1740 880 777
379 192 463
883 806 1336
1649 1331 1700
1755 762 1046
1525 489 782
1621 984 649
1641 1007 1708
510 223 1918
1024 744 627
1605 1281 755
534 119 914
1116 801 744
1021 15 947
1693 592 19
538 357 802
1361 1060 949
1123 1026 1842
1144 1083 1082
1076 1019 324
1462 919 1771
1672 1644 1927
585 231 1864
1462 466 1640
1671 798 1583
1565 1526 776
1503 1060 1675
1514 1027 1666
1444 327 1642
1485 751 817
948 349 1886
1220 253 629
190 142 391
1304 855 1025
1623 1603 1081
1779 1181 1894
1598 269 238
516 395 273
1291 616 118
1774 1400 1353
1141 633 757
1015 408 836
646 611 325
1177 23 772
952 920 248
1717 231 1811
1491 68 1833
78 16 248
1193 363 1458
618 284 871
428 224 1948
463 46 1276
1752 268 1093
828 473 1528
1114 588 92
1717 745 333
1602 1000 1165
1702 1465 1240
1297 152 318
1254 1129 706
1154 692 512
456 117 408
1283 298 1826
879 701 1995
1093 644 1754
1439 795 382
655 182 1124
1396 1299 1461
1410 164 878
1733 696 210
1091 34 198
602 481 1437
1189 493 1777
395 307 459
831 639 662
1122 1082 243
1567 306 81
1328 1237 733
1182 376 780
1709 540 855
1628 18 629
1273 840 277
1336 1293 28
961 882 78
1710 302 1915
1599 1489 344
400 25 494
1395 483 475
1666 1584 1138
1080 121 751
1340 786 1121
1552 830 1412
1412 692 955
1322 1060 1495
1528 1287 793
1221 220 409
812 4 835
1326 1300 450
1446 84 1175
653 463 153
1082 499 1629
976 573 1928
1511 286 1270
1563 36 425
1782 346 378
806 680 1985
479 110 569
1607 326 674
927 260 1351
1004 854 735
915 657 1424
1619 900 44
468 117 463
1505 1086 1843
959 516 230
1765 1317 785
1094 228 1089
1707 648 1356
1539 827 1498
878 683 627
685 423 1055
694 57 1810
989 740 1666
1035 135 182
449 44 275
1754 339 590
1159 510 1138
1684 1075 1179
1404 1134 882
1416 739 1993
1213 731 992
1030 524 352
1012 340 1898
1223 1004 445
1616 324 1805
1534 559 97
1146 685 1268
1259 578 692
748 430 1938
1137 804 760
1578 967 276
713 439 1828
1145 1127 1015
1778 129 1015
1497 445 1402
1115 373 1202
312 25 1069
756 198 713
1654 946 1413
1471 1225 1024
1687 862 230
1390 694 743
1113 256 1412
1486 407 635
1284 852 1659
573 210 581
1207 825 888
377 43 396
976 574 1040
1735 416 362
1378 740 203
1556 573 1901
1380 1100 470
1427 1211 1353
1543 650 116
362 242 722
1342 652 542
479 381 759
1210 321 1692
1346 156 544
1236 432 679
943 463 547
1505 768 1001
1091 288 521
1257 659 1302
1644 1143 1237
1454 160 280
380 59 1443
1731 1651 203
1114 711 1843
1050 219 106
1728 1473 1649
1615 1565 180
593 263 325
654 224 264
1206 593 804
1712 1268 519
1141 168 1204
1131 302 1602
672 599 824
1462 447 1289
1397 1164 1279
1276 737 125
1398 685 869
1757 206 548
1359 121 1302
980 68 531
791 665 730
1012 113 1214
1358 1039 1531
1710 1635 629
1205 232 593
1341 748 79
1749 1234 1640
1657 392 1309
1468 1254 1787
1423 325 1018
1233 1049 189
656 582 1734
1444 1385 797
799 222 141
1762 634 1185
1755 688 371
1136 807 169
1715 753 382
907 639 870
1639 644 720
1585 1443 630
619 431 548
1526 1246 1518
851 227 953
1302 219 1167
144 34 719
34 9 1181
1699 1338 706
1075 1017 1045
940 479 925
1062 596 813
707 6 311
1507 500 1513
1396 112 1508
1192 685 1721
825 517 1258
1583 396 244
387 47 439
1677 160 1146
380 305 492
1435 356 895
1360 136 937
1130 507 1912
1512 344 638
1413 513 1420
1167 5 861
1489 735 118
922 451 1174
1343 818 925
1183 917 1269
678 516 43
1153 190 709
1537 391 514
1315 857 1500
1738 1070 359
827 191 888
1747 465 1672
1614 721 1524
713 479 467
1156 891 86
556 105 1215
1121 1068 71
1702 1511 1903
1486 500 935
1760 1537 1460
291 207 1489
1681 533 667
1673 1002 650
1512 1175 1734
1723 853 217
1723 1601 1626
1663 1135 606
1388 522 164
1287 986 1004
1342 576 1017
1305 232 819
952 467 634
937 209 345
1660 792 1636
1006 310 404
1400 548 1578
1141 1024 1960
1268 741 1990
1294 831 1391
1558 304 54
960 385 137
731 589 906
312 34 1366
1453 1302 1287
943 782 1299
742 172 1793
1628 1368 2000
887 287 46
1754 1361 1465
1746 170 654
1779 900 192
1573 1460 1505
1752 513 1543
1681 814 630
1662 163 1335
412 181 120
927 277 583
604 114 1600
1596 819 138
258 203 1175
1191 265 924
1074 888 999
1496 1381 974
1162 882 708
1758 1188 1677
596 125 275
1501 275 1799
1559 1021 339
1275 920 473
1338 682 243
1316 260 239
1715 1016 1421
1272 226 1647
861 24 1088
611 326 1619
1116 1006 1197
1433 765 1046
849 308 1415
1205 564 9
1587 913 144
1535 1354 334
1252 1222 1631
1049 269 78
1220 62 220
679 581 1458
1462 25 1305
1578 718 463
1630 1102 1016
1059 1055 1680
1075 126 1498
464 435 1538
738 378 1898
1493 27 1875
894 833 249
303 294 144
927 353 1749
1303 1139 1274
908 507 1384
387 223 470
628 126 566
457 323 223
551 235 1052
936 678 907
1008 989 1203
1496 979 126
1197 115 734
1289 329 1269
1738 998 758
117 103 1014
1358 1352 1458
762 638 1204
1250 435 1969
1407 129 1724
1512 1396 652
1154 677 744
267 185 1984
1001 753 1020
904 78 1262
993 536 624
1375 822 613
1602 481 1102
1660 60 1360
1024 4 969
454 358 413
1215 902 751
1517 1478 1472
1351 155 1699
1545 334 1812
918 640 1794
1674 1535 1239
1356 439 519
1558 637 268
1695 696 1780
1035 625 928
1624 1275 1635
1509 629 1392
705 642 191
1668 324 638
1595 1052 958
1662 341 1187
1181 707 83
622 13 1501
1162 25 920
1699 874 223
1588 180 1335
199 94 1488
1562 466 1608
652 33 1774
1727 829 825
695 14 131
1512 847 1604
937 128 1760
1405 1139 1572
577 103 1290
1523 198 1515
1055 596 1884
1362 668 1469
973 410 76
1477 266 745
936 856 280
289 159 859
805 582 1896
597 31 931
1772 301 1049
1665 981 1524
1661 1296 909
1770 1623 1871
1011 576 893
1639 1111 1615
1503 1166 1865
697 57 1828
1189 651 847
1292 891 936
1231 1144 941
1402 1315 1134
696 206 895
946 352 1823
1513 376 1314
1491 922 833
1665 149 494
1087 221 1799
1274 367 1495
1686 1361 985
797 173 587
1749 655 399
1160 447 1897
1376 437 575
1715 230 244
1622 259 1073
1523 516 870
1290 1154 1136
885 390 1692
719 265 323
1689 143 307
1762 1457 839
1325 493 1734
412 252 79
830 44 851
859 807 1936
1189 294 232
841 90 419
1354 1103 1325
260 58 1169
1106 41 1310
797 528 296
1606 804 291
1711 218 1973
1296 506 1623
1636 330 235
218 114 652
1582 1067 1820
464 383 754
1387 1282 185
1525 1046 395
372 80 445
1324 378 1394
1581 1331 323
487 361 1301
1397 599 733
223 131 1054
1541 889 1672
1201 554 599
1271 460 1400
1136 390 1315
790 780 461
1246 255 486
481 163 1744
1664 83 1333
1186 510 576
1202 397 1191
1617 1516 1713
618 482 1266
1415 1324 591
433 172 1349
1347 871 911
418 39 1709
230 150 976
1401 1167 965
1105 860 97
1560 433 1048
472 200 1478
1501 1217 1721
49 17 1078
1524 392 345
225 198 668
1090 497 1022
1437 43 1808
160 73 590
882 311 1338
715 136 1261
1073 243 436
526 32 541
1085 724 1817
1498 690 877
1500 1478 730
1433 1262 187
1266 894 569
909 520 1658
873 256 1503
1111 882 390
1392 737 1485
597 360 889
640 251 25
1593 1152 1159
1758 1597 1376
918 420 734
1516 339 664
1676 736 1128
1231 108 1759
1164 362 1934
491 58 1891
1660 450 1060
1780 1456 1880
1565 1184 1120
656 529 15
1774 1635 506
1596 247 891
1536 678 1145
1309 1290 1122
1149 1115 504
1711 312 1452
623 27 343
1672 222 660
1479 195 1379
1304 1079 926
1051 962 1795
1517 869 980
828 253 1915
1382 260 200
1271 1137 1913
1358 1221 1537
868 473 652
1099 886 1957
1594 395 1383
1615 161 706
1628 284 1501
1385 877 985
1669 196 1067
1744 926 993
1140 359 1825
1364 1213 636
1544 295 24
1253 598 1482
399 190 1385
1188 1086 52
1759 1451 517
1579 946 1181
1533 1443 1185
671 201 1035
1338 1149 1139
1677 567 1720
1241 887 1446
1779 488 1695
1455 726 1306
1580 1036 660
1577 1289 456
675 482 257
932 160 1119
1570 493 866
987 144 1260
767 425 1351
970 534 1193
1071 135 23
1552 1305 479
718 536 841
1008 224 959
932 191 1019
955 852 774
1281 498 58
1265 72 779
1241 508 1055
1661 1284 11
1098 449 915
1762 1621 610
799 611 943
261 217 1439
1162 1118 1022
1359 318 1172
1089 713 1598
1497 984 1277
1724 623 1681
598 148 180
1454 100 463
1025 75 600
1401 866 2
1666 166 1418
1558 1463 1015
1669 392 1542
1221 876 500
1297 618 212
383 262 1795
815 774 247
1023 286 839
842 148 1401
1223 1201 1359
1264 1250 1354
1104 1032 1390
1499 1042 99
1534 158 1498
1086 563 1726
1170 1068 1075
1325 113 250
1576 1172 258
749 389 1643
1399 914 925
1358 73 51
844 795 1029
1667 1242 318
1257 758 565
1075 953 319
1664 827 311
1628 444 1940
1443 1141 1542
642 240 1279
1375 446 568
1604 731 670
800 247 1230
1131 15 222
1188 271 1587
1691 1202 924
1349 145 1877
1678 737 34
1372 220 1985
1442 1159 1193
647 216 771
866 32 1256
1437 399 207
1302 615 209
1766 1407 1287
485 181 1619
1203 1016 945
1577 640 1305
1313 1009 276
541 262 52
1327 638 1556
556 21 758
120 64 576
1491 234 776
1447 663 1879
998 343 460
610 237 431
1146 756 939
1507 945 165
562 276 554
1698 1560 397
1593 1269 1557
854 726 790
908 523 1817
1510 725 477
485 158 116
594 446 1092
1583 677 338
1640 1380 1772
1304 1201 1102
698 411 1600
1718 1652 1462
749 132 372
887 732 278
1093 1026 435
1405 1365 1410
1068 415 929
901 36 700
1757 617 1940
1390 42 954
589 489 1913
1673 106 730
1254 778 221
1520 378 1406
1191 28 1063
1060 7 1310
1088 225 1348
1749 1129 1449
344 268 240
880 658 1315
607 333 129
1432 996 1937
1438 739 1017
1240 149 1429
1564 560 840
1531 1053 1260
1220 117 1131
1752 1525 465
1040 821 894
1279 888 1273
1212 1171 206
1428 962 815
1347 267 1216
343 59 1928
656 236 1827
1629 968 1182
1393 140 1455
1260 37 1981
605 575 684
1403 671 463
1584 682 1798
1769 1564 237
917 578 1330
677 148 865
960 869 670
1748 816 1238
1477 1050 1050
1051 89 742
1648 1188 1771
1618 1050 1692
1545 138 1398
246 74 333
1604 1457 1705
735 133 1286
1562 65 672
1502 1225 950
1216 972 567
1770 201 44
1162 802 600
880 459 1185
828 341 1226
1462 307 1335
1483 961 1581
1324 687 1937
1270 304 275
541 187 1381
967 561 1151
1333 410 1749
1644 90 735
1101 1013 943
77 3 795
1531 1529 222
1711 1305 349
1702 220 1524
728 360 1636
1430 453 773
1549 524 1464
1608 1438 1179
1197 915 370
1308 1030 1086
1038 593 1880
414 251 137
818 546 1834
558 107 436
1625 815 1720
580 380 1300
1357 875 816
1675 949 1669
912 234 939
1708 911 1825
1727 936 15
594 590 1323
1371 1265 1879
1329 414 1788
1252 256 152
1543 1251 1569
1743 552 548
1520 737 900
695 204 835
1538 306 1550
1603 1391 390
1708 594 257
1767 1679 1455
1474 1442 943
1602 286 1970
1369 231 48
246 200 1846
1781 1191 967
1215 279 1466
1648 74 1575
1244 791 1049
1504 1263 137
732 196 1107
1633 391 1705
1497 438 1406
1768 1315 957
1594 946 1083
1371 1340 1247
1242 628 182
1488 838 752
470 447 983
1715 1180 1817
1081 413 58
1237 324 1268
1029 233 1131
1316 606 1312
1558 568 641
1296 786 1290
1405 783 99
1043 659 1437
1049 684 604
1167 460 1261
1185 408 1721
788 179 578
185 133 23
1214 811 724
1195 486 1903
326 233 1166
1179 87 848
421 133 1909
752 388 622
1694 538 1167
1219 1076 495
1586 357 1196
1144 372 1185
1143 627 1427
784 216 1469
1265 901 176
166 115 40
1698 662 1952
1693 1382 524
1718 35 1531
1550 310 586
818 57 270
851 333 1414
679 664 1217
1459 586 358
1390 1304 5
1668 920 564
1644 498 1974
1189 805 1804
945 914 1046
1340 355 176
1616 724 678
1384 1 280
1008 730 1432
1642 698 916
983 935 1398
1626 1482 625
1690 752 1461
1552 369 738
683 196 948
1560 265 303
1403 330 1019
1605 1169 1167
422 366 243
294 181 540
1251 1035 1420
1528 220 749
1328 906 1384
1582 1452 1770
876 456 770
514 144 1900
1614 85 1665
1301 723 256
158 128 784
1195 43 871
1742 776 20
1537 21 196
636 475 1254
509 218 404
819 678 640
1622 40 568
848 519 397
1670 1102 322
801 632 359
1723 1530 944
1422 168 733
913 473 497
503 495 1607
969 680 1407
1023 479 1885
1612 68 1017
1153 174 585
1736 700 216
1602 959 1446
1609 1065 348
1772 857 1088
406 113 1120
1310 52 1835
1571 986 619
820 155 762
1102 58 944
1623 1129 1118
332 270 1545
1757 1516 203
569 346 1203
417 367 1560
872 194 837
471 400 1082
1081 450 671
666 547 930
1488 1450 1069
1179 936 405
1276 1216 872
1748 218 1682
1249 983 1315
1275 253 1392
1534 301 825
881 435 1927
315 45 1457
1239 1122 1670
967 573 1617
1103 267 787
1274 1044 1535
1289 368 1886
1130 1044 1074
1572 450 222
1171 778 854
1105 791 1114
1285 434 1719
943 726 562
1047 200 1083
1754 312 1842
1507 705 1098
612 34 546
1167 927 583
1777 1363 1158
1405 935 1356
1546 66 1765
1318 753 649
1110 964 1764
912 167 194
1333 931 1953
664 500 1640
982 900 1646
1394 902 882
1264 627 1830
640 487 1675
1689 49 1765
1337 1268 149
463 96 1560
1208 1179 621
1134 731 1471
1637 589 200
155 57 884
1498 1372 856
1079 36 1777
1088 469 1882
1776 746 214
1624 939 1106
665 592 514
1759 1719 847
953 523 1435
1632 1346 1618
809 139 897
1183 1099 661
1739 657 1011
1086 996 481
863 646 399
1051 90 1180
1495 547 1934
1501 632 1544
1550 1241 1014
412 219 934
1317 1203 1140
572 72 1226
1376 162 1129
1599 753 801
143 71 46
944 471 1481
1066 525 1162
799 420 59
1253 1087 160
1609 948 1982
1383 1167 1140
811 20 217
1370 1202 1480
876 704 882
1726 79 148
1462 1112 1283
1032 961 1486
199 44 351
1247 592 1381
1299 786 396
1281 661 881
1486 174 1878
1647 103 472
1616 14 1988
607 218 1186
1764 206 696
1664 277 1765
1443 310 1719
498 237 128
1416 1176 115
943 510 547
741 54 243
1320 356 1463
997 693 48
824 805 168
1759 316 1813
1053 291 260
486 481 1844
1068 406 670
1511 364 1716
1722 437 823
966 58 476
391 16 611
1720 934 254
1725 1010 1573
1514 40 115
1030 413 7
1561 1552 570
980 733 122
722 200 303
1303 765 1523
1174 620 453
1213 507 1520
762 183 16
1121 15 678
267 192 798
1233 1200 1925
1501 716 1773
435 434 1086
848 600 1493
510 81 127
1561 1117 695
938 26 823
1144 212 883
1342 811 951
381 10 842
1661 1178 1721
1633 1220 742
486 469 882
664 615 1698
1702 1183 490
542 390 223
1474 972 1740
1628 297 1216
1205 456 1210
1646 448 1513
1625 506 1813
456 400 1785
196 137 1647
1702 1352 1240
1614 1197 1581
329 78 1749
1774 1072 1037
594 171 942
396 1 1739
1681 378 983
1690 433 1733
828 168 1536
1536 1265 495
831 571 1462
1201 1174 1862
1773 402 1593
1459 1257 1116
1725 944 1232
954 667 1654
1122 13 1979
1655 36 46
1385 382 1870
1601 401 76
1194 719 1801
1642 594 737
1699 1459 1499
1493 696 654
108 98 122
1546 1362 326
924 880 714
1545 689 776
1333 737 591
523 471 946
1720 426 224
715 666 1537
832 720 1534
1196 404 1058
1336 432 659
1171 533 1377
884 842 802
581 122 1444
912 296 48
1040 386 278
1431 1312 1805
1771 982 195
1647 1310 1354
776 227 1354
1117 967 1487
878 298 1233
1378 1070 517
1484 321 1013
1122 381 1546
1314 850 880
913 270 1448
1194 471 467
1230 853 1118
1590 1135 1919
1660 123 1965
1594 1382 795
530 257 783
1614 291 625
628 589 808
1392 13 1620
1579 340 1778
1293 1199 272
1605 1413 902
1511 1264 721
811 199 1459
1061 579 1757
556 61 1199
1706 491 524
1175 670 593
864 77 1153
1687 633 1079
372 3 756
1570 168 1691
1481 1244 68
658 569 127
1147 589 441
1618 427 1358
679 198 279
1181 1124 1813
1693 1608 116
1719 377 487
1185 607 1375
1553 697 1582
590 450 763
1612 1037 1000
790 498 1786
391 316 277
1598 464 1263
367 304 1145
1339 38 781
177 59 1709
1014 41 124
460 400 1507
1392 1019 854
852 129 1254
1778 506 596
645 469 279
789 410 1388
1364 1352 1458
1256 709 1745
1378 1138 187
1338 1228 1634
1645 697 1408
296 102 1393
831 12 1104
564 132 469
1681 291 452
315 183 640
927 304 369
1051 265 86
1723 921 193
1569 664 1765
778 304 235
737 192 1369
1690 582 1397
1180 301 273
1194 1020 1219
777 268 1051
994 910 367
1631 638 517
694 259 1140
1652 1187 783
785 667 1300
1151 995 1271
1586 1569 298
1402 1374 1356
1307 462 1491
1391 1003 1846
1405 1093 1504
1691 525 1904
654 172 104
1639 467 1686
1472 207 1138
509 183 582
1002 111 146
435 139 1378
1319 1031 977
477 402 1294
488 162 1120
1445 896 29
593 232 353
1610 932 1608
902 226 381
1286 75 1594
1204 1131 604
617 467 832
1433 849 1498
1705 895 1824
1233 1108 738
949 206 1456
784 22 524
800 645 552
876 674 1472
367 262 309
1270 710 511
1060 592 396
668 294 1075
1481 809 1512
1085 237 1839
1376 22 220
1091 70 1929
1734 1405 1561
1469 500 922
1291 317 727
1238 493 746
1266 251 1043
1156 818 111
1753 1312 1899
1747 586 1823
1679 546 888
670 652 881
1777 189 403
1749 401 1232
1172 1017 212
1645 975 1515
1512 210 5
1082 271 630
227 105 471
1385 1110 829
1258 438 77
431 95 1158
1266 1252 1644
582 246 806
1044 417 457
1170 722 1279
506 355 1533
1115 466 1447
507 125 775
1554 386 1756
805 636 1354
850 342 1640
1178 358 578
1324 76 276
1281 896 1515
1540 1338 1080
1645 1 1958
1321 269 1138
1759 691 1340
1074 515 639
1415 447 715
1523 1256 1510
974 382 1395
1528 453 1971
998 966 1104
1592 1095 296
1737 1453 1058
1166 60 1287
1722 1239 1018
1050 764 616
957 90 1904
1763 671 497
797 196 110
573 351 1654
1477 246 659
1556 701 349
1540 726 1508
1163 921 1110
1046 283 532
866 801 696
941 85 1317
1617 1610 1385
1679 777 1864
1487 1250 66
1301 188 791
1152 265 1861
1686 812 1861
474 342 1649
1223 650 1213
863 20 1797
1051 262 122
881 198 1977
1043 771 29
765 466 1939
427 288 102
1761 280 814
1528 272 95
693 551 1229
1082 890 524
1047 536 1972
503 446 612
1562 1419 326
1708 1127 1606
152 73 1047
1098 311 1713
704 663 847
378 364 763
1395 336 1759
1365 490 1157
1506 849 1726
1001 715 1324
1145 222 874
1349 41 1345
1037 543 885
1610 1433 158
750 21 1164
310 305 1486
513 128 986
1503 659 1458
1640 761 1543
1473 844 1885
656 140 1186
1743 1683 1681
221 184 1922
1672 822 439
1306 1160 1783
1448 370 1306
1644 710 1667
950 362 76
670 377 1558
1117 622 737
1047 139 1272
734 509 1792
1697 575 736
860 515 798
1496 263 81
1625 1317 303
1381 230 1367
1430 67 1424
1059 232 1690
1721 1560 1447
1308 417 1200
1441 215 1189
779 373 580
965 142 485
1189 764 1295
1779 130 73
755 55 302
447 352 277
782 538 669
279 183 1555
1360 1292 1869
1511 309 878
1711 1484 1755
633 253 471
1194 542 278
1589 1028 1695
1734 768 1935
1252 1047 91
1306 1228 1649
943 213 983
1009 22 1708
925 315 1138
1754 605 462
1207 501 322
1569 1011 712
1061 268 991
1417 34 1650
1418 585 792
1183 434 1535
1453 1290 667
1659 1585 1737
1687 1304 1166
1143 239 1870
1513 17 450
1252 955 1410
270 5 1289
1559 142 610
711 258 1854
317 4 665
547 286 691
1712 467 846
971 919 353
391 124 664
439 217 1013
1605 1226 1737
581 278 936
1018 604 259
1445 495 986
1053 983 1377
1343 1134 445
1280 1255 410
191 98 537
692 341 427
377 369 892
1562 843 987
1538 1340 692
552 12 1001
291 179 1631
1409 233 1517
778 335 528
402 28 1398
893 105 1852
548 422 826
1773 1417 232
1534 524 957
761 348 1730
1603 278 240
1068 250 560
744 593 1982
1363 118 657
1280 973 220
700 582 670
1577 146 461
629 433 910
1550 1502 1847
876 629 1267
1322 1030 45
1662 1170 267
1641 1607 272
1048 968 1545
1216 214 284
1738 680 1676
1574 1213 1383
629 80 467
564 475 18
1604 638 1813
1527 1403 802
1700 1618 1873
872 286 1971
1724 814 1422
1218 1013 1964
1582 1066 1926
1541 752 985
1320 297 1712
1310 311 1817
1684 72 768
1274 1200 155
1000 414 1942
1066 513 1780
1606 718 1269
1195 71 563
1601 892 115
781 246 467
1353 721 1951
1740 423 944
1601 1152 1356
195 156 77
1403 425 99
952 573 239
1453 1353 586
1018 577 1070
864 398 1117
410 207 1935
929 702 511
943 449 856
1674 351 1627
1033 111 1980
1579 1480 718
1071 236 1882
1620 601 1167
1364 606 131
434 411 942
1407 961 665
1449 847 1589
1575 101 43
870 21 843
707 292 522
991 366 667
1515 256 919
834 312 1257
1564 1010 1582
1735 199 1643
717 268 1116
1760 17 1291
1601 616 1702
1631 301 1719
1676 908 1518
1509 1028 1434
1293 826 60
1477 1284 319
960 282 97
1143 557 501
1457 1076 933
1616 205 550
840 760 590
1332 673 408
1710 1107 126
562 326 919
1216 268 1644
1306 1200 1543
1711 874 1428
1473 410 1904
1602 61 109
480 100 1275
1579 1202 1201
994 226 124
888 202 447
1694 1073 1171
853 14 472
1221 562 1348
1478 136 1653
1661 1514 730
1023 494 829
1488 1402 789
1004 452 225
1265 382 744
1085 934 195
951 78 1963
350 83 793
610 501 1468
1634 1423 917
1424 458 264
557 489 147
1774 817 1297
1148 1069 81
704 296 818
1426 1170 1380
746 609 1228
1196 173 495
1271 247 1733
1586 938 1604
1020 60 6
1459 938 1814
1592 1050 174
1735 1403 1222
1740 1640 150
1338 651 1925
1778 1215 1172
1782 1507 1559
1634 21 1943
978 965 331
1613 982 1601
829 819 1820
669 284 1565
1763 1022 1871
579 393 1148
1672 1224 853
223 216 1317
793 497 669
1433 1166 1767
960 655 1814
1363 441 64
1706 591 588
1169 1043 1496
484 294 425
1458 1457 1903
1744 1284 284
1142 39 1382
1302 616 711
1780 788 588
42 26 978
1717 1462 1887
698 561 995
1429 989 517
980 771 210
1554 910 963
1077 747 106
1540 505 1450
1342 235 1840
981 446 1884
1422 421 27
1541 1112 413
1728 432 1193
1764 1309 236
647 316 824
1687 1622 1138
981 497 1476
1101 525 351
1109 665 654
476 264 212
859 698 1376
1299 89 1298
807 703 220
1609 974 1946
1252 915 1894
610 146 1428
1404 73 1049
569 132 473
232 126 767
204 55 530
1166 377 497
1629 1529 170
1359 1008 576
1525 15 1712
1544 1445 1889
1370 1170 229
630 40 1013
1473 559 813
1199 866 1544
1611 1054 1911
1614 1455 317
1635 1448 1990
1365 980 955
693 675 1368
1611 659 1933
291 63 239
493 356 215
1358 1168 1476
718 556 145
1241 544 675
1437 1181 1794
1667 1357 1068
765 187 1663
1407 754 655
1611 1195 440
1302 671 1910
1461 1144 1543
1748 485 349
1134 1001 1151
1081 184 1816
1262 978 206
1666 1599 1052
1386 1108 953
608 251 1683
1403 1191 1093
1225 974 542
905 692 1807
1343 198 629
1691 1376 354
806 434 1187
1597 931 243
1664 469 1967
252 215 375
1009 860 1311
1385 492 876
1770 1692 709
805 617 968
1317 814 1828
1373 268 976
1139 864 592
1574 1495 1391
176 31 1586
1610 484 974
1726 267 499
1611 367 1953
842 476 413
1464 492 141
256 6 899
1713 1529 209
845 401 537
642 530 261
1641 535 352
1630 62 714
1161 497 473
949 781 826
695 274 581
1321 843 1213
1337 502 930
1485 366 989
833 584 134
311 153 1452
1496 731 1569
277 109 1634
1648 205 830
998 442 1210
1547 1037 67
1726 372 561
1699 45 1903
1677 1057 566
840 56 324
1483 1018 1996
1508 330 1255
1769 1386 1215
1626 594 1063
1684 1533 1941
793 575 73
895 478 1835
1283 989 327
1277 1161 324
559 153 1658
1452 1424 433
1541 366 139
380 351 1144
1443 806 1243
1636 547 1342
1081 300 617
1754 381 343
1611 1351 1530
367 220 1225
831 684 183
983 295 41
557 115 1434
1287 70 1285
1594 661 1359
655 637 1158
496 50 1222
884 773 1273
714 272 1228
1731 1373 1212
427 50 1506
988 738 899
1499 916 126
1467 1363 830
1282 91 1793
1700 97 1610
1754 592 580
1108 943 1952
1686 1316 1116
1310 576 279
1711 629 1423
1650 67 1031
572 139 1165
695 346 241
1442 113 280
1086 621 1987
1190 166 412
588 189 1110
756 514 210
1416 329 853
1331 99 757
439 66 1465
1692 419 1020
1045 755 545
1412 495 992
1654 751 1820
1382 1121 169
834 14 1034
1430 760 1374
819 470 1120
951 124 1505
1698 329 175
955 467 446
1483 602 729
979 293 1386
587 507 452
1298 626 65
701 516 553
1668 1096 403
297 103 1364
1322 1257 863
1558 397 785
1717 424 1765
321 276 490
1021 35 1761
1177 308 1033
1504 563 467
1646 328 899
685 494 1565
1606 1069 1197
1466 806 24
907 178 1381
968 475 631
1252 53 122
1421 197 1681
428 308 718
1572 252 676
1257 474 1509
914 721 1710
1669 1003 1842
1020 154 542
929 102 1115
620 9 1485
1195 326 1291
850 421 1914
916 800 1461
295 1 1167
1579 72 1522
1286 689 297
974 141 1098
558 251 792
1158 619 614
451 237 254
521 469 1962
871 144 1038
1574 588 370
1259 1100 406
1614 206 323
1711 423 306
1734 1136 1755
1300 29 1346
1559 692 1733
1541 399 1633
1301 632 1506
1610 361 1909
111 83 1467
567 5 986
778 165 1905
854 447 879
1625 1034 725
1713 526 374
1182 529 410
1359 383 1370
1378 1042 475
824 145 443
439 122 601
658 2 1455
51 8 1568
992 817 534
694 321 1522
1444 496 185
1325 34 399
941 877 4
1009 613 667
1214 446 1331
1201 1146 564
1004 894 237
1726 245 191
1422 547 51
558 441 932
1484 1400 963
1261 571 169
1652 1392 1849
1752 726 1560
923 725 1412
917 130 1431
692 247 716
446 129 1571
116 33 1023
1101 344 1385
1267 67 612
1761 1181 303
1354 1318 1026
1090 764 1184
847 814 1515
841 245 53
1490 1147 393
1271 721 550
452 145 150
1400 1003 1096
1370 64 448
439 312 1815
1497 224 784
1552 672 319
1204 253 1102
850 37 1099
1763 1366 1732
1140 276 563
803 763 1481
1219 94 917
1264 940 50
587 46 1260
1573 339 156
1470 1293 1048
470 319 1771
1551 1380 1615
398 251 1367
417 112 816
1514 403 78
631 237 1623
1396 798 633
1529 895 1792
325 31 1448
1735 174 423
577 386 1223
1615 852 1627
920 738 1086
967 709 266
1607 1511 1274
496 311 980
1457 1071 166
1367 1218 621
913 564 408
1533 69 410
1278 170 1450
765 610 1913
1366 1036 404
932 23 282
229 61 194
1519 295 1609
672 174 91
472 382 95
1001 691 190
995 456 1692
1687 196 399
1291 1154 1731
1566 231 28
1349 1249 1226
1759 853 684
1478 967 1493
1101 822 123
1670 305 859
1453 868 649
260 127 1981
1502 593 198
1650 294 311
1596 762 334
1488 290 1944
1200 801 338
1533 813 265
1736 819 866
1392 786 1919
1412 142 266
1093 352 69
1550 921 975
1360 577 1307
1381 58 90
1491 1062 1672
1185 755 1680
1026 987 1258
1147 533 209
895 503 642
1054 578 1629
1136 1107 1100
1329 294 74
602 532 742
1708 1023 1490
768 655 1127
759 498 1335
1522 204 326
1555 633 1862
1454 1315 179
1767 369 1437
642 363 1625
1393 853 1009
973 801 1272
1171 270 1532
1479 1187 1755
777 695 1721
1130 959 824
1311 632 1478
1179 1092 1206
1022 18 1964
1419 47 1736
1144 585 809
1588 633 1972
662 351 1567
912 119 745
1203 473 1803
988 493 519
487 162 1508
919 362 1316
1257 956 1193
885 794 1767
960 817 510
1032 925 1211
1470 386 518
1467 1135 1843
406 317 607
1571 1180 36
1008 514 1865
1710 658 712
1359 1338 1463
1518 1257 781
1155 889 942
1340 139 57
1643 1160 271
661 588 1763
1637 1549 1797
90 57 1678
777 757 474
819 618 177
1673 540 490
1489 8 587
898 133 487
1026 659 1649
1743 133 1028
1599 798 94
487 27 1041
1392 689 1149
1454 243 688
1501 1392 1820
1192 779 400
1395 596 892
1713 349 112
534 24 1387
1290 882 700
1072 230 382
946 54 653
1766 497 859
695 226 166
1357 763 1570
1340 1222 383
1476 124 689
536 327 1404
1119 851 1393
1739 1395 273
1465 266 1590
1303 1297 1724
575 12 1817
1087 1039 1769
1519 369 1933
911 167 453
583 152 1627
1686 947 1648
799 728 1522
438 208 263
1600 238 1799
643 543 1429
1756 908 515
1660 1375 202
979 259 1633
173 117 1526
688 514 1648
520 152 1932
1174 408 1045
896 619 1466
1137 840 1330
1426 251 1466
1145 36 260
1322 466 1342
1247 879 452
1046 822 1399
660 61 1440
1063 834 60
1467 1151 1053
1408 200 118
1037 803 1302
1414 1172 1663
1073 964 95
1744 460 1534
1210 335 1001
1529 1300 1362
1551 792 1440
1296 923 439
1012 459 761
1166 461 143
671 65 252
1259 833 702
653 22 23
1721 116 760
1236 1045 265
1296 1171 1124
1295 1078 684
1570 1028 902
969 622 1707
450 259 1381
1043 393 787
1249 145 1785
1716 129 728
1053 864 43
1287 1162 894
1464 604 1053
1122 681 1497
1239 1061 1137
1612 1178 1244
1780 1127 1625
1371 559 4
1413 808 269
1469 1110 550
1645 85 1710
328 272 1872
1401 183 568
1368 1016 1889
1559 757 239
1464 1172 1317
649 203 1652
842 702 443
1487 1084 626
853 144 1802
1476 559 7
1235 26 1180
1650 132 187
1572 896 1299
337 161 303
1191 491 1378
1697 1509 589
651 469 1399
1467 689 94
1301 367 1117
486 222 1821
1485 225 456
1025 538 1842
1001 457 128
1609 1133 1774
1284 566 1168
1397 1102 1132
1611 114 854
1753 1128 521
1464 276 420
1719 1683 1790
1672 358 1196
1391 66 1479
676 403 524
919 394 312
1617 788 415
1501 398 985
447 264 175
1635 500 54
1284 722 1415
1071 875 824
1762 1496 821
1090 967 1270
1389 1151 755
1478 641 637
999 586 833
1059 996 1742
277 15 1788
1479 1359 1707
1614 1486 1041
1073 62 1824
1709 586 997
1260 685 1137
1647 877 417
1026 181 830
1761 112 1735
1498 846 1219
1253 98 1621
1205 709 1611
796 62 1946
943 173 1447
1705 1094 1321
1550 948 215
872 56 641
978 240 950
857 437 1675
743 319 369
1775 1258 1611
1671 1377 1095
1190 929 1816
1658 821 849
1373 318 1348
1378 193 195
922 915 436
1569 1138 1853
1483 651 445
365 313 1998
1590 1440 662
1505 1474 1102
1142 18 534
1024 302 1622
1627 903 85
1347 1067 326
660 67 297
1628 1568 1506
1168 1167 561
531 235 838
553 369 1089
619 71 626
1382 796 1031
1649 445 494
1229 253 428
1229 919 469
1169 372 748
187 50 1032
882 258 556
1445 1150 993
905 883 1573
885 42 1997
1487 646 1491
999 10 1518
1654 1581 699
971 148 1453
338 272 1837
1452 334 998
134 9 507
1409 928 1932
1082 822 165
1048 619 350
828 622 1564
1457 840 972
1710 1315 1273
1119 578 57
501 110 300
1695 1273 304
1555 608 354
1596 202 1860
1673 1186 184
1781 1735 1232
690 447 76
323 107 200
1217 442 1962
1104 488 463
1752 719 1613
727 447 1986
209 120 1568
1136 613 1208
1671 1583 1691
334 110 498
1120 294 1907
990 569 1945
1773 1772 1617
1295 629 1820
1221 249 452
1512 701 1881
1104 312 1333
760 93 567
1461 806 1214
986 314 1512
1583 1323 1658
950 412 752
828 94 277
1265 561 1992
1617 407 1044
1664 239 512
1729 1344 617
923 501 1832
1043 785 641
1686 129 196
1699 696 358
1610 86 1114
1010 149 1706
1302 327 1865
1655 612 408
1225 176 350
1059 683 1938
1470 895 721
653 386 1870
1108 140 576
1061 831 1816
1768 1681 240
505 375 97
745 223 1242
660 475 847
1671 357 249
419 102 675
743 260 126
956 318 479
1540 492 1285
1517 814 696
1269 629 1691
362 275 1979
1129 900 749
1283 1192 1854
1398 1264 367
1030 286 844
1481 904 230
213 162 1512
1126 894 1170
1736 1059 1897
1163 465 583
1419 787 460
1246 890 1998
1331 90 1541
986 662 1137
1444 796 1318
1616 782 1188
1694 1512 335
1391 953 1071
1466 310 1373
1143 408 1848
791 780 204
1644 972 1085
972 960 1972
1297 748 663
1284 1179 1513
1174 564 405
1774 701 1130
1077 251 2000
1731 1201 750
969 273 1783
1040 570 921
1576 833 1333
874 288 1790
954 484 1684
957 13 357
983 207 954
953 712 1481
1667 1253 1285
1771 1399 1485
1283 220 1432
863 94 1883
1186 261 1344
1338 1051 811
1508 964 750
340 90 739
1548 1110 93
1694 1226 585
323 200 946
1709 725 1278
1623 1601 1225
1460 843 953
958 144 971
814 394 603
1465 1269 819
1111 263 495
354 239 999
553 450 1448
703 35 1071
766 713 1349
682 88 1675
1538 610 1803
802 781 1902
238 62 1821
912 103 1305
1642 1336 626
1254 391 1991
1240 1075 242
1425 64 1961
1473 624 778
881 302 1417
1565 817 1322
636 7 1849
1745 136 1214
909 745 1624
1628 1130 1342
923 652 344
189 39 1947
1401 1334 1060
1235 1023 513
1690 26 633
1469 673 1049
612 549 184
1505 245 679
1350 89 1311
1739 1292 690
973 904 1459
884 205 1295
1278 320 721
491 64 1917
739 145 846
1516 284 1945
1487 536 1793
318 177 1701
499 423 1756
1376 1033 362
1740 1705 1848
1497 432 679
1601 967 748
1194 754 1116
1547 445 1737
1778 1649 1343
1103 83 170
1290 680 1067
1166 607 747
895 17 1508
1633 1593 36
779 591 156
1262 950 1182
1600 1399 1841
1271 737 98
1390 374 426
1307 242 1361
102 76 1901
798 362 1755
812 66 1278
1455 549 1525
1750 827 1477
1076 91 1939
1072 639 1979
1506 554 543
1258 170 925
364 339 1374
963 520 1704
331 116 348
1219 662 1873
1296 560 906
1490 825 1198
28 4 31
1115 445 1366
662 185 738
1313 908 1387
1537 1152 1665
1553 1349 1043
895 196 418
1552 727 1726
922 739 399
1312 301 285
578 418 1531
1423 440 1133
1449 1150 675
1454 1250 67
1623 355 1821
1596 1277 689
1617 1331 384
1155 1003 1233
1726 358 912
1040 864 1824
1601 1083 202
805 433 1963
804 545 157
660 566 1340
884 183 1987
1475 1077 1852
1366 345 504
645 548 857
1218 900 154
1703 1413 1125
1508 195 1685
603 442 1187
1428 1225 1402
1341 705 1359
1001 258 1785
776 268 1734
1420 464 81
1008 425 172
1694 1437 225
345 208 1362
1281 694 608
1710 713 1080
1773 1051 486
586 279 493
1144 884 1284
1670 306 1468
1056 429 1138
957 344 1571
1044 260 1307
1752 528 1573
1702 730 1145
1272 1038 1758
1740 950 1449
1209 373 1587
1292 1100 492
1396 37 1797
1156 493 200
559 535 1092
1671 694 1203
1712 1032 1394
1429 178 1879
833 69 1131
1620 1218 335
466 409 718
1280 1268 707
869 563 552
1375 310 461
284 101 649
1056 490 930
1445 1132 574
763 176 135
1574 977 1488
1287 499 1840
1156 1043 576
1383 694 1459
677 631 1433
1634 254 917
510 417 1725
324 46 1434
1518 1450 679
1545 1300 735
1681 706 1494
1181 664 1267
1392 488 1140
1137 266 1355
1429 1121 1378
1513 1322 1727
1186 336 639
1337 1189 1137
1347 369 83
1556 1507 86
1699 529 1471
1141 756 50
867 439 1509
1187 951 786
572 321 345
1211 1083 780
1108 991 620
841 242 561
1714 1525 228
1659 1417 592
1699 55 165
1261 494 506
634 49 436
1077 716 1950
861 704 1766
325 275 1823
1394 555 1393
1490 46 926
816 68 483
1399 443 1155
211 21 1832
1463 857 1496
1072 1039 531
1553 1009 566
598 159 1701
1590 979 858
1746 289 1847
1723 421 1553
1149 777 1527
1107 1003 545
1707 1275 1439
619 238 722
431 301 1035
1467 1447 1149
1682 91 1919
1536 358 1539
856 634 702
1313 255 627
1137 873 846
1442 1186 432
1357 1324 762
1519 328 1246
633 398 484
1594 1592 447
1452 694 668
828 570 1951
1489 1460 376
1219 316 785
1487 1028 1924
268 172 729
1557 1086 410
1474 377 850
1383 255 229
1566 17 561
782 252 105
1676 871 816
1501 561 970
1005 95 1064
655 177 1067
697 632 233
597 529 1623
1078 523 968
1731 630 23
571 294 678
1568 758 1086
1302 808 56
1622 492 652
1756 941 1586
884 279 1113
1205 319 1935
1085 229 251
331 63 1362
1330 59 518
1367 320 832
1261 71 1737
1319 335 1240
916 37 358
1608 287 566
826 54 1569
1198 54 297
1596 1539 1818
1032 884 857
1421 1209 496
1353 356 905
1743 654 1354
1451 554 193
1365 561 1323
942 755 57
912 350 1042
846 441 538
1538 122 1712
1595 927 494
1024 908 1405
1402 1373 740
1469 719 1796
1694 912 1064
395 174 1689
857 141 602
1453 730 646
1659 387 973
626 541 691
1105 412 1923
732 459 1917
1098 1014 1141
649 551 481
865 786 253
1276 94 1572
1003 41 1618
1436 591 1519
1110 481 1558
1661 781 1966
1680 271 972
1693 1613 427
969 299 1214
1762 370 1984
1125 1048 1924
323 4 1771
1067 313 1111
999 27 913
606 16 798
1378 42 758
1335 620 223
1168 756 151
797 403 1533
1468 765 283
367 223 436
1272 565 913
796 714 824
675 175 328
813 433 763
1717 1545 226
999 950 105
1553 21 178
1352 190 1118
1719 634 1474
1770 1233 1017
1604 503 1845
1242 1074 424
1370 1007 1338
956 418 1356
1645 1149 1748
1244 1013 1931
1510 443 351
975 711 1748
1264 88 1524
1096 441 1966
1688 831 437
705 213 492
1140 995 1533
1554 163 1033
172 79 1295
1600 909 1788
1057 417 1434
980 402 868
1223 528 473
330 219 497
1315 1196 663
1756 1507 1781
993 443 1944
1223 527 665
1166 268 1983
1670 977 712
1435 522 1466
1337 489 1985
1170 68 726
1372 428 1389
1276 852 907
1229 139 1292
1329 1268 368
1131 774 1266
1574 919 304
1054 613 541
1414 56 1129
1755 1469 290
1205 811 405
713 119 1642
1336 850 708
1298 812 1869
929 338 1343
765 309 1009
1526 1109 1293
1361 475 811
1030 327 106
1551 707 481
472 96 1824
1049 194 243
1298 789 164
934 85 1005
800 384 260
710 421 772
607 114 1461
1323 1228 596
1214 311 396
1073 704 755
506 444 519
1470 227 1731
1775 1254 1842
737 680 33
1209 5 1519
991 822 1958
289 202 58
908 312 1260
469 252 979
566 339 1220
991 971 856
648 358 1101
1395 114 499
1005 538 1889
359 50 328
898 412 1704
883 432 31
1580 247 895
1709 1107 380
729 295 896
1434 1253 1515
1118 884 1671
1234 59 1476
1651 135 145
1315 379 751
1528 1251 1328
1593 528 393
511 91 398
405 253 912
714 80 1249
750 552 1134
1644 729 1291
1262 1220 1845
1172 14 1765
1377 1235 9
1287 936 1608
1600 1455 1152
1764 1367 432
1228 1193 862
1595 1063 1643
1007 311 1624
1214 228 340
1514 747 7
1656 1401 590
955 156 680
1502 1001 1719
947 67 1046
628 322 342
1176 788 310
1532 281 163
1339 1189 770
1449 1316 1167
1658 1437 87
1196 926 1859
1619 1084 171
624 514 1379
1334 156 792
1778 313 613
1732 905 1412
1654 473 852
1283 892 744
82 30 1075
962 775 735
1629 136 876
1039 553 527
1133 95 386
1678 182 1973
1491 495 1934
722 631 1700
1638 950 1754
712 610 1066
1661 1562 78
1111 55 1354
1161 659 399
205 81 1296
1736 61 1505
1551 1445 152
1521 1310 1213
1041 450 1223
1319 1064 1492
1331 821 1626
1746 997 210
1179 169 1329
1541 474 917
986 587 1644
80 36 800
1346 898 1696
1572 1348 765
1619 801 1134
1603 961 1162
1750 277 31
1371 711 683
1659 1105 55
908 335 597
1779 155 902
1515 174 1766
1428 677 959
1753 679 550
1703 523 1788
996 638 876
1708 1459 331
1594 366 492
870 868 363
529 21 1179
1629 925 1482
1424 887 514
1763 1339 269
1554 1372 445
1255 868 1479
1554 12 482
1522 1330 1253
1273 311 1624
1765 19 1291
1698 1183 1408
1465 528 1029
1471 550 718
929 847 1840
1234 822 340
1365 1305 388
1668 1577 871
1569 150 427
1772 877 372
554 107 1460
1764 1359 1895
718 338 439
1322 1250 1843
278 225 1346
605 431 1693
1142 70 1424
942 898 324
1543 985 805
841 532 441
574 40 1220
1097 776 1092
773 614 1732
1148 18 165
604 446 1248
1589 906 494
1486 907 1109
987 375 846
1630 960 1800
1474 1226 1269
1559 883 1624
1693 531 1977
557 254 162
1634 1110 1123
1779 1594 282
149 109 359
1095 474 1596
366 101 1691
1543 1396 1727
854 225 1033
914 910 198
489 176 1261
991 410 744
951 729 1573
1453 2 1411
1767 1362 1268
1177 837 24
831 600 893
1550 1089 330
1674 1411 1483
1351 1092 1140
1526 764 1923
1477 1077 236
1200 489 1198
1513 324 76
1153 643 274
723 153 710
261 224 629
1713 750 521
1131 92 1982
526 108 1865
732 265 609
1743 1473 449
802 441 780
1025 912 1370
1309 19 631
1277 1140 104
1773 420 1247
1117 665 1846
1537 1098 865
1693 524 1150
851 16 49
1331 6 548
1691 337 1076
1632 1552 202
1508 216 9
1186 975 334
1533 960 1899
710 79 1813
570 242 1774
1515 1192 1284
1358 1251 248
528 117 1727
1391 1242 1302
1738 784 106
1018 491 1813
1645 1121 565
851 159 102
1330 1240 1583
1545 364 232
1532 582 691
1534 150 1208
1757 1025 1013
1320 567 72
1383 563 418
364 357 1777
1634 1188 1302
1763 418 1164
1628 1472 786
1686 667 933
1616 804 1303
1374 950 204
298 243 284
1388 348 1150
1180 1155 656
1609 580 189
1702 648 1134
1776 889 176
1493 214 1605
1499 591 1243
1127 623 163
1250 977 1481
1544 1012 781
1266 716 770
369 58 1711
717 135 1109
987 53 648
1498 1051 91
1291 543 1322
1651 848 1400
1124 105 195
1700 942 899
1599 275 692
971 560 1688
1679 1165 824
1145 475 237
1693 270 667
1765 1274 1261
1590 1028 944
1743 94 1438
760 406 1692
871 69 1085
631 506 1517
1206 114 1166
1523 578 1115
1039 854 1693
825 472 1441
793 291 992
811 487 1058
1048 540 944
1108 862 1061
1122 953 1499
1192 1078 416
1041 281 1327
1253 967 816
1042 250 405
1755 699 1985
1661 180 1235
395 302 22
1536 20 965
411 177 857
1600 131 1925
1524 462 1808
424 154 161
1545 490 604
1666 1550 200
1258 1082 1915
1542 368 4
970 132 42
315 291 868
1463 35 705
1725 1256 1895
1497 556 1895
520 255 309
497 169 1118
884 200 717
538 313 1111
1174 501 1014
1669 345 1999
1558 207 399
896 831 1155
1569 728 75
1492 713 1479
1153 580 441
875 293 221
654 277 1797
1399 102 164
1189 844 601
1218 242 831
1027 964 273
1310 636 1779
557 482 216
506 16 1007
1728 582 1587
590 52 1224
990 842 869
1309 1284 1936
1054 304 1219
1257 633 231
1507 47 1678
1047 512 261
1739 427 181
553 276 593
1251 795 1444
970 800 129
860 838 1895
1668 1663 1424
1262 661 835
726 269 1164
1571 1184 510
1575 1150 218
1546 841 1793
1065 462 551
1698 1459 711
1539 1307 1507
1223 970 266
547 55 795
1602 178 742
1485 272 653
1049 1008 1478
1432 1085 848
1719 1587 829
886 20 1169
611 233 576
1309 192 659
1487 278 410
814 800 393
1490 79 1549
1410 243 1938
1103 1006 1877
1324 1183 1278
893 284 938
1035 496 1600
1534 665 1652
1649 601 257
1403 784 585
1423 1309 1329
1599 1171 1348
561 438 1967
1332 155 1487
1240 53 1389
1736 1667 1513
1007 489 951
1323 657 755
1743 207 565
1059 372 1099
985 458 1093
602 594 1454
556 443 1222
1596 364 227
1642 155 1393
1302 17 965
840 825 1520
1003 339 1719
1252 469 144
1443 523 932
1007 993 913
1129 775 706
1314 1070 1399
1584 1219 861
1138 859 120
1333 705 269
1645 1078 1333
1701 683 1007
631 508 916
1392 998 840
1527 994 450
929 578 789
334 118 12
868 572 1501
1344 1136 1696
804 529 1425
1355 755 919
1417 1137 81
1717 393 1995
1380 1203 1093
569 520 1276
1530 1475 1175
694 110 1042
1591 660 1475
1154 375 935
1355 32 368
1124 500 1290
1245 142 1042
1760 1335 327
400 241 1244
1236 1129 1074
324 283 574
1745 1004 410
1483 747 1500
1231 931 1478
188 118 1884
1536 1359 249
1523 105 1538
1778 1510 1267
1508 54 800
571 443 1368
822 585 1676
1437 455 829
892 776 1342
1020 462 1518
1756 1121 1726
981 271 709
701 403 71
1278 1006 1710
1245 454 830
1141 947 26
1581 1178 400
949 272 1178
756 153 1582
1151 239 1145
690 136 1799
1416 770 868
1490 1074 438
1010 814 1429
1751 717 129
1180 952 1319
1715 1430 1698
1526 1116 1999
598 162 884
1466 529 1990
1141 1098 1255
1173 988 1184
556 263 722
1052 649 203
1648 640 853
1175 43 1362
1210 151 1613
825 375 235
1490 100 239
861 593 1059
1120 585 117
970 307 804
1733 909 1165
1236 53 453
1522 737 167
1447 703 731
1547 276 1531
1693 879 1806
1025 608 1807
1138 20 748
1689 992 1403
1134 74 777
1175 648 1740
1483 1380 1062
1040 349 1926
1353 1146 1238
287 29 19
1445 423 1864
1759 838 764
1428 1323 455
1715 86 1452
1342 1341 784
1658 1559 1727
405 248 798
360 221 601
1603 807 773
513 119 1417
1524 1437 272
1253 592 1095
1147 863 1019
1644 1490 1812
1144 698 850
1171 840 31
1038 558 1733
1396 988 1658
1437 538 62
1066 263 800
1522 1050 1897
951 88 1068
898 569 1086
1749 1094 869
1037 102 1248
1671 1063 1763
1669 34 952
1214 931 48
1137 399 795
1177 1082 1682
764 511 1328
1772 190 463
523 515 1571
1222 31 1481
1254 428 88
1671 1054 1856
750 324 100
1434 1284 1870
1203 1117 1640
1728 1374 1359
1696 1130 1358
1654 1611 318
1320 1173 299
1345 1095 782
1666 1663 1504
1728 579 580
1600 1073 549
1111 487 359
1582 233 811
825 225 1394
1175 561 787
700 30 1190
1417 246 1475
986 385 1432
1158 876 114
525 230 1792
1696 1329 1683
1423 1252 627
938 49 854
1248 38 1062
999 117 1814
1742 1182 1948
1697 472 136
1417 558 1704
1718 39 1618
1655 1349 1258
1426 1005 175
1041 266 30
1138 616 634
1528 123 1645
1765 1370 95
913 257 867
494 190 1758
1325 966 1737
636 116 1003
1683 547 1993
1489 1170 748
268 244 1632
1568 424 1165
752 645 1308
1319 290 29
1156 589 1892
1194 814 173
1284 620 1315
1498 1144 1922
1610 815 1747
1121 1012 439
780 237 1488
202 30 922
1679 328 1918
1679 1617 876
1156 734 1838
1732 728 251
251 139 1990
1534 484 319
1424 686 1037
1735 993 779
1619 1083 1470
727 110 679
721 248 1535
1346 1212 1812
996 103 1520
1296 1019 407
1624 226 872
1751 182 1011
882 631 1997
1128 413 261
1655 1592 378
425 320 1254
1706 157 1400
1656 265 755
272 246 215
1126 631 746
1603 1580 1496
103 80 747
309 180 124
193 89 1874
1070 316 1929
1739 195 276
1389 604 877
1267 970 1208
1479 1156 193
454 63 1998
1675 1603 1072
793 388 322
1295 580 1023
1623 1065 1482
1441 1174 1562
1578 308 68
1578 1234 341
1041 1006 849
448 15 1752
1103 410 1318
973 147 1815
1759 406 610
1749 1239 1260
1334 1118 1005
1688 1557 534
1225 756 1745
1298 670 537
814 458 33
1260 415 944
1144 580 1911
1766 1576 979
1272 106 995
631 259 1243
1387 987 1352
1440 91 869
1303 374 1683
1609 1384 1201
1605 1476 1471
429 109 1895
1519 1259 1048
1640 477 1365
1532 510 812
948 405 241
1333 421 330
1660 58 1900
683 251 647
1252 415 132
1246 800 952
538 128 1366
1533 1197 1012
1546 625 520
605 502 1099
1243 286 1537
635 553 1978
1148 191 700
698 67 1872
1042 271 1719
452 131 426
1204 453 130
928 381 188
1218 640 926
1518 1162 1027
1372 1080 122
1571 30 407
1029 382 1992
1476 407 1954
1137 875 1406
1275 581 10
1290 587 1045
557 378 1486
1136 780 1889
1660 803 31
1614 223 45
533 281 1339
594 373 1755
986 346 29
1756 1386 631
1057 453 623
441 321 1454
1451 423 426
1770 618 1967
1075 845 1300
949 419 1080
1606 1241 218
1216 18 549
1720 476 1979
1256 121 1874
1642 862 282
435 67 1766
1572 981 305
1491 145 378
993 836 1425
1239 386 1421
1547 550 423
840 248 1393
1456 502 1969
1454 851 1309
1414 925 488
875 503 732
1553 586 124
939 591 696
794 400 363
842 416 300
1227 584 616
1594 682 51
710 445 1429
1727 666 1494
816 54 1038
1112 668 1482
736 86 1498
1392 963 226
1638 88 184
1454 1160 1752
1118 1007 425
932 611 517
1649 440 864
1526 1510 357
1273 581 120
736 729 11
557 318 1788
644 83 969
1600 64 1598
320 96 1507
1700 507 141
501 180 800
700 644 310
1175 952 1725
1588 1092 1991
1586 756 1244
1574 111 542
1460 1042 3
496 329 1761
1479 1242 396
1423 910 433
1400 1063 1628
623 579 1823
810 188 1872
1125 67 1281
331 215 1596
1449 279 977
274 4 1192
937 309 1581
648 481 118
1249 344 1091
1678 498 1315
1424 1370 710
760 751 1502
1426 927 635
623 552 370
1750 1199 195
1138 132 1600
1065 223 23
900 776 250
1184 282 235
1350 1112 583
1455 898 1525
707 632 1858
994 629 629
1644 283 1157
1075 457 105
663 487 1359
1213 804 937
1741 1320 1053
712 423 115
1463 174 4
1627 51 1653
422 125 578
964 336 1601
753 747 98
1765 1402 1767
1124 975 1963
1108 473 819
1100 850 587
1296 194 1337
1224 512 743
1200 958 1918
1742 791 1525
791 708 428
1635 317 1103
1600 557 1727
951 309 1748
1242 471 1204
1062 438 1543
716 109 1320
1782 171 1178
649 561 1891
1462 1010 750
1341 526 1394
1736 1360 236
952 257 622
1696 608 1774
1412 1334 1645
418 241 920
957 111 1724
1748 169 124
1467 122 1644
1608 592 1877
1528 1145 1385
1208 74 452
1135 487 740
1505 281 559
1373 1334 351
1447 474 113
1672 25 1205
1552 1249 44
879 731 260
1517 546 1169
1254 863 1146
1705 613 1459
1645 767 1652
906 589 724
1555 858 1278
1477 1326 790
1671 1276 1253
1614 170 633
1564 486 656
654 18 970
1474 1306 1350
1117 820 196
569 231 1700
1684 1070 286
1484 142 1901
1711 273 1648
1596 623 793
1666 1355 527
1626 206 351
922 521 748
315 282 1099
1746 1121 710
1639 1316 1242
1172 224 189
1752 1443 574
1774 754 63
1297 258 1746
910 870 924
773 213 603
1007 5 407
1221 1122 710
1713 606 720
1570 395 1208
855 707 504
1104 87 1378
1328 669 418
1437 866 1518
1656 995 1293
1483 159 740
1606 472 531
930 848 1655
1687 768 1048
770 430 1845
561 276 1504
1477 1232 740
1431 1041 3
416 207 1540
1735 1122 1120
1523 756 1410
385 175 1413
1770 592 1038
1528 911 978
1591 742 457
1743 822 1268
1280 472 1014
1421 466 512
445 163 1380
1574 1449 66
1273 1009 1768
1590 1110 1945
928 250 1844
734 162 356
867 642 909
1134 69 452
1577 1076 849
1091 200 1123
1645 940 1952
1584 1563 1057
1312 200 918
1745 80 823
1247 758 1451
1682 1353 964
1711 1326 190
1647 1170 745
379 113 102
1425 935 1591
103 72 119
1044 685 1131
849 691 1411
1169 300 1496
1212 497 1022
1642 1165 457
1238 1087 1196
828 106 1616
962 198 1161
1101 370 893
1426 703 992
1381 650 588
963 470 724
730 153 787
1064 214 1323
1009 4 1207
1244 1107 442
1467 1442 1942
746 452 1762
1116 939 1641
669 432 786
1314 18 242
1753 336 1458
1450 1159 829
1447 960 530
882 741 1611
1066 302 855
1305 523 1613
1606 1513 834
1469 1031 1439
1036 757 1362
1391 483 1543
192 82 1350
1382 1305 912
703 560 1450
257 171 888
688 389 1641
1219 810 594
999 40 863
1265 556 1178
1709 1136 1512
1770 414 1810
1160 769 936
701 518 152
1760 1710 1389
1776 135 655
693 154 285
1771 1277 488
1200 699 741
266 205 1751
1340 1110 1277
703 469 1903
1497 654 1773
1128 118 360
1380 1333 298
1730 841 1499
1683 527 1824
999 180 672
1028 59 1016
1364 904 725
1091 104 987
1652 182 842
1086 200 1876
958 149 1078
1205 446 474
1585 396 853
1556 700 434
1741 238 790
1585 1005 1408
344 283 874
868 391 1071
585 70 1744
1019 96 1761
654 158 602
626 337 1845
1471 1149 1968
538 381 1345
250 86 860
1757 1412 1861
1741 941 276
1244 1008 242
998 693 296
1473 921 1454
1312 991 1589
840 326 819
1119 1001 1934
1578 537 138
667 264 552
1495 711 278
1196 252 230
822 656 1447
952 267 19
992 502 1318
1631 1625 431
1337 1010 67
913 107 640
1116 951 1556
1732 1439 579
999 439 984
1212 299 274
797 17 1699
1700 686 1563
734 44 924
1645 330 335
1214 62 740
756 746 533
1513 478 391
1016 258 726
1605 558 1872
252 77 1242
848 197 1821
715 181 1062
1099 902 1565
793 149 1568
1259 1094 507
736 189 1355
1357 444 63
472 72 1440
1547 1079 1961
1781 1287 1811
755 386 1525
644 400 1687
381 343 411
591 31 43
1593 362 1242
1400 805 1896
1324 707 1912
1346 1300 289
1654 115 96
1456 551 138
1682 462 1427
1725 1153 1336
793 168 57
1112 803 1573
735 232 1149
1629 69 1256
1686 1684 4
1627 69 481
1713 807 1328
1099 684 347
1182 449 709
1305 384 1114
1233 1101 1920
1509 1388 458
1104 367 931
892 744 1486
1194 897 1605
940 193 1590
396 87 678
307 302 1826
1430 532 337
1262 864 1520
1245 677 1633
874 225 1196
1325 1120 453
1039 486 722
1637 24 529
1445 741 370
1481 496 1230
1289 133 635
1187 1098 471
1574 126 1435
1106 1006 1505
770 257 1553
1337 563 1557
1253 226 89
1476 1061 101
1585 735 883
1540 1523 374
1723 1491 67
792 524 1992
718 303 599
1065 419 1126
1599 1048 389
1360 558 576
689 379 310
1127 146 781
1513 315 1169
1027 427 1257
1596 607 1741
1529 594 457
1270 755 1843
430 34 311
1769 1032 411
404 144 933
1609 1029 806
1366 367 571
1608 871 486
1501 721 787
1014 297 1826
1664 648 645
1394 797 1853
545 169 1337
1175 357 134
1135 588 1235
1768 1723 1315
923 352 548
746 589 1299
1012 700 1327
844 150 411
1487 803 1663
1548 269 1072
1339 540 1962
1429 595 1995
1175 361 821
1215 481 1990
595 412 748
1413 137 66
585 20 63
1653 1519 774
1396 1197 563
1304 848 470
761 620 369
1104 801 379
722 411 1837
821 577 345
981 809 226
1229 782 197
1666 578 957
1154 246 1468
856 792 449
787 586 510
970 578 1766
1260 411 798
1084 438 1786
1335 719 1805
1500 1470 1504
1128 965 923
628 247 140
931 199 820
1280 483 870
50 20 938
1629 491 43
1166 746 1981
1115 157 1014
918 182 1439
1361 279 1209
1016 3 989
847 472 1350
1017 78 1663
1731 866 1598
1735 763 676
1472 1140 508
1779 244 1212
1614 690 1621
966 275 1225
1254 680 1151
812 648 1671
1772 55 1974
401 96 678
1613 235 180
547 371 1945
805 199 200
1777 662 1570
1562 695 996
1267 558 1506
1597 887 212
885 551 1633
1048 455 1316
1442 815 432
1772 83 1134
1105 404 208
615 299 1041
1688 29 1358
643 156 1854
1509 213 1343
1428 1251 1377
728 16 118
1563 689 485
1268 752 437
802 291 390
1473 37 1700
1624 1056 1370
759 701 862
747 599 498
1125 306 1897
1705 15 334
1363 1262 1880
1639 522 1366
1350 727 697
1559 170 903
1566 1033 1063
1592 753 1886
1724 559 506
1674 506 1038
1026 36 1917
690 31 1504
1759 1313 1173
1745 78 1154
1066 593 1291
912 192 1069
576 259 1694
597 167 1835
950 749 1350
1712 132 1261
1049 190 1609
528 431 1781
1299 1056 788
986 12 1962
1705 947 499
578 360 1961
1459 1279 1468
1200 4 38
1105 486 1966
1426 500 147
1262 180 1587
874 177 963
1573 911 1424
929 41 1349
983 706 1798
1676 536 532
1719 1121 116
1534 163 1849
1418 1244 1740
1691 1511 1826
1432 1039 538
638 327 731
917 831 633
1381 767 1687
1572 687 1283
1531 882 1426
970 649 1572
1762 221 964
1066 1013 1646
931 588 151
1442 175 778
564 486 1325
1757 508 1663
1136 782 921
1208 859 69
1011 320 1539
819 734 1908
1636 883 464
1729 1466 661
1573 1243 1221
1728 647 1536
1005 542 1423
1093 284 1791
1631 8 1551
1003 970 1037
1628 1565 273
459 209 1063
1650 196 1544
1694 1025 1658
1360 257 575
978 524 1882
1218 978 153
1199 793 469
1233 709 826
1303 252 819
154 20 346
1780 903 1317
1436 1308 533
144 111 1707
1135 979 1041
1455 1423 730
631 617 1027
1513 1445 1400
1776 420 72
1693 1006 576
1382 470 1608
1399 308 1038
1749 629 870
994 768 507
705 481 1035
1245 583 1221
364 303 1811
1381 184 457
1005 138 38
1398 1344 1112
896 328 1730
1132 422 14
1671 821 1865
1374 275 462
1543 1450 1048
824 21 1124
1104 905 536
557 352 1349
1764 919 1243
1756 1103 1064
1002 611 270
730 25 1666
1710 1258 176
773 85 1876
1567 733 56
1427 1383 466
854 846 338
1222 990 358
1781 1595 1568
561 287 1904
1538 974 1370
1593 491 651
1245 436 474
983 483 499
1178 510 423
1385 773 211
1764 1267 366
1328 1212 1556
887 579 50
1598 432 1687
1451 681 1809
842 50 1737
1314 815 1504
1545 782 226
1733 226 1854
203 196 1556
1206 548 241
1504 97 617
952 471 929
1265 176 373
1123 381 1164
1172 558 286
708 334 897
1637 1369 1847
1263 93 881
1128 224 837
691 245 937
1441 604 905
161 97 130
601 461 1281
1719 1100 1323
825 43 1538
403 7 1163
1692 787 1028
1624 1070 1109
1525 534 1530
1261 1079 485
1141 812 1640
1751 1559 1941
1027 221 358
1127 465 105
1353 884 787
401 346 1616
1531 869 1879
1705 514 1920
1120 896 1408
1781 1177 846
495 314 1683
1116 952 1720
1033 512 479
1037 709 455
1421 699 622
1329 505 1400
1490 262 28
1491 274 935
1544 253 985
245 74 1014
1540 857 1466
1591 134 196
912 893 6
1212 1066 403
482 147 609
1652 738 1220
1729 671 717
1459 464 1998
1004 64 1591
1094 997 1239
1255 392 1239
1638 511 980
1713 398 1731
1478 962 1875
830 770 794
1769 43 1399
1150 874 374
1366 1173 1317
1429 627 1109
1617 1536 1997
925 499 584
630 602 1135
878 103 179
583 492 844
1659 799 563
1365 56 1242
1118 2 187
441 79 542
1498 604 1036
650 299 740
1061 681 1162
1568 838 1536
1197 1063 1920
1736 1272 1260
943 262 1340
1662 1204 1164
624 120 595
714 635 1961
794 204 622
734 443 1567
1066 57 811
1049 951 1572
1721 244 1649
549 342 293
1693 828 1313
1269 310 353
1468 25 466
1366 916 861
319 262 133
1297 712 1539
295 176 1942
1258 721 792
763 521 1536
932 570 730
907 663 1409
1000 151 693
1519 839 934
1428 946 106
1141 883 540
1269 1022 113
1142 634 911
1166 1153 101
1492 71 181
767 725 1258
1753 489 1475
751 188 1285
1539 1510 1978
1653 1072 1174
961 708 307
1550 1179 715
1559 1092 1194
1504 1431 1317
1393 761 1241
1663 1378 306
1019 62 1035
681 356 13
1687 1274 92
1763 1188 739
1385 413 1489
720 421 2000
1245 418 1813
1253 1088 1676
1325 176 1457
1474 264 832
1682 720 845
1343 820 474
1180 885 1640
1257 365 1971
1641 1555 1100
1276 559 1456
1670 1232 703
1470 336 631
959 119 369
1132 364 1672
1037 192 1576
719 4 985
1274 699 1711
1394 1043 1323
1650 270 804
1437 1134 595
290 159 684
1550 1224 527
369 240 1141
1378 372 1639
1586 714 180
1551 135 835
953 754 999
1576 1548 1717
1197 188 465
678 591 854
1077 217 1813
1158 1142 1816
1705 623 895
1441 395 722
727 529 176
1735 880 1616
1734 568 786
1644 1215 753
1124 387 1281
1060 388 1463
1379 699 247
958 514 1780
1494 1435 1327
1186 68 1610
1642 1338 1572
1674 256 610
1742 38 1349
1651 919 1816
682 42 1790
1663 739 1274
1530 411 1130
914 586 546
1780 740 956
1269 520 248
1294 378 130
1744 674 819
1762 944 1216
1619 182 1917
623 588 1033
421 38 1097
1716 828 1904
1586 1557 1338
1747 1609 142
1072 285 1245
1597 222 820
415 140 1493
1613 1470 540
1355 430 1087
1570 430 650
1262 196 896
590 520 326
543 389 1365
1521 814 60
1383 383 610
1703 1582 1243
1022 776 744
1286 1067 207
246 132 1206
1719 787 703
1599 100 7
1390 440 1098
1530 175 1390
1324 820 1099
1552 984 985
1597 1225 1494
1578 1344 1440
1753 928 664
1016 138 1525
866 789 1651
986 868 202
1358 1244 381
1414 113 1774
1445 1161 1152
458 24 1075
1589 467 1913
1340 401 575
845 33 1650
1441 273 533
1156 554 1834
1657 1462 1721
886 246 1719
1695 654 1157
1393 1016 472
894 241 1628
322 117 1661
1301 253 1153
318 46 701
526 340 1164
583 122 155
1718 1010 1769
767 609 1552
1327 1203 361
1575 945 1853
774 145 674
1442 553 930
1470 178 574
714 53 131
633 186 434
1177 598 950
1085 592 1087
1142 910 669
1514 788 1085
839 138 1452
1145 319 591
1289 309 500
1525 529 1976
1480 622 641
1451 555 1470
1403 251 208
1364 722 1859
1198 129 796
1639 731 1751
840 642 1263
1621 399 9
1102 608 1459
1135 197 1755
579 529 332
300 206 195
1447 954 601
1258 516 394
1311 586 776
1103 328 44
920 226 461
1137 492 64
1219 79 651
1238 587 1324
1257 1037 256
1723 481 1248
440 373 255
1141 409 397
869 829 546
893 846 1835
1367 523 756
1355 1208 519
734 286 1173
1681 920 652
1302 1089 1747
1231 938 709
1152 905 1546
1548 145 664
74 26 140
1412 1115 255
1509 1024 147
1676 1551 1515
1230 1186 822
1325 808 87
568 163 1724
1225 125 989
430 199 1848
1320 379 1738
1661 322 368
420 2 1097
323 176 862
966 511 946
1207 65 429
1030 195 1830
1545 1036 530
1487 1381 1242
1425 1307 1256
744 640 1632
1559 1428 319
572 344 1998
369 144 1608
863 246 609
635 547 771
1404 1150 41
1081 16 1045
1086 546 857
1185 646 1309
913 588 503
1373 111 1543
428 352 92
830 784 1635
1463 683 339
1152 731 1601
1595 753 1270
1602 131 94
1654 1579 1225
1740 670 1787
1254 91 1953
1251 798 1854
1396 1127 1559
1404 334 576
1299 223 1760
1194 258 844
1028 622 1805
1303 505 919
472 82 1062
1343 770 1695
748 93 1521
1348 1171 1814
1420 828 924
1430 884 38
1764 1190 635
1294 457 1524
1702 1539 337
1220 560 1834
1070 242 892
1365 241 874
1188 534 1844
1035 60 1400
562 210 390
1206 31 260
775 120 1061
232 11 1514
982 525 1539
1771 220 297
708 555 1704
656 118 1803
220 121 261
1679 794 576
1393 618 1140
1330 556 1274
1519 360 1486
1574 769 1803
297 81 1158
1214 349 1464
1063 885 469
1506 541 1685
1099 646 1290
1276 511 1332
754 39 1541
1770 1173 442
1779 596 1688
1249 253 643
1136 117 500
1745 307 1155
274 50 1920
1402 337 1376
1683 347 1855
1129 55 1111
1481 380 1287
1566 1332 707
1359 927 1221
1687 1308 254
1719 621 957
944 101 1552
1403 987 856
1491 792 1667
1396 1360 1865
1712 15 689
969 450 1727
1273 1179 1219
1454 491 1949
1528 472 44
1129 1106 447
1100 339 1811
1317 1239 1285
1319 928 180
815 315 1770
1510 1199 595
706 137 957
1629 106 600
903 241 1376
1221 514 1416
1602 1575 1320
832 167 1795
1381 1156 702
208 28 1292
983 824 1953
1558 451 1628
1364 55 831
1593 194 1046
1666 1555 299
578 390 750
762 234 535
1040 127 1538
466 115 1182
1512 940 83
1781 1509 414
741 76 80
1306 1080 729
908 412 806
774 11 11
1746 893 921
1062 986 1622
832 263 1622
1318 66 991
1602 1503 1624
1715 396 1262
971 865 766
383 363 751
801 261 551
723 141 196
1266 211 1684
715 78 271
1486 100 1146
1433 1086 1466
1643 688 1362
1274 487 1271
1504 1065 824
1509 1087 1184
1286 1000 302
1660 1324 938
1140 293 1713
1053 1045 265
1622 230 835
1772 527 1512
880 812 291
813 475 933
1112 1050 1148
491 75 1223
878 368 199
1682 979 431
1481 521 1068
1439 210 997
1136 851 1046
1193 1181 846
1178 1142 1546
1082 699 1496
842 175 938
1193 1175 1783
1481 882 989
263 160 101
886 791 92
486 318 809
303 154 1861
539 77 1723
1717 788 112
528 522 682
1779 13 1167
1162 600 1346
1742 1017 1882
974 240 322
1017 943 380
1318 29 1993
1677 734 1586
1578 545 1602
869 545 1757
1580 1193 444
317 215 1
1570 1483 1392
887 454 1040
459 363 48
1234 1094 1977
1177 578 745
322 304 1436
1353 1351 1094
856 751 484
1308 797 613
697 116 662
1501 489 959
1750 1478 1084
1577 1318 1259
214 24 118
1352 288 545
1329 1085 1641
1713 862 1074
547 161 1806
655 357 1256
996 115 660
904 415 207
1446 1040 1409
1589 1211 1975
1669 240 1182
943 818 979
1458 1250 304
1737 559 380
372 271 609
1546 458 1679
577 533 1033
1029 816 1886
1206 493 584
1297 982 1635
1503 1142 1857
1176 610 1740
954 356 332
1137 1052 675
815 789 1341
1623 1237 1254
737 644 704
1545 378 268
1345 288 1273
1358 1315 157
702 694 271
1480 1160 726
1776 262 1785
969 452 533
1560 834 1262
1371 815 506
1302 819 1983
494 123 1791
1583 1100 1164
872 69 741
1765 614 51
1710 1010 1461
1382 110 253
982 864 1443
1288 116 609
1551 733 1739
1751 1491 1758
1298 565 541
1472 319 241
987 87 1783
1503 1139 1713
969 233 1684
1238 278 631
1368 931 199
1285 5 1195
1435 427 1677
948 134 420
908 352 514
1327 1253 783
1439 265 835
1012 584 744
1308 1001 1808
1208 623 274
1374 308 797
675 669 800
633 130 134
949 443 314
1630 426 1893
1455 763 1757
439 68 357
983 927 1095
1031 166 709
1090 580 1075
1287 103 1047
1580 1263 1528
1111 454 1074
892 200 1697
1587 1209 1512
805 573 268
1016 820 170
1209 786 1201
956 69 1366
1457 496 720
1628 1623 1708
1336 381 97
1139 846 1688
618 267 1860
1124 72 1650
1566 573 1115
968 865 1938
1696 826 1673
1602 340 570
590 1 1095
1551 164 836
972 397 1950
1265 1106 309
1097 864 366
1696 1260 364
1615 268 1180
1205 334 647
1162 986 708
988 912 1137
526 128 315
822 227 402
1026 689 435
1578 826 1628
735 584 1792
1033 413 1077
1691 158 561
1126 369 520
1071 136 1981
1454 192 492
1229 255 814
1017 770 470
1653 1350 813
581 399 368
1289 830 790
633 570 1668
568 100 1596
833 438 181
1537 1514 247
995 838 1532
262 24 190
1149 816 951
1707 1115 761
1656 824 777
1588 1064 782
1395 1067 1092
1647 162 1550
1537 416 1183
645 17 309
1083 667 1873
965 881 100
121 49 1443
1444 849 517
1641 1461 1845
1417 63 666
1077 552 1993
530 392 1017
1623 1429 558
175 49 570
1253 1039 1232
614 255 464
683 589 532
1268 849 18
994 508 579
1450 172 1854
723 439 197
1013 538 948
1192 639 452
1604 966 820
968 370 1982
1736 1377 549
1004 551 551
1672 133 522
1519 256 1410
645 588 1522
1430 1021 623
1594 769 1298
1718 432 54
1356 1057 1230
664 264 622
1223 949 1747
1731 1409 694
1250 1087 163
1556 606 1783
1638 108 1397
979 502 479
591 258 865
199 54 1588
1206 1122 70
1216 774 288
1709 1363 96
1549 159 574
1370 40 734
1553 402 911
1594 313 1055
1718 1105 897
736 256 111
1469 1329 1423
282 18 1084
809 544 1979
192 124 988
1152 524 750
1590 1499 1127
1748 278 1245
1525 270 1389
1413 1120 474
1259 946 1891
1069 977 1860
1047 739 1587
1576 1327 530
473 35 812
923 523 1051
1550 1524 1320
1574 976 1950
518 271 471
1724 596 107
1633 1078 630
639 581 1352
315 59 552
947 71 180
1182 220 466
929 635 821
1111 752 1804
785 48 1693
1653 743 1138
1726 582 296
1256 1090 290
607 42 616
1497 1129 1474
1228 328 1698
1496 219 293
1231 384 1409
1114 850 895
1471 40 473
1688 971 780
984 811 181
809 146 1005
824 173 1740
1264 991 402
1205 676 1755
1067 617 1367
1216 932 1231
1357 1212 1667
530 32 1420
799 182 1516
1141 674 16
817 671 1289
1418 473 1074
1732 92 610
1019 299 1153
1666 277 1102
465 362 1276
1664 1605 1508
370 144 930
1644 1128 1332
296 35 1730
1677 694 1035
990 824 1075
1606 246 1878
1682 6 800
1518 472 431
1596 1191 1012
1714 1315 1579
870 743 193
962 651 1874
635 515 955
179 10 476
877 865 325
1107 155 1383
1682 1010 267
1547 225 393
902 231 1338
1198 1124 1854
1631 963 1859
135 122 167
1618 24 123
1192 784 472
1501 186 1607
1421 680 99
953 766 709
1276 931 1747
1084 734 985
893 292 96
1374 1249 106
1498 544 130
1334 868 1865
1140 487 1406
1292 1000 39
1231 156 1549
1425 1419 582
1341 238 1329
1171 394 555
1653 1185 1084
1166 198 1431
1748 144 105
1147 1144 422
1578 707 968
1685 821 1733
619 514 505
978 536 1001
528 333 947
736 620 719
1585 1568 399
1396 201 1808
1605 1404 185
1090 1016 1016
1357 1342 524
1524 6 548
1740 808 329
1664 232 1993
1705 1560 1460
328 176 1749
957 400 1287
1301 1071 761
1333 156 379
477 79 1306
1746 949 1232
1198 566 1767
608 406 1514
1692 195 614
1364 287 1359
1419 299 1451
650 12 1318
520 354 756
1505 888 1347
1610 1172 1403
1322 677 1592
1134 979 410
1767 1134 126
763 684 1136
1637 1458 156
1510 380 1792
932 219 1634
1567 231 1562
770 584 1109
1782 1375 185
1766 781 156
470 98 106
249 64 1732
1277 554 628
1375 503 1481
1674 1639 1380
1192 207 414
515 158 1452
1238 910 1450
617 609 611
895 771 1263
1253 566 162
456 319 1525
242 89 1851
974 798 439
449 136 1048
597 242 13
533 384 591
1326 904 1517
1279 289 159
1279 535 810
275 117 184
731 7 1323
1193 958 1163
843 218 1543
1712 548 315
1437 362 135
1325 1123 985
1471 309 711
1450 588 326
1631 1437 495
569 506 1678
871 235 523
806 332 1482
1731 974 1514
1406 567 458
374 14 1788
1709 949 965
1098 550 85
212 181 218
1328 177 1627
201 75 1634
1725 552 548
325 101 1685
915 3 301
1713 1241 488
1720 545 1972
859 149 144
1704 1102 403
1585 782 1943
1575 602 937
552 396 1481
761 148 652
1771 1709 229
1393 752 1176
1540 312 444
1355 30 1263
674 273 1814
1041 103 486
992 652 1320
1302 1042 1782
1704 1375 450
1774 748 488
738 291 1610
1583 1385 1696
1262 128 1746
1539 583 1409
1294 1000 1320
476 152 1914
1773 1348 459
1081 569 445
973 323 195
1289 1234 1599
1623 1019 1669
861 408 283
378 377 820
999 277 829
1410 723 1859
1663 111 1296
670 459 1049
1599 1572 1863
1518 1262 1770
750 234 20
1241 1197 399
650 341 713
829 365 1149
1565 164 1905
1287 588 1033
812 726 906
1581 1132 1578
816 567 1377
1476 237 1925
1538 1262 255
1300 1207 978
1201 837 721
1316 918 891
1150 255 695
1199 253 1354
51 36 1761
1528 1101 435
1532 1474 298
935 918 145
1478 689 1828
1542 1107 666
1424 339 576
854 607 663
910 323 705
1650 1572 681
1577 608 1669
1416 945 189
1558 1107 184
921 707 1081
698 366 1165
1120 774 367
1015 982 71
1353 856 1865
1445 1233 534
1455 672 1857
1419 583 1642
652 602 574
1404 549 1052
129 32 941
1447 371 1010
1453 570 1570
1676 821 292
843 30 1793
1711 849 1237
1178 360 1660
445 175 403
1498 1121 674
1683 6 1560
1630 671 399
917 876 443
640 456 706
1552 185 960
1392 1149 1278
1348 437 300
594 47 707
1610 1283 11
1754 437 33
1362 1278 1294
1491 1056 1135
1715 563 1136
1017 486 1426
1386 474 1465
871
1475
1235
1300
418
721
1738
180
1714
1019
1732
1247
37
1082
1377
615
263
902
1514
4
908
1315
1004
1407
1275
1664
1424
1389
1052
976
65
1222
612
1040
1509
1513
88
825
317
506
1355
1665
755
683
1325
923
1573
1363
1643
1596
1382
594
1564
694
545
172
439
248
1625
1068
944
575
61
1343
1151
363
717
335
653
433
357
1013
83
230
1653
1687
280
775
386
1631
1774
744
231
1710
885
714
1041
105
1138
818
764
265
1504
19
1087
911
1694
898
307
904
356
426
641
1113
1189
353
1705
791
942
20
1187
742
572
115
1090
805
1579
124
10
682
997
1688
1176
1452
185
175
209
213
639
14
1547
732
252
23
1038
1686
665
1162
129
233
1181
1125
1117
1639
995
432
167
36
1276
1219
802
215
1485
968
985
173
1255
1367
576
1020
1529
1680
1290
48
1051
1270
582
696
1478
1071
672
228
482
1102
1607
616
1526
1320
1777
1437
1486
936
425
870
1554
778
244
542
1299
1453
670
752
75
1757
824
899
216
1709
103
214
407
632
397
64
1171
1571
1592
217
1352
144
1626
1593
1696
740
1567
785
1083
621
1751
1042
1076
68
1616
1084
284
1735
590
1441
1563
1026
43
1761
1583
351
1372
483
1251
535
954
495
533
1098
1135
1011
745
979
765
675
1202
211
15
1644
858
1542
300
45
399
1570
555
1414
80
354
1149
668
726
861
1587
884
736
1094
340
238
1675
1060
1518
1182
841
275
403
78
1351
1764
148
57
573
619
496
1156
1376
713
1537
497
352
74
625
87
1591
128
822
325
401
1248
1109
757
1535
408
424
446
1179
1604
1184
735
149
565
956
521
405
350
72
1409
1772
1194
982
920
781
813
1245
1249
1574
281
860
1168
1638
499
440
484
838
380
1155
63
547
562
1734
492
949
855
1231
141
931
387
768
1079
652
1033
1715
268
73
1303
1722
365
1177
375
568
796
1043
1360
649
130
1044
121
31
1230
539
1262
627
1459
1476
932
579
1413
1672
183
1420
703
120
897
780
489
554
777
820
341
513
1053
1620
369
1119
667
1141
1637
935
964
1264
891
728
1250
1337
990
423
831
62
1362
282
1423
49
155
662
479
1224
678
179
246
1046
126
1225
1410
270
808
1213
1341
1419
851
1681
1207
655
362
1223
1470
235
1743
1606
750
1196
688
1387
339
1131
1510
618
1444
955
195
1528
1137
727
1034
1164
881
1468
769
975
476
969
1731
1118
558
1386
1357
718
723
1572
402
922
887
1645
289
1277
730
835
561
109
9
635
197
846
1586
1032
29
1039
991
549
1501
343
1133
158
374
849
98
1538
232
1500
1056
1159
132
1695
878
1773
1229
1569
38
1517
875
445
657
700
550
1448
174
119
361
515
787
1613
761
587
1132
1585
1003
242
1054
504
1259
580
715
131
1205
1430
537
1465
1580
912
400
1622
927
251
646
297
1742
470
503
1220
454
965
481
1707
743
323
186
1670
1093
1515
218
848
409
456
321
459
1081
1568
1310
1467
1599
687
1440
654
112
836
1348
852
1660
299
827
1364
1463
250
138
442
1064
1640
16
1105
664
1697
1295
671
1427
1188
169
308
33
1763
605
1157
888
1502
283
1334
471
789
1733
1305
11
795
1344
1369
450
972
1024
79
1282
1678
770
1111
1253
437
44
1543
201
1396
636
1436
396
1728
711
953
966
302
467
82
1384
290
1497
1759
839
1408
690
1512
1370
1624
1228
1312
1063
111
223
1170
926
1490
1507
461
1395
1314
1103
1469
1633
154
237
1553
1293
946
1445
1122
1279
378
142
1166
1647
941
331
313
1712
99
863
1190
939
47
255
1296
1374
1411
1584
759
388
1383
800
812
1023
314
679
1136
236
910
457
243
634
1050
1101
1015
631
1047
833
722
650
1266
815
1380
1657
959
999
54
1618
67
1474
254
1425
1481
1447
526
733
1080
1390
529
1488
712
585
434
58
1755
724
288
490
1454
1127
799
1750
245
1061
978
427
524
247
786
165
1298
586
973
452
1242
296
1163
1123
710
950
1099
463
1589
191
1124
886
451
1480
1031
892
372
1000
725
448
734
1768
241
1048
814
1232
746
1598
1655
1677
1648
18
896
661
163
1450
371
376
1702
1505
1519
310
1530
840
1174
854
413
93
360
983
1072
447
1216
673
1186
1240
720
869
1442
60
1301
1630
867
486
1154
945
701
389
958
349
1611
1095
1356
583
474
2
35
1323
66
810
411
7
316
698
1472
1106
1016
1021
916
505
1185
598
1673
1496
1429
1682
918
1319
118
874
17
1150
571
577
1421
1086
136
1752
925
1085
1065
1652
1057
178
1641
464
877
532
592
794
1161
517
226
1499
150
1006
392
96
890
1717
1401
707
1615
25
333
1144
1005
702
1435
1617
1069
222
1403
92
306
903
593
1737
511
1097
77
274
1354
1632
5
609
293
630
1009
1701
1371
859
143
642
1711
1027
1311
716
192
385
1058
1721
328
488
766
1008
1261
1720
196
1462
998
1326
1318
522
601
394
1096
1234
1330
13
1385
1317
1489
355
894
637
1736
1107
419
414
291
1716
1545
614
845
566
1211
156
1690
1269
1399
1534
187
1183
106
27
190
591
1740
980
693
453
1769
1623
747
1062
114
116
788
1548
862
1536
202
567
108
647
12
1746
1110
709
930
292
94
1402
177
1492
277
1100
792
458
943
1209
748
676
113
221
1651
1241
1762
1274
553
1329
1741
1173
1659
198
257
1236
1460
326
373
967
1153
84
1477
460
611
59
876
123
332
1361
762
847
977
832
1327
366
589
1365
1487
1288
596
666
303
24
909
829
1418
1676
101
70
203
1140
1204
367
50
182
928
1595
1233
71
1483
1577
895
1392
56
1017
1601
1212
996
938
843
680
1308
311
1108
771
1227
330
1451
1679
1059
199
91
1685
319
1394
1552
1134
1406
1018
656
544
1342
1014
1726
1338
663
962
1012
160
422
206
1260
170
893
1244
613
1221
1725
22
159
1524
607
338
1146
1446
960
443
1723
570
415
1353
1544
816
534
1464
1656
1636
1287
834
606
819
1145
1336
868
224
830
1433
1158
52
873
1561
295
1600
1070
907
1669
914
1484
1294
1379
1029
1780
1730
1197
645
1191
784
507
624
1629
556
919
758
1661
329
273
1309
793
1346
1400
1001
811
86
1263
685
28
475
398
1674
1605
1078
1002
1307
69
1022
1272
205
1281
1739
520
1650
1075
455
220
510
1539
1252
1415
364
1546
551
194
741
1030
1523
348
1246
1521
438
500
1667
518
3
1289
1566
1366
41
1267
212
628
1345
984
1397
1520
1198
1782
774
337
1439
866
737
1718
501
629
383
410
133
146
1588
1431
963
1692
1339
1458
379
229
181
940
381
705
412
1391
1609
468
519
806
168
1749
527
1494
1120
1321
1373
530
699
1067
382
1286
472
1541
1035
298
322
559
1316
1621
1522
988
1199
1706
623
1215
151
1698
478
753
100
493
952
1237
76
857
1627
1654
1556
804
1642
1747
1555
1434
992
1461
1180
1036
420
934
305
749
1719
342
1466
1549
1473
260
1506
1482
239
40
104
1148
391
1405
508
536
421
189
1603
760
1206
560
807
1779
1398
1292
1116
906
821
139
1104
994
1426
1393
864
538
110
287
46
134
1073
327
491
1091
417
1169
1748
1417
1195
336
395
704
708
334
225
1025
200
695
767
548
540
358
883
599
879
1778
1594
465
271
294
731
1511
370
485
1666
304
626
125
1265
1597
494
1582
1147
320
1525
993
525
1753
347
267
117
1619
1114
1456
1767
42
900
1333
1049
1516
1192
1602
1160
90
1152
1590
1634
1243
278
803
502
51
127
259
279
622
53
249
1683
32
1628
204
681
26
6
971
1324
603
648
719
441
1285
915
1562
595
30
368
301
837
1404
1313
207
797
1256
1226
1112
1306
55
1689
166
1575
516
377
1208
234
1217
913
102
1551
1172
773
763
1045
404
264
1703
602
957
948
974
1684
1724
1532
1074
266
359
1758
917
1531
262
480
1428
1649
1239
208
272
1092
1375
989
600
390
1359
1088
449
1443
498
604
1218
643
1201
1028
557
1280
436
1646
1037
1671
1089
1781
1693
929
1115
638
1273
689
1304
644
1258
1347
817
608
531
842
697
970
1495
512
1503
1498
285
1614
153
610
651
430
95
1765
1200
1491
21
345
738
318
1754
790
145
1438
872
691
1662
1540
856
1493
39
1557
1
850
1203
1479
581
258
1121
901
659
1699
1055
171
1143
1776
1302
1729
844
1378
97
1508
227
1284
210
1700
462
509
1066
1335
