2000 5000 1616 14
929 815 1466
1386 902 1411
1358 1147 1306
1029 934 1865
1142 1068 899
1356 114 1490
1109 11 1478
913 337 153
1828 1152 445
1721 946 234
1778 58 1224
1974 445 1821
207 197 1210
1890 1660 1216
1280 1245 509
1473 378 1659
1317 1299 643
1376 1024 1010
883 30 1917
1982 1253 366
1799 1289 120
1878 192 1129
1509 875 632
1479 1239 1613
1872 1207 502
820 394 1206
1400 1282 1476
1656 853 1863
868 848 1196
1961 782 1037
1908 978 325
1272 559 1820
757 504 833
1727 1352 578
1080 726 1239
1389 193 506
910 663 1914
1405 117 1211
1701 1261 958
1953 469 360
1871 1686 547
1767 861 1701
1465 774 514
1361 1214 912
1048 213 1379
1914 373 1825
357 252 142
1580 703 1654
779 434 1192
1803 1616 1655
1985 730 1109
1065 279 723
1404 1015 1263
1324 876 1304
1366 1114 1601
1295 806 1865
379 219 1639
543 144 747
1714 46 896
713 50 831
1548 1433 1334
1879 1270 708
686 281 1535
1672 1372 217
1763 71 1464
1185 1102 798
1468 442 1876
1230 1199 870
1146 73 1362
910 639 1354
1499 442 369
1702 651 1728
1482 452 1270
1248 37 269
1929 1416 718
290 88 686
1289 225 1802
1280 428 1999
1727 139 1801
561 77 363
226 176 201
1917 1523 420
1086 1056 992
1485 1014 1584
1962 318 645
1973 783 1226
718 490 1508
1691 261 705
1400 1200 1454
1251 696 820
324 298 1050
1941 422 380
1519 726 1381
1922 1333 10
1093 433 1343
226 173 1520
503 477 1586
454 77 862
1879 1060 213
1107 245 1650
1239 46 1727
1319 651 1190
1533 1201 1379
1176 172 847
489 485 316
1603 433 459
967 152 1878
1896 268 1112
1250 683 891
861 691 1559
1192 360 1621
1035 845 1551
280 248 580
1867 1319 1678
1561 121 1539
1852 704 919
1680 16 1824
608 60 1212
1951 480 857
1393 702 1806
335 31 987
1936 1071 955
1312 916 754
901 654 1937
1518 643 209
797 177 169
1633 1306 1709
1305 349 1431
122 4 788
1647 151 1229
1413 1134 240
1693 1435 575
1713 627 1830
559 235 1952
1866 692 754
860 793 223
534 42 71
1113 202 1695
1758 576 1195
1868 880 1272
1912 140 1700
1861 1800 155
772 642 1783
1797 819 439
401 85 50
1694 1693 329
1452 61 1423
1838 843 847
1648 1036 990
1671 965 809
1487 157 1154
1862 1483 1087
1893 223 405
1316 757 14
1698 1442 1367
1921 1069 1347
1895 277 3
1390 452 858
1224 485 1520
1873 1531 1182
1501 1012 821
1296 234 850
1463 827 1949
1726 460 598
784 746 1389
1021 225 1156
1596 1268 851
1271 515 1659
713 7 175
981 605 1847
1839 936 1627
1210 543 1719
1926 746 350
1664 1597 1722
1967 1215 1953
971 360 1424
1447 367 911
1122 812 743
1288 194 1194
504 355 1472
1780 359 1698
1652 1059 813
1819 1147 1123
1750 433 1801
1966 1073 790
1256 1168 304
1791 715 10
1800 443 1949
1315 17 1394
1520 387 229
1178 1137 289
1263 393 1851
1862 762 1734
1103 1025 890
1958 1004 1539
1044 606 161
1826 801 1658
1275 745 69
1962 1226 347
1558 881 1249
1510 1233 606
1958 102 1196
1349 1002 469
1395 495 905
1218 823 503
1883 931 1928
906 332 154
1743 1521 84
739 637 1310
1620 437 1616
1762 1092 420
421 344 194
1202 176 87
1499 556 1454
1758 1661 349
1495 457 1593
1209 609 808
1448 292 42
1434 540 1460
1985 527 840
1936 1350 1837
1941 779 1493
1333 829 1012
1364 559 947
1753 1271 56
1283 707 1280
969 421 576
1179 1161 28
1886 641 995
1567 807 178
883 687 1186
1827 1 826
1487 1269 1162
1879 910 394
1711 376 1990
1506 332 753
1511 736 284
1058 1057 1438
1259 922 1068
1890 558 873
1272 483 737
1344 1179 1324
935 923 76
1118 50 1696
1477 421 568
1504 669 808
1975 798 1774
1537 1237 595
1690 240 1374
733 158 350
1908 578 842
833 310 1401
1643 533 301
1818 939 107
1064 281 33
406 233 579
1665 1457 87
1964 1220 793
1956 126 122
1568 706 1631
1292 1287 637
1651 1043 1904
1612 562 1773
863 545 1398
1982 1658 1910
1939 1030 586
1643 1089 461
1903 1859 574
1022 658 1519
1858 1711 258
1372 497 323
1720 1144 1714
1344 1121 606
1836 260 580
509 279 278
1952 1574 1766
1458 998 1665
1149 43 1457
944 40 915
1046 526 86
1494 697 584
1210 1207 878
1204 751 556
1941 930 45
722 495 763
1575 1150 441
1353 752 1972
1337 467 350
901 298 195
1995 936 504
1257 994 911
1617 15 1667
1123 530 211
2000 1178 18
1840 862 1304
1720 448 1944
1519 1169 35
1634 1096 1914
1852 1348 142
1759 1217 1833
1934 528 1061
1716 28 62
1957 433 904
855 17 1615
1950 1762 1366
493 1 282
1394 1063 1139
1225 757 55
1252 324 142
1329 1283 780
1563 1278 1420
1996 1858 476
1614 1429 1517
1131 1121 1545
1599 1458 910
1824 704 1060
1559 752 803
1543 674 461
1851 895 1314
1279 961 1467
885 521 1877
1333 839 1195
1620 330 1677
912 477 1170
1212 316 651
1617 1559 872
1392 1113 1109
1930 323 1879
1511 598 458
1712 1585 1171
877 823 720
121 14 60
962 44 1351
1467 764 1930
215 191 573
1842 1707 326
531 242 492
583 91 928
1394 315 1859
1496 1477 1367
1225 441 320
1843 1789 820
1868 75 1661
1248 102 1631
1516 1510 218
1075 105 790
1130 884 1560
629 141 729
808 671 1249
1703 999 1066
1246 270 1173
747 202 67
1668 1398 553
479 341 1415
237 189 740
1278 648 680
1703 44 1649
1543 102 572
1529 457 1052
1001 588 821
1155 1084 1350
1475 445 1341
1604 1440 1454
1926 537 1506
1187 895 348
951 774 1051
1909 217 688
1364 1275 1551
803 633 264
1027 784 1935
1216 364 1525
1667 361 1060
416 404 1601
1776 896 959
1412 1013 34
1879 391 1355
1717 31 15
784 109 1662
699 165 1483
1925 1395 6
1520 873 1008
1149 992 895
1121 306 1228
1843 1419 1165
551 76 1944
2000 880 1486
1961 241 1210
1459 707 452
1787 1576 713
1103 379 1624
1434 103 1039
1829 51 1406
1670 616 643
917 314 212
1712 75 1875
842 560 357
1577 209 1295
1154 388 1156
1938 1876 1202
1825 345 1701
1123 423 1080
1515 147 1379
1834 387 205
927 114 734
1222 469 816
1563 211 1732
1888 1513 1020
1752 1429 157
1495 604 1324
1813 364 1858
1253 448 283
776 630 406
1368 511 883
1197 423 1650
1973 1361 1209
1739 853 536
1834 690 1593
1938 915 159
1109 1066 385
118 98 165
1548 654 676
1721 1383 224
1747 421 1444
58 50 1035
1930 538 990
1947 1054 479
1608 671 484
1040 927 26
536 486 1471
1606 603 1305
773 75 246
1773 506 1442
1792 863 566
237 80 1787
1907 1114 1582
609 272 1353
1445 1405 1738
1541 1078 668
1323 71 330
935 913 1000
1065 587 1296
676 47 1220
1541 1182 1749
1853 1351 82
1434 227 1328
1707 1416 655
745 667 1493
735 714 645
658 328 965
998 844 1250
1755 1067 1277
1174 94 378
863 51 1846
1912 1267 815
1969 804 402
1392 978 496
840 152 1413
226 7 1466
1664 115 1862
1506 252 1627
1267 110 1588
1182 953 1599
1940 1345 1772
1217 180 365
1359 182 1186
1004 862 44
826 586 413
1761 1124 612
1577 1131 1073
1861 250 54
1780 151 107
1132 372 1203
1051 837 354
1765 1125 1441
1680 884 257
1152 851 1624
1965 1283 919
798 345 962
347 313 1895
1434 1137 1992
1596 1264 1567
1346 1115 1995
1731 55 1711
461 283 397
1702 1251 896
253 248 1095
1722 43 1741
1956 325 771
218 163 1110
984 209 462
1806 1794 1740
1520 395 1832
1477 138 112
1393 1109 603
1819 915 356
1608 796 1200
874 440 1248
1564 883 1928
1953 1035 1452
1037 675 1875
1072 532 1844
681 430 1988
1399 735 1452
622 278 1398
1869 877 387
70 3 1220
1782 1604 727
158 28 323
1550 1526 1785
1234 319 1852
1977 1097 339
1884 1376 464
1886 478 1434
1428 488 705
1551 67 1500
1960 964 1055
821 758 1295
686 377 268
1396 1062 623
853 155 427
659 260 1381
1113 428 159
1688 1515 653
1172 713 1113
1413 1241 969
1671 1138 1507
1723 379 307
1299 714 1445
1215 971 1755
305 51 1500
1310 471 472
627 180 989
1078 1011 824
1051 431 162
1988 85 737
1651 1645 635
1432 353 1848
599 585 57
1984 566 1462
1013 565 690
1640 1510 151
1980 210 828
1398 746 1837
1022 927 1511
870 758 1259
1198 379 1161
1008 668 424
1737 1471 1106
1522 1425 1162
1406 995 1784
708 601 1464
1903 1759 1424
1853 602 1810
645 441 1272
1848 632 994
1673 1083 987
1299 1230 462
892 335 957
528 420 1043
1110 861 883
135 48 1112
1073 296 1347
619 417 1715
1403 280 1168
1655 290 1693
1198 528 74
1619 695 1877
1437 1328 996
1299 931 603
1414 1022 1662
1023 82 1545
1026 230 1403
1862 1105 130
1082 490 982
1661 1026 967
117 13 1739
633 509 1038
1163 1129 1696
1019 565 848
1816 384 791
1674 204 1729
1223 125 1147
891 397 1742
1992 1689 1005
1949 1844 1015
1380 349 242
919 212 1938
333 172 57
1273 1081 530
1783 1252 1110
806 218 1320
1830 404 1392
1725 539 1408
1424 624 1739
570 548 903
503 238 272
1269 943 1960
1003 187 1542
1608 428 801
669 538 172
969 622 199
1595 1236 705
485 26 1929
106 50 1588
447 342 1739
1725 558 33
1867 421 148
1662 442 1873
1477 120 1458
1803 638 632
1241 464 788
1540 897 1401
1964 152 1940
1264 354 1095
746 280 369
1680 1347 1341
1469 690 476
1417 721 452
1268 559 1558
1705 1206 1643
1561 1076 896
1465 259 837
1948 1119 455
1289 733 301
987 679 1463
781 738 1546
1156 184 1606
1327 281 1368
1527 536 1036
1624 1349 983
377 159 94
1451 1013 374
1538 1290 868
1103 352 351
1092 858 828
1505 969 262
1699 110 1407
1775 1297 1117
1344 29 1448
1609 1481 577
1101 920 790
1787 1102 1652
1625 1581 1008
1781 1425 1895
1232 412 112
1255 709 356
754 629 1696
1348 70 37
1274 488 1559
1898 1200 789
1841 1628 98
1642 1255 983
1293 430 1457
1310 155 1777
1330 1252 775
1071 886 1092
1708 377 340
1680 1314 515
1022 28 1079
1197 40 492
305 285 1097
1433 49 1759
1231 60 611
1468 885 1771
1197 151 920
1384 187 1990
1733 611 700
1306 599 351
1417 1285 54
1225 771 693
575 532 210
963 544 1276
976 829 727
1247 506 1530
1843 417 87
1977 806 856
1728 826 1058
1963 629 1906
1420 692 1160
1937 292 610
1629 1517 381
925 256 1627
1880 1396 863
1763 611 1740
203 41 994
1860 551 1571
1405 697 675
274 24 1759
1447 930 1018
1353 9 1354
1763 186 1281
1943 102 61
238 93 305
715 677 553
1135 92 351
609 77 816
1096 277 172
1665 744 97
991 49 312
705 157 1667
761 416 173
417 286 1566
820 173 1879
1613 689 269
1913 1534 244
1824 1619 1644
1678 6 283
1726 876 807
1791 974 1260
1342 600 1830
1314 270 1602
1624 1194 1027
1271 354 1093
1149 1086 1667
1277 673 1090
749 135 616
1823 53 581
1892 1880 1924
1910 1001 1986
1317 182 314
1346 897 610
1790 146 829
1782 1358 299
1180 445 1639
1398 760 552
1991 1325 546
1868 742 1931
797 238 1083
1050 1049 640
1726 1440 1007
1987 1663 1513
1590 955 1784
1769 464 1494
1647 996 375
664 459 971
1082 811 470
1818 1701 511
1527 424 787
817 153 379
36 10 487
1476 741 1814
1667 1129 840
284 51 119
1926 1299 745
322 187 1204
1314 1058 198
1974 1072 1867
1329 82 1038
1539 493 851
1683 677 1857
1988 405 303
1394 199 967
1833 469 847
1669 477 274
785 18 75
1131 845 1490
1743 990 1014
1518 293 258
593 302 99
256 109 899
1242 994 320
1204 29 98
1956 1647 923
1116 666 931
1587 245 1581
1523 1009 1687
1434 1294 1769
1756 769 853
1483 970 1870
623 469 865
1655 1460 228
1280 755 1946
1509 1272 266
1069 84 983
1568 288 484
1767 1605 1448
1926 1144 238
1670 1244 1231
1624 1581 303
971 568 196
1627 1062 815
360 12 297
1686 1439 397
1764 730 1722
660 231 989
1845 93 944
1758 362 375
1494 1251 1319
1903 416 579
1451 619 406
1253 1116 1981
1352 841 1340
90 55 800
1960 106 1431
1280 1145 339
1063 128 886
1037 798 179
1219 429 1595
1810 617 725
1546 1288 81
1053 808 15
1226 929 1405
791 586 121
395 300 1118
1983 191 1562
431 272 647
1215 56 619
955 577 160
1397 1273 1924
1784 1211 525
1654 941 1736
587 161 1810
1939 398 458
1481 104 348
1361 747 193
1445 1285 276
1523 1004 1088
852 610 1119
745 397 1388
1822 1467 326
524 68 1154
794 223 1014
852 690 1853
1423 234 1799
727 206 1099
907 483 1559
1354 615 1312
1888 533 40
1043 538 983
1905 208 1
688 97 1607
1284 485 256
1786 743 1068
1174 882 465
1718 1449 1470
1022 368 1313
1351 1041 181
1944 1417 726
642 15 964
904 195 1882
1140 913 530
1150 675 1903
1702 1334 418
974 771 1383
1713 1096 1740
703 310 1282
181 103 354
1464 690 540
658 474 1853
919 582 1360
881 522 211
1932 657 278
1575 18 709
1186 303 968
659 407 527
1892 732 1901
701 34 1821
623 443 1232
1888 1096 349
1797 676 1478
1450 309 1147
1192 149 1419
1412 356 1308
1338 1198 1302
1906 1604 1261
1506 548 1826
1898 427 191
1537 1287 352
1130 505 1037
1193 229 1357
153 102 1776
1935 1115 915
1276 1064 297
814 791 1539
1085 63 103
1725 1604 1224
1887 195 736
1496 498 64
1942 309 1999
787 615 1571
1294 1074 1916
1165 193 453
1461 1184 1653
1739 485 1221
1068 889 714
1465 745 1971
1936 631 1879
1105 276 205
1877 1731 204
672 394 1260
1710 277 1921
544 445 376
1947 433 1586
1923 1858 1272
1906 394 1687
848 188 517
1049 347 1757
601 32 1996
1388 675 1638
1763 627 1576
194 136 1964
1830 612 1270
1886 52 830
1840 371 1993
1422 206 775
1201 479 1900
662 267 1641
538 444 1098
975 444 1184
793 611 1120
1596 826 1203
808 730 1433
1806 1012 425
1858 1002 451
1631 45 110
698 335 1150
1764 1234 1523
1684 1549 481
832 188 767
1901 1227 1258
756 662 1986
543 89 302
272 111 77
1548 825 1403
556 10 1028
1791 534 684
1415 87 1204
1165 792 902
1455 770 1231
1026 102 571
1195 1003 1927
1417 128 108
1506 1281 65
289 50 1551
619 367 467
1933 1259 411
923 902 1266
1822 172 1276
1419 1110 83
1001 582 928
1068 250 244
1956 1419 107
1213 140 1402
1259 371 1777
1534 1150 1729
1035 127 1645
1662 1201 636
199 107 284
262 201 1616
944 358 1460
1688 1130 1071
830 377 655
1203 718 1396
538 503 408
1873 963 597
1094 368 1458
1673 210 1274
1710 384 1703
1338 472 520
1286 973 107
1394 999 259
754 174 1902
821 102 1750
1785 429 565
1514 664 1269
425 417 150
923 477 327
674 146 869
1807 1238 784
1813 612 1186
1375 1013 1218
1293 359 10
1789 829 1975
811 621 1303
1618 822 1541
1328 967 769
1075 1052 1576
1067 1046 1762
694 470 148
1061 602 693
1649 224 205
1072 671 473
654 537 146
1410 949 948
1460 803 546
1991 1261 1476
1815 245 1768
1992 1777 1816
1232 101 91
1704 634 1529
1376 810 1030
1721 252 1135
605 360 829
1029 342 1147
1765 1296 1547
1929 280 758
814 537 154
1897 1314 1139
1803 438 1896
1620 1014 954
1707 1293 607
1418 987 33
1991 1196 629
1836 917 1089
1142 208 492
948 519 363
1618 1367 768
929 541 234
985 708 807
1852 1584 27
1149 635 1942
1674 1394 1741
1411 825 1212
1168 674 281
1228 1038 905
574 213 132
1659 913 1430
399 94 1837
1416 1400 1077
1353 226 352
601 519 42
1934 1370 1895
1034 679 1094
1408 941 1464
1933 1783 313
1847 1616 494
1964 948 1208
1788 573 127
1780 1059 182
370 289 228
1764 641 1396
1158 480 83
904 408 706
1292 206 1357
805 708 776
1399 53 535
1033 557 1276
1891 536 463
1442 846 1059
1838 593 921
145 29 200
1377 100 1405
422 337 193
1775 1065 657
776 82 13
1500 502 456
1532 39 1448
1536 1394 1137
1739 895 1774
1626 1444 396
1435 585 1564
985 544 694
1526 1085 1001
1966 1399 1811
1438 1161 1118
1966 258 1757
835 477 374
1568 814 483
1211 750 1694
1945 712 1876
1880 903 375
716 403 61
1338 200 585
1473 410 701
935 590 306
1190 347 85
1846 1795 1466
1789 591 154
1206 671 779
1114 917 767
1107 405 520
1843 1680 1171
1583 492 491
1862 1511 879
1278 127 1021
1542 606 680
532 386 1124
1661 1567 1403
1473 76 116
1100 264 270
1210 60 119
1998 1835 301
1963 1710 1350
1503 1021 536
1310 697 1665
1266 1132 7
1476 42 1017
1999 1757 1253
1370 395 238
543 412 593
1451 1292 1871
534 40 1065
918 49 1705
897 20 1063
880 153 1872
1512 1427 1716
1813 1267 699
1916 1079 1616
820 55 229
1100 508 1048
1547 592 1767
211 198 953
1535 1417 288
750 256 460
700 532 1799
656 538 105
1431 1420 554
1761 1232 1532
1158 441 481
1793 688 1109
1591 1035 1700
1992 1481 1364
539 515 35
1935 617 958
1953 924 593
1369 977 623
1873 187 1803
1479 1204 1186
1960 655 301
1740 455 1227
1663 1618 719
1077 461 1943
1845 334 1174
1230 794 36
1532 622 590
1658 878 897
886 319 159
1069 769 1485
1268 847 1867
1726 1077 122
723 630 165
1834 904 242
1249 1075 1785
1910 996 1339
1564 1508 1643
862 757 449
1569 1465 323
1453 687 973
1123 906 1412
1716 874 688
1940 997 1505
1518 408 181
1671 478 1409
1217 114 1492
1261 174 1306
1712 1658 1602
1449 1405 1697
1826 1666 1126
1644 337 648
789 551 1685
1903 1397 1953
1527 1380 148
898 378 1066
817 87 418
1572 1412 813
1628 1032 1142
1842 1149 109
501 190 1616
1458 18 1066
269 175 366
1280 415 1452
1183 703 1346
1821 1385 1442
317 18 1374
1820 1443 59
1076 947 858
1964 1739 1620
1631 431 1802
1925 1893 838
1327 452 1677
226 125 881
1591 1149 1830
1621 395 1267
930 879 1119
1861 695 86
1760 1576 1614
636 307 1033
1631 1508 1388
1595 1568 888
1209 788 718
1190 270 701
1415 258 1758
1845 1636 246
1910 419 1077
581 501 60
1929 1060 1795
1067 279 850
1927 1113 401
890 221 1154
378 159 673
1363 1235 1041
826 500 238
1997 1107 10
1010 760 304
1776 615 279
1266 419 1283
500 189 1514
1681 1146 451
1394 887 1717
537 453 794
896 804 390
1620 21 1917
333 224 525
700 278 12
1317 899 873
1756 1189 251
1964 1693 747
1209 600 1517
1912 1749 1220
1607 882 1828
1953 1167 1245
1009 175 376
1674 358 1125
1504 316 301
1959 648 1511
1498 1070 1241
1280 421 1885
1873 412 1633
192 169 930
1968 1217 1943
1869 136 323
1606 299 1854
1695 420 1866
1853 901 751
1023 246 1908
679 218 148
257 94 1648
1279 104 1706
649 279 219
1366 865 822
1575 212 455
1424 509 1763
1884 1663 1568
1094 175 1532
1677 489 307
1469 1325 120
1889 191 1252
1327 819 521
1665 419 780
1201 245 123
802 584 760
802 252 1089
995 347 734
1649 748 1577
1163 655 222
1609 763 1448
1686 506 327
1442 466 1143
1867 1369 1354
1994 693 1235
1052 44 1607
1936 1202 198
1260 171 892
1286 498 1610
1272 182 1623
614 295 1857
1664 551 416
1314 101 1446
1813 1633 1939
1631 958 1884
1953 323 1667
1961 350 27
947 823 1748
956 327 1130
571 288 417
331 104 754
1743 1026 1683
1268 724 1859
1193 545 15
1474 265 243
233 118 395
1870 239 589
1144 1137 1745
1840 985 1459
1858 890 1067
1854 1562 1079
1316 316 1576
469 347 1247
1346 300 189
1467 1428 836
336 184 1698
1674 855 449
1746 994 952
1171 795 1512
942 139 751
1361 1166 130
1455 888 1998
1619 12 1927
1889 279 970
1557 1462 1490
1702 801 1019
415 372 1666
593 410 1910
1536 261 1849
843 579 347
1239 679 1610
1747 1638 1615
1451 702 248
1294 1193 1608
775 637 1754
1894 848 365
1669 708 705
1687 570 463
359 353 387
562 173 514
1193 167 1487
1335 1126 1820
1942 477 557
1871 601 1058
750 96 835
1385 475 1897
742 496 1007
1996 423 287
1891 750 490
1860 99 80
1855 1328 346
1169 1149 1244
812 74 1628
1739 147 1323
959 747 611
1254 986 1888
850 359 1438
1783 229 1529
929 662 1342
736 587 1928
1409 53 1539
1732 717 1928
1525 1311 1155
1871 1551 551
1688 65 1566
1589 469 862
1675 1093 1942
1182 705 135
1965 880 1939
1429 865 679
1903 229 622
1873 1822 1222
690 405 1110
737 234 231
1736 57 647
1923 1692 1686
1146 339 1346
146 57 691
934 94 242
967 303 1595
1930 1634 1218
748 24 1171
1944 1419 1422
1691 1443 953
1818 619 474
1988 1210 317
1975 951 1910
1746 37 1717
1828 1796 453
1656 619 251
1213 188 1044
1254 938 1022
1053 327 800
1541 933 1773
1673 1664 916
418 389 1742
1332 718 1785
1463 1259 796
136 52 1436
903 827 977
156 120 217
1945 537 490
1894 882 511
1936 1844 184
1575 751 311
896 704 1740
1963 760 1505
1564 1341 1935
1520 1497 995
1044 614 442
1553 1539 1402
1233 457 970
1817 1404 199
1872 953 371
1678 1516 214
1388 196 1504
815 193 30
1222 632 1802
1177 257 100
660 519 803
1424 578 1117
1660 309 1830
1154 891 465
1450 619 74
1827 87 542
1869 1695 1681
619 180 897
1169 364 503
1115 275 1556
1177 544 846
1240 36 515
1970 1244 1663
265 199 1178
1291 373 334
1974 610 303
1043 847 910
1845 1014 1045
946 652 502
1476 1084 630
1540 413 398
958 584 912
1709 311 1403
1256 135 742
1069 928 943
804 307 1769
1381 1200 1575
463 384 409
1408 412 838
1604 1374 1632
1516 167 1384
1793 897 1954
1491 875 785
1637 99 1723
1494 845 1181
1349 166 1485
882 633 1214
1146 81 1937
396 126 1838
505 216 772
236 36 1746
1487 307 1017
1872 773 1864
1682 1530 737
1955 183 662
1969 1563 151
1889 736 1886
1423 1084 263
1959 735 1522
1590 1198 1588
1092 900 191
1215 652 1008
1805 432 302
1898 1120 315
696 200 1793
1808 1295 94
974 849 714
1405 749 441
1752 938 371
853 166 1856
536 139 1694
1415 894 1480
1093 773 1025
1838 735 1230
525 493 463
1674 1468 1979
1903 1538 906
1115 795 557
1853 132 802
1599 1554 1269
1729 843 435
1348 404 255
323 89 1056
1921 1837 1127
995 250 1810
1390 497 169
1950 143 514
1849 1596 275
1468 682 495
1522 743 1038
1148 889 746
1991 565 1867
614 364 303
1054 26 1446
1909 19 1014
1893 84 823
1707 381 1337
1662 526 363
1007 440 1279
802 512 1622
1554 963 884
1409 710 273
1741 876 1075
1891 336 716
1995 119 1472
600 515 358
1938 1218 1168
1705 671 148
1523 144 1493
1691 1162 1111
1364 579 566
1030 670 402
1901 133 1909
1080 930 1588
1811 1063 1965
1136 792 942
1708 1196 1606
1434 721 1647
1521 556 1746
1971 447 1208
848 120 451
1318 793 1870
1319 244 1211
1186 400 1117
1436 1296 241
1656 1197 1879
1159 4 429
1174 303 686
1383 252 1898
914 690 1968
852 526 1542
1748 679 135
1679 208 1804
1489 57 854
309 290 652
1278 266 852
1105 988 517
1618 941 1562
1731 1029 1147
1956 505 535
957 788 116
1653 1551 612
689 194 839
1563 806 612
1058 810 80
1661 1015 1277
1311 734 1457
372 156 310
1458 1423 800
1083 885 1538
1788 1704 1142
354 189 1988
1650 1411 1527
1441 200 272
1896 725 1572
1940 760 932
1788 170 238
921 797 273
1083 729 1331
1415 757 833
1399 110 738
1632 16 1915
1775 596 465
1195 1025 755
1651 1646 134
1838 572 1395
1629 970 1492
271 125 651
390 140 1303
1606 616 1389
1782 281 1393
1800 498 675
438 1 1876
1493 710 1953
1667 634 96
1189 226 243
1454 296 773
531 15 382
1340 995 206
793 224 1314
1347 689 1801
1660 353 780
982 616 996
922 461 101
1659 486 1509
1409 1177 465
1470 987 1883
1551 610 1843
999 695 1512
1581 354 335
1985 124 314
1536 1016 1490
1784 1425 1444
1651 82 18
1799 377 872
483 46 609
1610 1062 1743
1467 1461 1818
1953 963 781
199 95 1151
1920 1581 1348
1322 945 463
336 185 182
1497 1477 1391
1288 59 975
1919 1254 569
1757 1147 672
1616 663 1524
960 247 350
1765 1073 464
1920 1608 642
570 541 721
689 607 297
938 609 1811
642 419 1898
1758 853 1722
156 123 1959
1556 524 1533
1545 717 1037
1809 1031 815
637 142 1946
449 291 1588
1956 1356 1685
1673 1126 71
1794 31 1864
1653 779 1219
1171 58 427
1203 722 1726
1116 999 1715
1614 20 1586
1552 881 386
1746 106 1877
994 481 1750
690 247 648
1805 1344 1422
1601 1011 1235
1788 587 1787
1973 561 899
754 388 1906
1768 51 1449
306 292 85
1941 1311 99
1643 1012 848
1625 725 1535
820 683 93
1301 307 1786
1871 1492 595
1898 1723 1618
1824 652 943
1247 498 1040
769 163 266
1475 123 825
1721 1379 469
310 154 573
1729 1493 1029
822 310 546
1465 156 1556
1284 898 1932
439 79 1798
1368 599 1828
1764 200 1396
1796 694 36
1779 826 455
663 265 1518
1427 570 1017
1827 52 328
565 540 1978
1558 1108 422
535 167 1414
1850 340 1299
1274 449 1510
1631 1565 793
477 241 1470
1633 164 1763
202 169 622
1570 831 1561
1894 656 292
1979 1082 1106
1838 1658 1516
1775 206 807
1010 834 1525
1150 615 890
1207 497 99
1748 1721 1048
1848 64 1927
1472 1007 897
1642 807 74
1627 934 1491
1466 562 389
1644 845 1558
925 199 276
866 445 1614
1469 1114 927
777 299 161
885 290 928
1737 1381 474
772 647 701
1514 5 1590
233 212 358
1453 472 1769
1056 626 954
1109 838 1848
750 312 1761
1489 731 1786
1265 664 159
1146 110 28
1298 437 1974
1749 737 950
1969 183 195
1782 49 1368
666 79 1652
902 897 373
839 739 1250
1706 1611 1105
1560 267 1306
629 109 210
1264 1192 1231
1600 342 305
1912 800 1628
1221 1033 786
858 687 713
1913 1660 26
559 62 1689
1988 1691 1262
1578 629 515
1817 1204 290
1243 631 2000
1057 56 1350
459 30 131
1112 325 1450
982 130 1711
1374 337 842
918 420 850
1898 1005 1234
982 825 1001
1367 107 150
1990 1968 1167
1381 550 1213
662 498 295
1174 191 1768
969 294 797
314 41 551
926 868 185
325 78 76
1298 158 1245
1806 1418 1946
1010 600 1727
1785 1489 88
1484 393 1593
951 654 1551
1786 1712 144
1173 466 510
1778 1616 1733
1802 587 1495
1308 155 1632
1794 1228 1892
879 317 1449
946 77 318
1206 923 897
1340 788 221
1646 1155 368
1882 888 1544
1874 3 97
731 118 1116
1767 128 169
1019 75 1283
1865 29 1279
1218 1120 1440
1951 1710 1501
754 242 977
1143 389 199
1514 382 1100
1590 1260 1677
1602 1410 1717
1478 1098 437
1483 450 1469
573 390 1423
1561 1375 1919
1913 33 1447
234 109 1622
1938 203 1205
1706 793 1697
1584 463 1764
1669 1153 889
1536 466 494
1642 978 1761
1942 621 288
1924 1070 377
1133 648 302
1904 1811 793
1504 494 703
1521 1123 311
928 523 652
1913 1801 148
1448 1293 718
1208 430 1804
1750 655 1037
707 441 1998
920 654 1933
1991 1131 236
1969 557 942
598 553 1907
466 76 1866
1313 1042 1996
1259 1062 527
1940 86 1718
552 22 28
1641 1194 1115
1292 9 1327
1526 411 638
1654 1453 66
1665 1369 658
246 199 1415
532 160 706
1062 97 152
1837 291 1451
1727 268 38
1447 1328 677
1746 573 484
1714 776 1739
882 28 304
1504 984 1039
1316 411 201
921 354 306
1944 38 1232
1670 722 1490
1162 51 253
1751 1042 1397
1715 1689 1028
1175 824 1293
1037 539 1210
1101 522 900
974 604 1522
268 144 1107
1329 863 1081
858 168 1320
1666 1125 1478
1467 26 388
1513 774 1283
1732 1453 1807
1715 1410 1832
1134 454 758
567 261 352
1756 610 439
1651 1155 1828
1023 19 1441
1448 422 361
410 96 1507
1381 839 499
1678 798 652
1879 1708 1915
1877 1097 648
1641 767 1127
1769 350 1612
1877 342 574
1135 312 1264
1552 124 1649
1375 483 367
681 660 761
1645 682 1264
1033 624 38
1905 822 866
1546 868 543
1864 936 1963
1912 1119 1067
1955 1626 190
1202 300 616
1243 269 328
1193 78 1280
1485 598 1467
1585 329 1800
1474 998 1325
1143 669 282
1924 257 1965
1404 433 1454
1298 518 1216
1525 728 523
1786 1003 534
220 90 1531
1816 1680 236
1083 273 150
1687 162 1849
1794 239 83
1030 370 656
1455 600 1329
1545 903 144
1795 295 337
1185 852 866
1171 750 1292
1985 265 971
1439 410 562
1860 1757 81
717 693 634
879 297 156
309 13 167
1562 1250 869
1478 224 224
1100 325 1644
1702 932 1063
1156 674 509
1279 1238 1091
1581 1335 584
1990 1517 928
1495 495 358
1874 1743 1514
1418 332 486
1666 1273 1255
1115 582 1007
486 34 1337
1500 665 1681
1516 850 1106
1763 241 1848
1657 1625 157
1105 183 1577
958 412 11
1900 618 221
1257 2 1092
1870 582 1708
1762 1044 1568
1491 1037 973
1129 535 1563
1284 1101 345
1368 1012 745
338 94 950
1121 498 1593
951 66 681
1603 752 1359
901 612 1575
1653 675 913
1159 440 1215
669 658 1934
229 117 1897
837 171 814
1319 311 342
1439 1247 1912
1553 294 1848
1399 1027 396
1425 477 1575
1836 1150 872
1800 172 275
1779 110 978
882 736 1444
1350 556 1251
1081 863 1372
1878 657 13
1231 141 1207
1860 1251 680
1214 937 1981
640 549 1722
1627 755 871
895 595 252
1389 1297 1146
1053 210 699
1460 149 1521
1218 214 1065
462 347 843
826 686 31
1743 1152 1971
1766 1533 343
1199 784 1760
1958 1175 1686
771 546 498
1622 1451 1539
1492 851 1055
1203 1120 704
1498 1333 1025
1074 317 1132
979 651 990
680 571 778
1538 436 1668
1513 442 1242
1433 551 191
1953 1643 1398
1964 696 1588
1717 1418 1450
1552 1349 1122
905 152 378
1359 1090 1923
1929 730 1456
1570 238 1046
1632 830 1587
1510 303 829
1821 223 1835
843 756 265
1676 752 1425
1944 421 1417
1359 908 646
1288 276 1502
1180 994 1028
1331 209 1345
1850 587 1340
1273 117 561
1267 836 1401
1409 799 1098
748 520 1357
1857 1555 284
1967 1368 1905
1752 129 1025
864 312 1222
1785 1401 1639
732 540 36
1213 308 755
1715 1123 1965
750 439 798
543 432 1779
1447 1296 851
707 378 1678
1637 1512 1526
1990 458 664
1001 517 4
1777 1642 147
1906 565 1628
601 572 431
231 205 412
1915 1536 799
1073 645 1456
1447 393 591
918 504 1710
1003 707 419
1857 1690 1546
997 616 1643
1352 808 281
713 51 1905
1134 960 1844
44 32 1603
1424 990 812
1873 1544 397
679 50 46
1397 4 109
1418 402 701
1272 1188 1537
1463 482 450
1847 1358 338
1782 109 1068
1243 250 1836
557 244 1279
1667 1284 275
1445 1307 1022
1097 700 1577
821 521 231
943 770 1057
859 301 1280
1927 1777 251
1172 1085 241
1585 1068 1836
1954 1007 1560
1514 1343 451
1280 1063 292
1253 169 513
641 49 1341
1470 336 1945
569 434 1364
607 85 1317
1804 443 401
1813 263 1307
1970 269 86
698 207 1466
1688 1096 1920
1500 472 998
1356 224 1226
561 30 283
1515 912 196
1617 937 1796
1776 949 136
1150 415 704
1980 1112 1081
356 347 1802
1540 1189 1059
1771 548 1973
1986 896 1435
298 163 685
1982 1322 1905
1547 407 545
1861 436 1773
1882 18 1494
1060 464 1830
1073 380 183
1615 1291 204
1653 1385 1597
1357 1202 290
1787 1446 1082
1703 1246 1350
1783 1484 1047
1573 1379 1867
1609 1399 495
911 788 1396
1160 1045 878
1693 1148 235
1650 362 1059
1071 822 288
1414 522 679
1707 1364 420
1771 1017 885
1332 551 77
1325 85 653
1979 179 484
1409 287 1534
1823 345 527
1211 207 1465
1247 427 1853
950 96 603
1449 744 426
2000 767 1792
1919 515 183
1553 106 1134
1986 144 1592
1519 5 60
1829 246 242
622 156 1366
1559 16 921
787 726 1116
547 487 405
1979 997 463
1464 222 1671
1906 866 1864
1395 1232 1208
944 26 750
703 526 1616
1833 617 803
1682 591 1648
1116 792 1968
398 366 1200
1262 425 237
741 23 1186
1568 789 22
1762 1360 974
1576 407 763
1578 869 391
1637 1189 1721
1062 51 1026
1857 802 466
1919 1899 613
1102 167 740
1299 393 1905
1659 1203 1936
1828 463 1580
1993 1738 291
1588 81 560
1103 1031 468
1209 465 319
393 287 1695
762 67 1177
1492 272 739
1728 993 1914
442 29 191
1379 864 894
1938 1467 566
1777 471 162
972 115 945
1970 121 782
1856 390 1993
801 96 339
1642 1641 1119
956 88 140
1941 1888 132
1817 1377 838
1103 970 1126
1897 867 1371
1981 140 107
1031 22 913
1662 1081 1346
1779 554 91
1038 518 1066
1915 1257 652
268 264 822
1607 856 1908
1817 211 509
1760 235 1056
1733 1059 909
1684 581 1018
960 943 1636
1641 1132 981
1666 1061 259
1631 138 713
1123 1063 1676
1563 1496 1496
523 522 392
1594 748 1761
1805 449 378
930 851 90
1545 273 930
690 318 239
1762 1563 874
1651 804 1385
1852 1018 1647
1990 238 346
1424 1212 466
1770 651 1850
1133 1128 1816
576 547 1865
1962 367 1984
520 185 576
607 53 1516
608 527 1526
1126 480 150
1806 1721 1569
1048 222 1715
1706 1523 1786
1645 741 1876
1444 145 704
1997 977 540
963 254 1573
776 559 1631
927 72 1732
1928 963 1852
212 161 399
949 79 1850
1302 75 779
1985 1880 1348
1958 1196 1428
1053 774 701
1137 460 565
1662 718 1522
1895 831 1481
1046 850 998
1328 1185 1142
1808 395 107
405 240 1054
508 93 1177
1503 56 126
1050 839 328
1324 1094 1616
1275 1008 1088
969 668 58
754 637 491
916 802 731
1896 252 1867
1703 287 2000
1912 1195 1833
1709 1097 1295
442 74 1376
1764 153 126
914 429 1665
918 911 858
1427 299 1680
1278 1266 1482
1270 893 890
1832 63 1324
1863 736 1686
1979 12 1573
1421 307 932
1695 401 1854
470 219 1156
662 571 767
1461 200 1023
1367 1168 1059
1421 446 414
717 525 1782
463 15 493
1330 1224 1056
1596 896 314
1479 1094 1054
1997 14 1304
1904 1379 19
1798 69 690
1286 43 1630
664 658 1870
806 522 133
1802 1352 765
927 912 1603
1177 711 539
1896 284 776
1892 490 1023
1120 648 892
876 848 695
1326 770 1447
1235 187 373
1070 164 751
1151 1149 1178
886 755 985
1740 1155 549
535 383 1463
1105 983 166
1966 713 1222
672 433 440
1802 552 359
1940 803 583
1917 1663 508
634 291 954
1375 945 254
1424 57 1835
1380 690 308
1005 235 1770
1051 942 1811
1520 1164 1834
1681 1010 577
2000 501 740
1532 1517 91
960 736 1938
1346 166 1717
1884 259 1426
1459 109 1973
1730 556 732
1573 768 1443
1536 1247 641
1166 675 326
1844 159 1994
1981 670 481
1507 945 1691
757 415 1428
1103 582 1568
744 562 1177
1974 1814 1580
1867 213 1282
636 470 1547
1630 1050 199
1756 558 870
1522 1154 1941
934 30 427
680 271 914
1972 1697 408
629 360 1333
1517 295 1002
671 498 585
924 789 656
1159 231 1042
1848 607 3
944 712 1371
1501 755 1369
1843 1221 605
801 86 850
1360 165 1813
1786 1073 160
1692 1030 819
1515 1183 1870
1285 824 1763
1837 1588 615
1008 94 708
1140 422 1410
1459 145 269
1858 390 1273
1997 625 1970
569 72 1281
1524 762 556
1470 889 561
1600 133 397
1610 619 374
1278 667 1955
1595 1069 178
810 527 1673
247 199 370
682 251 720
386 361 1945
1680 1015 84
1137 6 1836
668 662 519
1735 304 660
411 286 1528
553 135 20
1845 1241 981
1480 1067 1785
595 46 128
1502 343 364
1823 1308 1829
567 250 259
1559 471 1127
921 104 708
876 258 633
1405 84 1366
1461 55 1861
1670 1010 1961
1076 492 979
1546 1354 1417
258 128 938
1202 1164 1098
571 452 837
1761 331 400
495 258 916
817 295 1034
1840 1453 851
1562 279 1149
1003 404 331
1957 1548 1795
1407 46 1594
1340 1091 222
1488 412 1409
1129 788 209
830 444 238
1283 956 765
1264 724 476
1039 901 253
1953 1718 1512
1418 927 1111
872 597 1560
1782 726 1154
427 35 928
1542 23 1389
1095 1086 569
1146 115 292
1455 589 377
1209 504 1843
861 337 312
713 75 1738
1509 1281 1536
799 533 423
1612 783 494
1443 780 1386
1961 206 850
1902 219 1892
1615 887 1426
1754 1422 200
877 496 827
1955 1027 868
1804 1102 1678
720 59 1626
1499 202 1485
1228 398 294
1373 1001 1645
1387 34 764
1962 5 1026
1845 758 287
1610 1164 1949
898 689 1027
1186 213 1725
1264 663 12
843 192 1291
845 517 1508
1604 1504 1379
1546 597 191
1941 346 134
1671 822 1571
1672 2 1912
1434 582 1774
593 357 1715
898 897 95
1021 873 181
415 279 1196
1697 525 1266
1483 667 1194
1485 927 1427
1233 195 437
1341 625 728
939 151 560
442 252 136
1755 125 364
1765 640 1923
1942 388 1662
1997 1223 664
603 399 1778
1133 791 1390
1686 1607 1843
1551 474 997
1719 995 294
1418 956 1668
1382 496 819
488 182 605
1317 37 1520
1475 246 408
1044 885 109
1516 91 1069
1243 1040 1507
1530 517 902
1147 209 1283
1482 1445 1283
1384 8 1420
1927 199 1743
1623 535 368
1253 147 186
1166 185 1939
1398 128 1926
1920 402 1024
1161 965 1854
1341 853 1780
1108 1078 38
1415 530 1923
578 255 1791
1174 672 1340
1707 47 736
601 100 183
1602 1436 507
1958 1236 333
1341 677 1169
1400 897 1101
1679 1306 1961
1129 338 624
919 195 1560
1863 1378 1506
1405 1003 1097
1704 562 417
1557 350 771
618 53 1189
1432 310 1161
1826 546 1211
1870 861 556
155 64 157
533 446 844
741 113 1403
1573 197 1338
1993 1731 1999
1888 1440 353
826 710 390
1414 127 484
1665 1447 49
1260 279 209
584 101 836
1334 261 1179
1903 1619 1575
990 330 994
347 23 263
1474 52 484
1638 361 381
1529 619 1622
1722 842 1739
1184 564 262
1350 841 1052
1648 1032 262
1985 1223 1344
637 30 1392
1837 1361 32
1713 1524 630
1357 652 1547
1243 883 261
1381 277 1847
1874 86 256
1917 1536 1638
671 209 328
1684 277 778
1573 511 1207
979 347 347
611 275 362
1647 1431 168
1895 396 502
1597 287 1564
1781 324 256
1264 1005 152
1997 286 145
591 427 1338
160 83 1212
1665 1468 1888
1321 882 1952
1888 1527 1383
1025 265 889
1626 605 54
1962 1063 715
1831 504 1487
398 359 1864
1976 1883 1758
1092 702 1191
1915 759 715
1822 1095 1101
1722 220 974
1872 1780 1915
1762 842 1544
1401 34 158
685 202 1663
1676 10 1498
1272 435 1010
1183 37 1046
1015 832 1880
1637 1482 795
645 585 885
923 637 1599
1817 772 1666
1849 908 1854
537 195 175
692 234 857
661 125 1068
1931 1524 343
1133 567 1841
1765 233 753
1776 420 896
1160 663 619
1605 555 1628
1676 1114 908
918 860 423
1195 8 643
1747 1619 51
1871 317 256
341 330 1680
1879 702 152
1557 1339 314
902 805 1229
1928 252 14
1529 1388 1750
1420 1188 1608
542 426 1901
1643 1260 307
1903 1478 1364
1531 942 1798
1373 864 631
1174 568 1856
1171 928 1391
616 228 1022
813 407 231
1617 1451 969
1609 370 1771
743 294 1039
1641 1464 338
1374 922 1392
1191 410 1255
1916 244 679
1559 1116 223
1983 1232 1975
661 258 1735
1634 712 1985
1734 1557 903
1214 475 1008
1345 618 1613
956 583 1402
1980 73 1724
1458 639 1750
1633 1202 874
1822 658 1882
893 693 225
1692 1594 483
1603 1115 200
1307 787 639
1697 621 1607
381 95 972
1569 215 1718
1840 807 1255
1791 495 277
1887 1826 1377
1011 266 1804
1706 516 1202
1866 1590 290
1092 438 688
1953 1534 217
1420 66 1390
1742 334 621
1638 1401 973
1273 992 583
342 190 375
1966 268 1727
903 270 1157
1294 421 1458
1423 825 1105
825 318 58
1854 1025 1145
1714 548 73
1991 363 220
1715 810 1642
1524 404 674
760 546 1767
1381 498 1158
1380 446 1775
1259 244 1402
116 104 223
1224 555 557
491 390 28
1723 512 1041
1651 324 947
1565 613 797
1441 615 879
1144 866 1750
1967 1423 707
1600 1333 1334
1545 360 1649
1421 722 1281
366 227 1969
1613 1059 1853
1201 1065 1754
1354 1341 463
1509 418 1583
1990 405 1091
1156 160 1724
1480 1406 1257
522 50 226
1568 1433 1959
1834 1414 1697
1551 1036 708
1923 1320 305
1875 339 519
1294 543 1822
985 282 1290
803 744 115
552 237 1410
612 470 1890
1946 109 624
1105 355 54
427 106 1152
1748 265 951
1578 1040 1532
1351 1291 326
1580 588 748
119 11 131
867 571 503
933 78 1429
1570 1068 434
1447 61 86
1258 662 100
437 225 1815
1938 1310 947
1401 47 1379
162 144 689
1801 895 1402
1770 467 1134
474 453 794
1848 793 1374
1787 1159 1564
1214 1193 480
1458 609 1227
1493 1457 438
1848 1114 70
1585 1306 1289
858 33 596
845 504 466
1165 802 986
321 104 843
576 450 1968
1481 437 329
1882 1646 534
842 373 1588
1775 30 94
1708 1384 45
1594 1419 811
1855 1061 1178
1982 350 680
1980 1883 1053
1124 575 27
1606 1035 604
1941 444 1506
1654 1017 443
1373 1181 166
1851 482 1734
1943 72 1239
1102 351 1365
1815 72 373
986 696 1770
1596 1109 1331
1969 1625 396
1074 74 353
1611 1276 669
1365 43 1287
1344 740 1924
979 695 309
1504 270 1493
451 394 1540
707 318 1230
779 476 1599
1988 660 1290
1104 163 1616
1436 984 1608
1880 1357 876
1643 1326 642
1241 428 1399
1654 1246 77
1742 1144 1156
1214 969 657
1099 338 1414
1165 389 46
1839 895 746
1737 1187 718
424 212 572
1074 264 730
793 27 1340
1900 820 616
1814 1606 370
1106 487 1801
1888 1041 340
1811 876 664
1437 121 1345
908 619 1972
1432 405 1471
1690 835 1367
1344 942 1196
1655 574 1573
1022 738 190
626 52 118
953 335 1579
1812 390 1849
1139 190 1443
1062 611 1526
1469 893 575
1524 423 37
1817 1493 1374
550 154 454
1629 1602 1445
1479 466 15
1482 759 219
801 294 759
1946 1290 326
1730 846 402
1478 816 1940
441 349 898
1791 936 1644
1592 532 1763
539 29 1170
1657 804 681
1077 370 1726
1134 84 1194
1825 1611 374
491 398 1763
1752 1294 1883
1602 1579 1274
1034 972 543
1426 181 1562
1221 279 766
1940 1832 1483
1957 1675 1252
1419 386 75
1479 1208 1325
1898 238 1098
1719 137 911
1933 87 817
1883 995 857
689 502 852
1002 787 889
403 334 176
1255 940 297
1238 438 77
1942 1200 883
1916 1553 1550
1246 792 1826
1605 225 608
1407 660 1928
1160 620 551
1858 510 356
1415 71 143
1343 621 804
1280 143 1950
1434 586 736
1100 259 191
1050 470 961
465 249 1393
365 161 1400
730 708 380
372 243 284
630 197 1112
1090 332 313
1955 549 491
1762 1297 390
1285 807 1164
1920 934 650
1359 468 481
1061 481 860
1078 785 1732
1037 977 1049
506 430 574
1759 173 1765
970 469 949
1160 549 1924
1431 353 1946
1404 404 870
1446 1042 1796
1473 210 1440
1945 37 553
1341 888 1730
1224 1122 503
394 304 1113
1068 818 1187
1723 394 1057
1883 1806 515
563 404 1787
1418 451 1573
1924 1894 444
944 360 653
1144 488 1324
347 208 1762
716 331 1139
1464 908 261
1076 795 1409
1792 593 1956
871 663 178
1660 691 480
1898 743 397
1270 1248 86
124 12 1786
1865 885 783
1237 930 49
913 143 1480
1235 723 1798
1663 816 28
1517 1144 86
825 558 658
429 407 1774
941 443 1467
1432 1168 289
1044 249 46
1282 737 1420
1824 1628 674
1889 748 129
1560 1109 1741
1107 874 270
1995 1613 1777
936 300 1886
524 126 795
1016 281 257
1516 92 750
1775 1258 21
526 51 1382
1080 128 833
1751 345 1329
1165 1088 335
1434 796 1495
1724 216 416
1226 779 1182
1838 761 520
1689 810 642
1541 1494 1390
1469 746 1249
284 58 1442
1741 824 1931
849 758 595
1982 912 724
1050 635 1145
229 98 1804
1995 377 404
1292 886 1319
1779 1658 788
1489 104 1880
1168 577 1377
1325 597 1994
719 379 101
524 119 1174
1646 1527 1841
1265 1197 1090
1899 103 1795
1144 861 1187
1775 767 301
1655 1212 1522
1829 1348 995
1577 514 1420
1122 573 767
393 177 1491
1020 803 1268
1056 489 1510
1750 1257 1985
1479 477 764
1258 999 238
1888 1280 1745
1220 95 1757
1730 126 203
1391 773 10
1028 764 295
952 772 617
1888 1717 1876
958 164 1228
1589 819 82
1779 23 1587
1607 754 266
1755 1355 555
1748 1124 424
515 390 1106
1550 1293 1624
1054 1034 1379
1982 141 1364
1082 529 1971
438 114 1834
1123 945 1541
398 118 1474
1276 1245 604
1398 1381 1701
1561 464 1536
1906 599 1323
1410 426 627
1290 1286 370
1501 925 1542
1253 678 538
1452 1121 1464
1848 5 841
1774 404 65
1045 58 992
1631 331 1737
1881 1054 411
1734 574 222
1988 79 786
1797 1154 1110
1788 1098 1734
1744 1435 1620
1819 1692 1605
1118 494 909
1159 470 414
619 8 566
1412 887 1693
874 313 814
657 551 1839
1827 513 1640
1810 1374 1914
1615 364 1302
1812 708 1602
1640 1578 970
1966 1217 1539
891 272 1711
1796 1448 454
235 189 1457
1626 776 389
1540 384 610
1171 68 179
1781 766 1215
1425 1158 1164
389 146 1899
1941 1570 1474
1834 1661 574
1326 819 1132
1955 1658 1627
1830 1025 853
1135 568 1926
1000 211 307
1835 272 1803
97 43 925
666 464 1971
659 464 1336
1355 1245 1946
1852 1767 508
1415 306 222
1391 639 1150
1849 1509 1715
1916 1725 141
1077 195 1355
1247 755 960
1968 105 378
729 337 1097
1985 1907 275
426 90 1872
644 36 242
1926 431 1593
1963 1443 1149
1615 449 122
1623 981 198
1093 675 1729
1926 1889 1541
1876 695 1867
806 110 813
1513 981 1554
1781 1723 1165
1998 689 1690
1901 1188 628
1898 1353 1112
1229 1110 1661
1521 1437 1224
852 557 120
1905 1664 244
263 49 582
646 304 1643
1479 716 1365
1724 954 1287
1937 696 1553
1387 1341 1181
1758 1737 615
809 41 1950
201 56 1310
1761 616 1013
206 157 1604
1198 868 488
1740 1235 1674
910 436 152
962 249 1009
1755 236 46
662 552 140
935 177 1343
1535 757 1684
1299 530 1678
85 39 1071
1880 1684 1905
867 574 60
1777 649 1909
999 965 969
510 440 1042
1848 1318 1550
1955 8 1704
1376 270 1161
1082 951 1215
751 433 338
740 349 1430
1085 722 169
1376 42 1010
1043 60 380
1655 405 540
1227 268 1213
1444 174 1806
629 405 307
1375 286 1718
1028 490 370
1395 1370 658
247 63 1183
1894 1073 653
1621 1481 582
1378 425 1934
1725 1053 1238
861 683 15
1489 6 1060
689 269 276
1969 386 327
1511 1303 886
1599 1452 83
1512 945 515
1557 587 664
1225 422 1183
1737 885 1235
1962 1225 424
1470 850 1708
1458 266 1899
791 635 757
1910 821 707
1553 788 1611
1410 1314 957
1807 1648 216
669 462 1988
1204 244 946
1253 632 1389
762 229 1873
967 36 62
1293 324 97
29 28 617
1176 1140 1493
385 109 1527
1367 654 511
1614 163 1146
1491 748 1082
1255 507 875
1293 1118 471
1315 238 309
1897 724 414
762 437 1900
1114 670 1136
1135 899 1292
694 1 616
1222 623 1791
1801 62 1041
1707 1015 815
1845 212 1443
1971 520 528
1324 535 1224
1341 446 1287
1841 1472 1459
1648 877 639
1219 153 719
1455 530 1723
1602 438 1448
1618 638 504
1815 1379 1596
780 409 1325
811 471 1293
1531 162 1478
1914 13 832
1199 573 1863
1271 229 1937
1444 1278 263
1669 531 467
452 358 1916
1765 702 656
1114 772 753
1145 450 1197
1494 1303 1327
604 418 938
1487 1078 1647
1516 93 150
1950 230 9
1921 1446 983
1839 1102 930
724 242 163
1651 1059 1303
790 576 274
1692 747 767
275 187 569
1971 1915 751
1879 1849 1548
1112 719 1484
1554 1437 607
1068 578 905
211 173 1017
1914 1474 540
665 330 1397
1207 464 670
1279 179 1106
1707 716 1745
1597 1015 629
1622 316 568
1394 772 1433
1350 779 1828
507 375 376
1281 987 1251
1507 458 1742
1839 1735 1548
1373 224 1121
1297 1177 1342
865 34 1141
1911 1886 701
441 330 1144
1062 920 124
1706 84 444
542 218 621
917 663 757
908 539 751
1487 574 1763
1741 1614 50
582 391 829
948 548 1584
1168 505 1282
1909 440 2
1126 538 1999
686 65 1870
873 659 659
787 632 973
1810 1411 1376
1896 781 532
1353 1242 1879
977 320 416
1539 1335 1475
210 148 1351
1886 886 270
1419 763 425
986 207 1618
991 635 1762
673 126 1583
1519 1253 684
1042 795 1064
306 114 183
589 549 569
1843 320 469
658 43 628
563 486 190
1925 612 1856
1748 431 840
730 506 1243
1629 736 487
1016 145 627
1452 480 1263
1789 974 1447
1934 1285 525
1051 503 760
1667 863 1499
849 89 752
1502 216 1397
1332 685 422
227 77 621
1651 910 90
989 903 570
1034 173 64
1873 385 1452
1154 395 1863
835 87 825
907 598 504
1993 1694 464
1343 636 381
1237 204 779
1651 1103 1107
1881 1772 879
841 691 389
1351 1223 876
1986 494 1937
798 775 202
871 445 342
663 208 827
960 267 755
616 59 1932
1928 1669 789
1335 954 1546
1788 984 12
1011 321 1555
1573 686 765
1340 616 1688
1362 1187 1012
275 4 1577
1917 821 1755
623 21 989
906 312 853
1384 180 580
1996 1051 1442
1964 733 720
921 575 712
281 125 1499
1976 1029 808
1647 1279 1109
573 18 695
1571 27 1387
565 276 373
1666 1279 1425
1903 1615 221
1894 649 1811
810 101 262
261 196 1956
1077 56 1179
398 206 631
1663 1074 1633
949 903 1647
1068 108 1989
951 672 52
530 59 1483
911 743 646
1765 266 1021
430 12 407
594 586 867
1667 1341 1479
1703 794 1198
254 71 1726
1957 1667 1769
1223 1195 800
1532 637 998
135 47 293
955 565 1663
1434 160 798
1612 1437 1176
1667 1399 1181
1150 150 1837
1603 1346 905
1066 81 802
1445 641 369
1189 1009 753
693 43 759
655 231 1451
1636 763 1447
738 411 653
762 525 973
280 95 917
1909 1795 1502
1907 451 1858
1858 931 655
1265 159 1653
1934 284 716
1928 298 1906
1205 253 260
1388 559 1432
929 738 1440
1007 43 156
1399 630 793
479 362 331
952 212 584
1424 1304 288
1727 1203 1353
1577 1341 276
1593 1061 580
1939 873 1014
299 224 411
772 590 1903
1617 1259 1120
1083 480 642
939 405 335
713 164 1109
1075 151 815
1346 450 396
532 447 957
754 47 1757
1214 1141 590
1808 1025 425
1870 1610 432
1363 1355 1641
1470 982 724
1303 1259 801
1667 983 1763
1170 170 1012
1863 1573 485
1569 1222 1116
1160 959 1055
1504 619 1594
731 66 1337
1229 437 1494
1979 1469 1423
758 381 787
1788 291 1601
1147 863 1685
1596 614 210
1186 639 1772
1989 14 338
1736 1446 1188
1175 1046 628
858 853 1620
1346 88 335
1899 948 408
934 347 15
1698 248 47
1860 1737 935
250 8 1442
1195 79 1496
1405 1135 1936
1937 1060 250
1377 638 17
783 79 1123
1116 985 665
1485 1430 784
1547 290 320
1911 1496 1620
1240 355 374
1207 221 159
1099 930 1487
623 240 377
1147 573 1273
690 19 811
1566 956 1815
1705 658 884
1360 338 1812
1933 1343 1106
1725 1221 1667
1095 733 1657
1460 1161 768
1010 830 939
1495 1176 322
1093 856 1290
1447 797 1377
1820 129 1026
1895 377 332
1179 1016 1713
1745 1654 1886
1598 493 1391
1517 858 1698
1367 939 84
1341 360 1961
1017 517 1429
1478 1456 1529
1744 88 863
788 254 544
1985 989 1155
468 279 1750
1141 180 1261
1650 176 833
1215 1136 101
695 330 1088
1314 491 1490
1743 1102 1999
1940 1835 744
1798 562 1082
1094 32 1213
1947 1016 1145
1235 308 1359
1700 225 950
591 345 118
1327 113 1970
712 250 1992
852 507 1782
1935 133 307
1400 1060 771
980 510 724
1975 1680 444
493 382 1167
1349 531 319
334 270 1207
1770 1000 864
822 816 229
1219 868 42
1163 400 20
1745 997 1232
108 50 906
1894 1646 1825
1184 964 798
802 53 1553
1150 815 293
1976 1320 1191
1547 64 1800
1819 1548 1807
1939 1627 1963
1917 1164 870
1403 1329 1893
1493 183 1050
1575 1101 1861
1958 409 1516
1173 1057 610
1783 184 823
1153 342 590
1021 279 843
901 791 396
1816 677 1526
1228 465 1399
732 74 152
1280 1150 1602
763 535 881
1923 121 1521
1298 1002 409
916 163 991
442 342 525
1778 742 552
420 17 1871
1239 692 391
1291 1262 392
1619 570 1318
482 462 898
1515 173 722
769 355 1249
1692 226 13
1029 702 1878
795 2 131
1024 583 1287
1131 551 445
1129 129 119
1274 426 1270
1710 776 842
711 51 1685
894 473 1105
216 205 1064
1433 1313 1337
411 350 58
1152 652 124
1092 108 1597
1768 645 1742
1822 966 1301
445 444 573
1096 122 118
1108 534 374
1318 502 274
603 412 883
1826 527 1726
1732 513 335
1086 101 210
749 628 1995
1952 140 1186
1365 19 1232
1813 199 371
1898 538 700
794 65 1184
1577 429 1629
1564 470 1049
1644 735 1207
1676 1106 290
1558 232 1367
733 88 1801
1149 933 1777
1741 1624 805
933 83 69
572 229 1810
354 8 1820
1938 1402 1319
1081 742 39
1661 652 294
1747 87 1636
1935 1220 683
1305 1174 992
1780 336 1013
1692 1268 763
1961 303 1388
949 818 1010
1744 247 915
1837 849 55
124 79 1612
1877 941 124
1907 1255 242
1966 512 1036
870 317 41
1602 580 7
1427 659 1875
915 212 1112
1575 1357 792
838 175 1707
1437 1371 847
1255 916 469
1597 961 229
890 507 1077
935 909 1490
1687 516 370
845 737 354
1946 763 878
946 202 442
1842 1411 583
913 412 1187
774 699 1882
913 780 1404
536 29 1481
678 259 927
1776 1490 923
212 108 1614
587 3 1679
1925 690 1478
1885 1216 1913
1010 696 639
1228 1144 1474
1298 1219 445
930 176 1720
853 142 1060
1836 1190 1383
1268 4 1415
661 43 986
1846 1451 507
1119 1073 563
594 450 743
934 893 600
662 159 1458
1990 844 1251
1172 991 1276
1583 154 316
1071 103 619
1322 1045 1740
1900 956 1695
1104 777 293
1981 1411 1406
1677 781 1166
1346 40 1981
1435 667 123
457 324 1795
1463 440 629
21 13 578
1669 1589 1287
1968 1478 1428
780 292 1617
1866 1363 630
1982 880 684
1151 889 982
677 148 376
1572 888 1723
1263 722 1361
1522 481 643
1939 779 825
1414 309 1896
1802 623 908
664 614 134
1919 1910 59
933 195 1581
718 227 1381
1963 1511 1582
1875 1045 1373
804 352 1024
1935 1555 382
1328 266 1733
1470 788 50
1774 1233 719
1960 871 1255
1789 492 1467
482 193 1489
1935 1329 309
1360 179 24
1794 529 1262
257 55 70
1872 14 63
1671 1050 1199
910 294 563
1060 176 1339
374 127 988
1846 1698 360
1998 1742 188
871 562 372
1852 1341 1190
1878 1416 1855
1982 382 1319
1473 345 1973
1910 780 614
1637 637 1223
1510 795 6
1666 1424 48
1806 204 1590
1684 1647 1008
1389 1150 1512
690 298 372
1462 457 450
490 272 1555
885 58 1182
1884 265 465
988 689 1223
1717 819 1289
874 668 1324
1127 34 773
421 28 732
1583 861 1200
825 790 911
1040 672 1045
1627 338 455
1989 274 862
1835 198 1503
1501 397 219
1672 1580 321
582 15 199
1918 1535 751
719 497 825
1512 673 1655
1379 1191 1996
1451 1138 979
446 187 1995
1704 1466 1914
704 137 705
1411 173 1280
1831 677 837
1955 1052 1090
1231 145 1812
204 84 1062
1566 884 440
1215 546 1222
1372 929 1391
1189 228 871
235 201 1896
1982 528 1536
761 412 65
1351 589 41
1993 1225 601
1953 556 1574
840 676 768
852 579 1006
1391 465 569
1613 793 1412
659 353 54
894 658 923
1823 707 1534
1198 291 321
1946 1468 440
1804 1434 1115
423 94 611
906 423 1779
1701 1631 512
1391 867 1695
390 297 1499
1997 1732 1215
1162 25 1070
1821 630 1907
1950 1156 1366
1671 364 621
1190 1079 1908
1733 167 1105
771 315 1632
1319 497 1154
1561 1510 1279
1508 994 525
1815 1383 1887
297 110 961
1644 1632 952
722 366 1582
632 211 755
943 581 820
1693 1529 1901
1221 654 1509
1276 527 696
1867 1592 1727
1634 1021 47
1828 1010 222
1572 844 1587
683 253 850
1663 1625 1915
894 353 498
1559 387 1551
1828 723 836
1004 106 1080
1819 1314 1424
1417 278 1087
1435 1141 1668
602 9 1800
1018 236 252
1815 1632 1930
1565 249 999
2000 136 1730
163 30 1501
1871 958 276
1207 159 1808
1350 618 167
1413 327 502
1976 384 28
1966 1944 1122
1763 1105 1742
672 458 1171
1768 161 1552
1108 1063 666
1707 1111 1341
969 430 1873
1655 194 1857
617 260 400
816 200 1779
1476 207 1552
1860 274 285
1906 243 1085
1362 475 1652
874 543 1604
972 572 1090
838 555 383
968 559 163
665 522 1161
838 784 1477
1536 1494 1199
1775 79 841
1988 600 1041
792 114 1843
1635 314 1242
1974 1069 954
1132 689 422
1706 474 1525
1989 1329 1468
1903 1789 418
821 389 1571
1676 134 452
1173 1036 1494
1608 36 439
1065 781 1887
1630 563 468
1361 411 1610
284 172 360
1255 537 1586
954 147 647
1260 104 297
491 349 695
1971 1338 1551
598 321 429
352 49 302
853 570 1404
959 112 1849
1862 516 612
308 291 862
1606 718 619
970 772 414
585 53 681
1626 1498 962
1421 326 1647
1271 243 180
1931 532 229
512 45 754
1006 811 1098
1741 843 1453
1974 437 1256
1949 1409 1922
613 547 1181
1221 746 814
1516 454 596
884 456 677
647 354 1621
1960 713 356
725 398 170
544 112 429
1969 78 45
972 633 1643
1564 1226 1422
1124 624 1045
1839 84 1077
1895 187 1412
1795 1267 1906
966 820 962
123 81 1038
1807 1415 700
1918 1805 1543
957 100 290
1403 893 660
1244 956 1772
1939 1331 502
1860 1764 1981
1486 727 1390
1961 1929 1624
1790 1227 599
512 87 1209
1164 519 1973
1950 636 500
1960 1003 1802
1837 1452 1693
1277 1123 1513
1973 587 1004
1291 495 1924
1363 1240 747
1915 1374 1148
886 565 1723
1424 1368 1351
1558 592 102
1315 533 1411
1331 548 1080
666 144 55
1716 1338 1882
1438 859 686
1734 1331 1609
1639 56 723
1225 1025 1665
817 710 988
1610 535 157
1823 1217 1705
1911 1746 1939
1841 1133 1797
1910 837 430
174 173 950
1289 529 832
1503 199 639
1771 1303 1760
1941 1433 1632
1836 859 610
914 669 1984
1903 1657 1014
1885 1607 764
1284 460 978
1775 1679 1884
1959 1921 857
1822 1562 1561
1252 129 1483
1680 1487 1048
367 300 783
1566 1434 1245
1796 1202 573
1202 1144 621
680 401 296
752 321 385
1901 1394 627
1894 535 945
1846 1360 1503
1941 920 73
1952 325 1481
1693 345 732
1461 1019 732
993 296 1364
888 708 1976
1077 314 1007
419 354 1161
595 183 640
1401 369 234
1488 370 323
1588 1208 7
685 328 1309
813 598 579
928 469 1610
1886 1136 1498
1730 1521 1510
1466 554 758
1929 204 994
1117 224 1481
999 478 1401
918 814 1264
1638 218 536
323 213 1682
1952 1112 229
665 423 894
1317 746 1572
1557 415 1861
1861 1692 698
369 256 1611
1826 227 646
1146 530 1627
1558 1440 544
1230 89 601
1237 116 461
1836 624 981
1120 637 325
1868 352 1980
1387 416 906
1729 1278 1234
180 150 737
1268 254 457
1698 172 200
1565 984 1980
1428 378 1133
609 27 1971
1016 465 409
1244 822 1199
520 72 993
1026 834 413
958 36 221
994 264 643
1712 1212 1204
1370 526 850
1289 1075 361
1839 596 1640
652 558 1347
1932 1555 234
1799 794 1835
769 53 292
1956 1519 1077
1515 1310 1852
1518 122 782
1527 551 1002
1970 725 1718
1789 138 810
1214 1097 1430
1920 19 1904
1212 68 453
668 450 651
579 256 543
1337 922 1341
1435 1049 1930
1309 806 574
1755 1395 130
1787 1077 591
1946 646 1325
1414 219 640
1970 802 572
918 186 1750
1999 1007 1429
345 263 1768
1722 1407 1941
1773 332 630
1584 332 1978
1469 147 1619
965 867 1860
1213 562 419
1356 5 1690
1556 1312 1252
1957 267 236
597 133 1254
1014 282 746
1072 770 1644
595 143 1533
1441 605 1244
735 667 630
671 590 1655
1743 188 841
449 51 1472
732 355 371
1746 463 1040
933 238 821
1674 853 1260
1560 791 68
318 300 1075
1781 1025 496
829 257 632
789 325 722
1657 722 1419
1124 333 1859
1845 832 535
608 10 163
721 202 573
1907 586 1145
907 777 405
331 71 1859
1488 1406 1458
1936 670 1517
1594 1194 961
1902 1542 1175
371 52 763
929 483 394
1822 290 1140
310 224 1445
1813 15 44
1148 225 1409
609 276 338
1920 996 1558
1002 48 638
1260 560 126
1133 965 273
1496 163 1226
1479 1120 844
1751 1122 16
1371 1340 1138
479 75 139
1402 493 315
1665 1536 1515
1309 438 1101
805 118 1293
1652 1100 1481
1901 454 522
24 21 1847
1403 986 993
1932 1363 13
1287 216 30
1439 259 161
878 670 501
543 501 904
1643 1472 1780
1326 1285 1421
1905 1491 1180
1463 1329 1115
1903 109 1285
854 466 718
1646 793 1031
1849 1532 1455
838 708 823
1824 1686 1486
630 503 1861
293 223 1229
1670 297 1874
570 453 826
1268 512 673
1212 232 1982
902 875 612
1781 1071 394
1143 656 1522
1277 637 1011
599 149 1620
1998 388 1487
1501 472 1740
1468 123 1479
1094 1033 1347
1837 344 403
431 231 258
1583 1229 893
1094 858 1893
1198 1155 1276
961 156 1833
1160 473 240
1257 748 475
444 30 1840
1841 312 35
1182 82 816
1758 411 863
1386 871 648
1990 1725 1570
183 38 170
1216 739 917
1968 1206 1053
1156 875 869
1616 1112 429
481 456 1001
1127 55 1047
1673 1665 1153
1377 44 1328
338 146 1403
764 163 17
1163 1141 1385
1241 351 1138
1828 1085 160
1647 852 428
1545 337 908
454 320 1369
1566 44 1459
1552 1045 589
1465 1455 747
1755 386 177
1577 715 1655
1536 617 1226
1824 1229 838
1290 681 474
1932 268 1731
1815 1463 1599
1423 1421 1721
1926 1087 1109
1544 809 1283
1163 883 84
1650 921 877
627 454 220
1034 382 1839
1537 630 1109
1525 230 1614
1828 1025 351
1605 1017 1992
740 71 692
1448 970 560
451 68 159
1278 999 451
1186 293 475
1186 978 325
1580 1526 1059
1647 1592 1931
1945 116 1392
1671 1172 113
1336 814 374
1919 1753 1344
476 434 612
1806 804 129
1005 5 1282
1599 63 833
1560 570 239
546 154 1790
1653 727 680
1976 1363 242
1800 29 1935
1666 1116 1597
1847 143 1701
655 80 1596
1978 825 360
1708 1055 1117
1193 206 1964
1012 151 972
1107 495 1017
991 628 925
1939 1045 789
578 369 789
610 602 406
1476 891 1158
1949 1433 1833
1471 1361 594
1852 1833 1759
1360 1128 624
1836 1625 1036
520 163 1165
326 144 487
1924 1531 4
1722 523 1912
1310 1138 1436
1018 168 194
748 694 1175
1602 369 419
1690 1557 1294
1888 1434 1623
302 239 1994
1364 211 618
1100 339 1919
1293 1091 833
204 186 779
1285 969 174
1945 1437 1240
1727 842 860
1983 1085 269
1330 1004 275
1733 895 1924
809 540 1722
859 103 507
1005 813 330
1869 1123 1955
1957 1724 1628
1972 166 1675
559 154 911
1062 733 1279
1814 1508 732
1161 569 205
1358 1250 785
1385 949 1473
1512 1043 341
1889 493 776
1798 245 1852
337 155 1993
1173 538 1672
977 230 1075
1026 988 1146
1876 631 356
1066 337 1922
1321 1156 171
1409 1007 1861
1564 1196 17
898 138 1744
1862 86 440
1935 1397 138
821 58 107
1651 182 1899
1284 992 391
1360 619 739
1084 823 1901
137 128 1949
1997 1866 856
1559 1189 906
1039 1005 819
1780 1563 562
1182 1040 7
1076 627 1709
1616 1562 261
283 101 1089
1498 131 1457
1831 1132 1628
1795 593 1567
729 345 1076
1648 1427 1091
1733 1224 1314
1848 188 136
1929 268 1640
1311 1192 559
1353 874 1533
503 75 1613
1544 1294 311
768 453 950
1383 565 1754
1216 8 1560
521 20 1596
1858 1409 482
875 412 571
1254 7 74
1242 291 333
1091 302 752
773 282 971
1185 303 85
1430 384 136
1829 1356 1772
1755 1393 1794
1504 67 1787
1952 180 621
1119 415 37
1638 1582 793
1414 828 1422
1797 1638 340
1867 548 820
611 173 1052
1358 898 1474
1982 162 642
1835 864 1283
1139 959 1174
1051 484 766
1935 678 86
899 309 201
1002 80 1129
414 164 1094
1065 162 99
1244 839 1312
1628 1089 1322
244 97 1016
1298 1123 832
1651 480 1791
815 69 1966
1935 498 1302
1849 57 1419
1949 1902 1371
1825 285 1877
1708 1093 25
1312 116 934
1528 725 1311
1960 1282 1045
1904 1037 687
995 690 664
806 359 367
1557 480 1335
458 150 5
1919 923 566
638 268 1765
745 677 976
1996 283 1382
1308 463 1122
632 239 1634
1550 474 1864
768 68 1485
541 19 878
1903 1178 1764
1380 879 783
1635 1256 350
1425 1094 991
1647 30 1899
1583 977 1466
1109 541 52
1670 172 1793
1639 1220 254
1674 963 422
1476 1250 1589
1495 799 1397
1985 1347 254
934 892 1729
1468 352 901
1817 1368 945
879 316 70
639 120 1662
1871 1712 858
1640 217 354
1841 1636 1389
1362 1070 628
1320 604 707
1582 341 207
914 901 1008
1328 1029 696
494 312 590
1714 1227 493
1948 440 79
256 48 466
1283 1225 614
1711 695 606
1892 1622 932
1734 1639 1286
1747 1425 616
1602 1439 322
494 235 707
1740 208 1315
1615 980 1045
1748 383 626
1736 817 1413
1372 416 212
1953 1214 1566
1798 388 758
1479 442 112
1239 1206 1052
235 75 1908
873 794 381
1662 471 640
1989 1934 1804
1184 49 406
1828 364 1232
1649 424 1980
722 59 384
1127 1035 139
1659 1408 1346
813 492 845
1027 762 1806
1069 296 1362
892 873 115
1147 373 1197
650 171 1783
1747 1246 1324
604 160 1116
1416 41 1514
1963 1680 144
1180 1013 583
439 28 1032
1692 1468 1631
1560 226 1926
1813 1104 1850
1341 999 1245
1475 264 1902
1237 382 909
471 48 281
584 329 375
631 15 1820
1870 425 1027
604 236 947
1281 1006 800
1575 201 1391
1845 812 332
1394 362 1764
1215 564 684
1733 153 427
800 483 467
1348 873 623
190 52 1705
1638 856 417
1563 1358 1999
337 113 527
1959 1612 1286
1850 151 1261
1781 833 1779
1827 99 822
1846 1760 469
1303 686 1567
960 164 620
786 172 1014
1243 42 578
1149 947 1302
1279 95 170
801 792 26
1385 1119 1240
1913 449 921
1819 658 81
1812 572 1396
575 23 27
1636 1419 1308
1491 451 596
1659 804 1928
1893 212 335
1217 699 1453
1820 1636 21
1782 390 1574
1468 538 495
1614 74 268
1927 914 950
1913 502 1938
1794 971 971
1273 361 1863
1716 424 1601
418 228 1272
1615 944 966
1091 791 1394
1628 735 1833
1165 1093 1567
1811 368 1081
571 219 969
1821 1590 216
750 514 1689
1425 43 201
1497 271 1785
1346 128 745
1430 480 198
227 40 1957
1711 393 168
1025 484 1164
1550 86 167
1846 612 1182
1529 1391 1494
1866 1211 417
1801 1138 1322
1809 1315 1671
1397 100 1036
974 926 176
931 834 1475
376 115 1990
1797 1793 1928
266 72 695
1593 386 1325
1525 1272 1144
1659 661 1043
1387 70 797
1304 984 1334
1246 950 776
1300 307 146
957 765 83
718 82 1903
112 98 777
1263 778 1158
1693 1339 109
1072 46 1690
1829 92 58
691 329 1550
1905 392 210
1572 1469 1867
1918 501 1439
1806 376 1289
1867 659 912
1838 1124 958
1287 306 1728
1588 1203 976
1166 368 1048
1445 141 117
1103 561 1194
1503 1454 1995
1742 1300 257
1597 536 121
1465 733 1739
1277 1083 830
1290 530 1724
1709 1165 1036
1538 323 617
343 317 783
1240 994 142
1817 1477 522
1961 1624 1299
1333 125 450
1070 310 897
1891 660 711
1269 892 1860
1516 2 1712
672 557 1807
931 258 71
1254 727 1590
1366 161 1857
1839 777 419
1136 1062 672
785 33 1565
952 77 920
1811 1300 49
1373 1309 530
1623 705 1786
399 226 1556
1259 341 475
1646 1412 480
1345 251 1091
1632 1562 1066
1193 658 1477
890 262 1964
1487 474 1157
1954 1639 766
1941 1159 502
1430 625 1870
1067 109 404
1093 547 1131
1662 599 1042
1429 98 1203
1426 1387 1882
1408 288 935
1722 1048 1442
1142 1053 173
1401 1079 295
1515 1291 1697
1082 581 563
1885 1175 1574
1182 648 7
1520 802 1124
1832 458 797
1061 551 516
1575 1567 1554
1423 161 833
1484 85 895
1097 463 138
1421 1183 276
1274 1152 613
1537 629 585
1619 345 1788
1144 840 1991
1341 94 1409
1568 1360 840
962 722 1109
1558 1037 1833
780 598 1882
816 207 1463
1326 1028 592
1270 1135 1007
657 13 426
1971 1377 1729
1781 389 465
1252 755 630
1934 647 298
1798 1122 1079
1466 476 1991
718 99 1114
1466 786 1901
1760 612 262
1639 770 1101
1869 567 127
1740 407 1737
1339 1181 1183
894 812 199
1220 166 1968
1288 51 85
1856 684 431
975 201 1025
1044 47 1678
1037 321 279
1899 1546 1154
882 356 596
1049 746 444
1015 836 1409
478 472 1438
1510 1179 1675
1948 522 183
1425 546 103
1528 440 1329
1545 1515 1692
1769 1377 1332
1977 876 268
1130 606 681
1016 270 137
1746 1684 1147
1042 755 1958
966 384 839
1560 748 182
885 29 334
998 128 467
1942 943 805
1546 1100 1580
1120 902 542
976 248 1469
1158 411 297
1905 681 1742
568 145 477
1639 1093 66
1948 1370 336
235 140 616
1151 246 1308
1190 304 42
1050 1007 460
1511 1300 776
547 353 1485
1196 140 1757
1211 798 748
1063 743 1529
1868 1700 1840
1615 235 1132
1145 481 1724
1503 944 1487
1026 838 671
1564 1137 280
1360 462 759
1775 163 514
1072 498 406
1264 1119 79
945 625 472
1763 1154 480
1809 1349 292
805 412 292
1433 785 1908
1625 172 811
826 93 491
1429 617 405
978 894 1952
1970 1066 959
1908 956 889
1258 1041 1109
527 325 613
1906 83 1158
648 576 367
505 271 1131
1629 357 798
925 470 72
1238 513 1573
1623 160 1097
1139 195 1884
1352 970 236
1475 244 1947
803 397 1946
1870 1053 586
1814 60 23
1630 1411 444
711 558 1278
576 491 298
1520 929 736
1696 1625 857
1091 952 327
858 18 49
1563 815 1316
1478 612 373
1926 1863 198
1116 878 278
1712 490 261
934 258 15
1354 884 10
1590 47 293
1204 1073 1773
1616 719 1
1090 344 863
1768 1764 68
1587 916 444
1137 681 276
1051 757 422
1489 1031 623
157 108 1195
838 98 1940
569 316 1495
1826 1471 479
905 161 1622
1736 1686 1806
1184 484 553
1902 164 1156
1472 149 507
1491 1135 980
1436 1118 1988
1222 1024 1849
1512 527 1651
1612 1390 1323
1943 223 947
1786 320 676
1907 1437 1227
719 553 546
1223 907 1013
795 731 1267
1349 599 1765
1494 322 1735
1334 1048 972
1357 370 1361
1499 604 585
1766 1689 248
1581 694 821
1560 1007 217
1207 787 1352
1530 1315 1246
1959 155 177
1808 353 881
1462 1017 632
623 286 69
1400 1071 1700
1550 755 1557
1512 1318 921
276 38 1157
1272 57 783
1114 973 1760
1624 966 1786
1610 335 1544
1682 1421 524
733 422 1959
963 871 68
566 524 233
1540 1417 175
1554 927 1663
1685 1438 105
1818 1572 1702
1454 486 191
1771 1368 1978
1459 623 1131
1710 113 1501
688 387 766
1729 433 717
1224 782 1969
1898 47 1086
957 421 817
1824 439 329
1608 39 1940
1521 633 1605
1653 406 89
822 293 506
1302 868 1209
1820 546 182
1791 757 178
1964 1102 51
1940 720 77
1605 1075 1224
407 228 772
1065 350 671
1498 376 1493
979 700 1559
963 774 902
1395 457 344
1682 1088 826
1127 795 360
1288 816 355
1746 1564 1357
1488 505 1610
1939 408 434
1631 85 212
1076 297 950
1828 741 130
1713 202 501
446 137 323
1144 768 1188
1375 719 519
1960 383 170
1862 515 931
1344 1139 766
1094 262 871
1476 1243 1458
1887 697 282
1751 1171 1598
1784 472 319
1715 893 1451
1212 20 633
693 71 735
1432 832 1841
1290 786 58
1524 239 127
650 508 1191
624 67 1398
1202 492 788
639 23 1802
905 744 752
1291 534 179
1423 181 805
1824 494 891
1791 1471 1980
616 348 493
1311 1226 1824
496 487 780
944 673 1266
1757 1553 1612
556 496 1531
1503 408 756
1173 491 404
1984 1637 1914
1875 1837 314
992 341 1684
823 709 259
1752 635 1003
1467 774 1018
1462 364 1444
1186 481 993
934 634 917
1022 127 516
939 829 96
944 656 327
1400 1233 819
1950 319 1028
1839 1452 905
1249 388 915
1678 1059 211
1942 630 1053
589 246 1045
1599 804 1620
1024 437 1512
1500 1485 850
1530 623 1272
1641 820 1876
1974 1827 1937
599 181 1956
1510 810 449
429 155 29
1489 1340 1848
360 48 1516
1510 451 211
1769 868 1069
1658 1504 1981
468 100 722
1626 1350 40
1496 1155 476
1888 629 1231
1199 324 465
1749 967 947
1815 455 1950
1634 1165 1493
1009 545 642
1580 891 1328
1809 992 1701
1402 553 1754
1564 53 307
275 95 991
598 336 1379
898 469 1375
1632 1108 1411
1551 1399 1033
1965 113 1848
1826 871 79
903 512 482
1029 663 774
1420 1373 1742
400 336 1402
1450 1172 1780
1873 1073 1153
1090 504 1890
1597 8 1237
1698 240 621
1191 1034 1369
856 357 1713
1985 647 711
1840 559 1518
650 130 730
1805 892 744
394 301 1832
1802 855 64
784 375 484
500 134 143
459 419 746
1944 623 543
1513 97 151
1657 556 702
1270 706 1972
1489 1160 998
1272 1147 1945
1936 754 1228
1764 493 1761
1333 781 961
1621 653 670
1714 1108 759
1351 769 1158
1165 99 5
200 97 34
1488 757 1985
1285 339 234
1569 260 1691
513 90 162
989 381 53
1552 1301 250
1425 543 310
1335 19 1643
1686 474 1071
1151 987 936
1838 1811 1947
1566 1055 123
783 250 856
1755 1007 1761
139 87 438
873 167 1629
767 570 1627
992 37 645
1776 50 204
1791 944 1005
1234 966 1839
1034 69 824
1860 324 909
1967 708 1367
390 180 1719
1226 901 1158
1920 1402 92
1517 1373 16
670 266 577
1105 587 1357
1252 313 1921
1310 915 1042
1229 3 514
641 132 527
1727 1688 1822
552 377 578
1130 338 1949
1923 1557 1836
496 390 231
1590 1149 1110
1808 1724 112
1975 1654 869
1322 1013 1450
1889 107 231
1397 1341 56
1415 682 1719
1397 779 1067
1050 708 1212
1822 1751 418
1145 571 115
1886 1229 1028
1868 231 1428
1744 170 2
331 252 1957
856 817 974
1138 996 797
1171 417 297
1730 1159 1779
1755 526 774
1698 1526 261
1787 1156 1809
1450 173 1148
927 43 1362
1890 160 72
1956 562 355
939 807 263
1306 101 1109
1915 1565 1124
1701 1036 403
1070 537 1175
1546 643 76
1813 1753 1019
1454 1015 1603
1580 713 1287
1989 1245 857
1122 65 1183
996 687 1914
1244 1060 207
1683 595 1453
921 487 1307
1296 182 995
1240 742 1289
816 227 864
1741 827 48
763 103 1024
1896 1228 265
564 448 1336
1721 69 1666
1673 1058 115
1039 248 354
704 252 300
1264 526 946
896 491 110
1769 765 1707
1474 1249 641
317 139 1616
1279 481 462
547 51 1578
1867 111 312
1874 441 137
1935 1211 568
1596 218 1778
604 337 1777
1334 294 794
1305 365 211
1070 434 790
1617 453 154
1961 79 930
1669 977 1109
1022 83 1424
818 200 1231
1862 1229 1695
1752 490 563
816 522 1262
1430 51 379
1242 638 483
1377 509 1476
1381 848 1766
1929 1813 1839
1955 1953 1705
1117 113 871
1781 1558 825
1306 482 1665
378 63 858
1520 270 327
614 145 744
1275 306 97
1989 230 381
652 194 1759
1950 1293 1187
895 783 185
937 555 788
861 19 467
1561 568 460
1591 840 631
758 685 927
1221 557 292
332 270 928
497 406 1864
1390 694 390
1971 1348 1812
1145 425 1920
1511 51 706
1314 257 830
447 17 994
964 617 650
1515 133 1307
582 373 1069
734 38 1189
771 270 559
1904 459 6
1294 174 116
1519 1370 77
1772 1516 1837
737 101 1649
1104 24 1783
1239 1213 334
720 610 1451
940 58 331
1589 1014 1159
1959 571 607
1371 908 966
938 711 1216
548 366 942
1832 1743 1888
1639 395 1747
749 466 367
1581 1471 576
1582 311 1530
1650 496 1454
1653 1167 881
1260 390 597
717 499 235
965 795 877
605 514 1908
1811 1246 1646
972 459 1804
1577 55 1196
1084 204 320
1662 908 747
1231 380 1871
1848 574 528
983 346 657
1476 114 625
1280 1168 214
1736 429 487
1059 39 890
1058 617 1356
1440 1285 866
1122 386 734
1807 204 1875
1729 866 1085
1955 1556 1303
1729 818 159
198
1894
1477
109
1998
1120
1993
554
1329
1334
1417
1023
361
134
