2000 5000 670 2000
208 80 988
1910 1314 618
397 114 167
1331 658 672
1797 1771 643
1872 1389 1851
1777 302 846
424 275 508
1787 843 509
1832 1392 1399
1065 228 627
1686 908 1893
1734 289 1984
1813 1317 1258
1494 22 612
808 83 1313
1911 807 32
1494 377 367
1958 706 1246
1116 919 1742
1687 806 58
1846 728 594
1432 1148 584
1660 1391 1665
806 617 1876
247 186 1121
1783 1163 502
1109 762 1188
1189 155 918
1761 1695 326
1215 1214 1310
1582 848 1426
1896 234 1373
1876 1515 1518
1115 998 331
1378 220 255
1355 516 1196
1901 1750 858
1411 27 1289
1351 247 994
1880 1870 1012
1485 1336 748
1711 324 752
1500 81 449
1702 734 1097
1996 1282 1789
1875 1097 547
1468 975 453
1331 1121 712
969 514 237
1471 340 1709
1856 1640 1959
1868 459 1666
1441 1062 60
1854 320 1015
1671 486 265
1864 1854 1797
1641 1402 317
1888 1571 975
1782 1119 819
644 601 1792
1894 499 1499
1843 1584 1722
444 250 1648
1100 520 1918
1722 1057 881
1491 176 1164
981 348 229
1283 410 1799
1125 468 1225
1968 1898 1759
1787 1725 592
633 113 1266
1842 32 1220
1037 479 72
633 216 1828
1596 218 1658
782 525 88
1970 1082 1378
1994 1284 951
1071 81 436
1964 570 1268
1933 1413 155
1793 749 1609
1333 470 189
1233 538 166
1364 1279 1875
1406 574 412
843 528 385
491 438 221
1599 463 1795
1478 1452 71
282 214 1169
1981 271 828
1870 99 1402
1736 1121 106
453 268 659
1785 1731 1293
1837 1387 1735
448 387 442
1833 864 493
1834 946 1404
1996 440 383
1774 458 1989
1725 1347 79
1336 1331 1705
1017 544 1237
1816 508 510
1886 1097 264
1890 1082 1454
1701 1549 1048
1767 1490 1313
654 84 1899
1010 387 1344
1339 640 651
1235 999 1887
1449 1192 1480
617 337 957
902 157 1346
1462 768 3
515 372 231
1077 775 41
1366 1319 139
927 443 11
1967 709 1490
1365 1198 1227
1367 129 1993
917 804 1168
589 307 769
1739 1608 477
1900 759 1774
993 21 575
516 155 316
1919 243 1486
1376 500 776
1299 477 1054
1911 1877 1762
1173 465 327
1128 869 104
1986 1409 1467
1778 230 344
732 386 151
1240 766 1107
1657 1192 1308
405 388 1970
1258 614 450
1094 93 194
1391 671 1191
246 71 1562
1592 935 604
1821 762 1678
678 582 1884
1236 764 1472
1988 964 1889
1576 1101 150
952 502 1453
1891 1620 1210
1510 1108 88
1591 284 1509
1164 611 1264
1253 1072 1815
1002 723 1890
1818 1769 1874
1959 1797 197
512 250 127
1560 909 1366
1347 1133 1671
966 245 775
1756 1332 1329
1105 854 1657
1618 952 1675
1214 1079 1722
1155 349 865
981 407 106
1101 752 796
1228 550 53
1847 1417 108
1815 1364 211
1883 494 1996
996 30 363
880 437 1408
1798 1080 1111
1705 150 679
1836 413 764
1081 803 1080
1399 483 1176
1737 1282 654
1985 235 722
932 39 1724
1112 668 894
903 560 141
1234 417 1147
1490 532 750
1730 992 124
346 67 946
651 574 1276
617 568 1702
697 469 1948
1977 1547 458
1954 415 953
1248 870 1652
1239 1223 1798
1809 365 518
1227 503 1362
1907 1767 470
1839 225 1691
1425 881 1547
1830 1020 282
857 67 988
1680 355 1190
1394 1066 739
1372 590 1580
1859 1334 1995
1743 1 333
1523 732 1290
1834 950 1177
1993 1357 1093
623 158 1140
1642 1623 1710
1766 1175 741
1893 1472 1919
1508 199 1117
896 400 1097
657 362 624
1385 1283 784
1268 1127 562
1779 1567 520
1063 470 1262
1324 1154 1473
1544 815 603
1897 496 1603
1545 1438 657
1103 415 1850
512 276 263
1906 1318 982
1761 2 174
1817 1338 1558
1808 1623 1670
1986 652 1614
402 352 102
1473 589 694
1974 171 788
751 295 1829
358 314 849
1043 210 944
1064 928 1007
1838 227 928
1077 262 1470
1945 1295 139
1264 680 1445
1951 1364 1392
1699 364 781
962 61 1391
1361 975 207
1830 339 1505
1438 1264 1215
1965 1551 827
1622 683 45
648 358 1330
1949 1286 240
1163 1157 80
798 457 1086
870 490 228
367 158 1486
1970 337 528
1610 390 1083
1443 363 856
1528 1445 1439
1736 865 1098
1420 1282 1500
1948 1768 1906
1311 1260 709
1668 705 98
1837 1141 1364
402 132 1235
1311 1214 1182
1833 1421 1761
1316 792 1686
782 198 354
1000 750 1299
921 544 740
1890 184 639
1167 317 684
1977 1655 738
385 128 657
1580 182 1690
1788 1039 1636
1638 1541 242
1663 1191 1875
1011 821 1696
916 610 1304
900 212 578
480 284 1030
1134 670 1780
806 762 1111
678 467 1810
1461 1371 1607
1917 751 779
969 957 1663
1242 490 1008
1556 212 1583
935 603 552
669 167 1292
1690 1291 381
1442 1403 968
1407 81 200
1161 759 88
1475 368 911
671 211 338
1592 1202 1480
1720 623 1304
511 63 612
1949 1088 1596
1278 604 122
1392 303 877
951 5 1154
1929 1003 327
1740 81 1687
1524 1371 978
1600 696 1725
1856 1590 1884
1636 1351 609
711 658 799
1339 638 1939
1753 1081 67
1106 218 1377
1250 1060 1038
1913 1517 1551
1882 1713 1359
1447 14 1184
1000 660 1752
1620 86 645
1549 920 27
1831 528 722
1650 1234 990
1376 875 1819
1988 100 193
1687 1028 1789
426 183 1205
1228 1216 1581
1733 518 220
1207 761 1171
1917 1194 1596
1315 488 942
1298 932 733
1541 1507 627
747 721 399
237 222 505
773 89 1052
1820 244 1163
1787 1281 229
803 286 21
1781 1078 178
1208 384 1148
1646 3 1563
1514 1354 713
1285 1086 696
734 605 1411
1192 207 501
1605 1110 688
917 556 1687
1866 617 1537
997 763 494
958 639 784
1648 911 1922
1694 965 925
1793 838 452
825 784 1407
1319 1125 1153
1704 315 1130
1701 725 1696
1768 313 1876
1793 288 1474
546 271 1550
675 61 910
1203 688 995
781 468 262
924 749 1547
1256 34 640
916 447 174
923 490 1925
1901 1815 1215
1236 410 1924
1751 949 1973
1728 887 694
1883 1441 1507
291 95 1720
801 390 203
1910 973 1456
1831 868 1942
1952 739 947
1846 691 1884
1903 482 1026
1543 1387 1714
1786 1269 808
1586 172 310
1568 556 14
174 43 727
1410 558 801
784 583 1245
1881 1356 221
510 488 1810
1585 1044 373
1964 461 1152
1720 1232 1434
1928 549 543
887 590 1573
72 50 1671
1745 1115 819
1881 258 1256
1911 286 615
1952 363 1143
762 334 1407
1915 1524 21
649 418 315
1769 1319 260
1313 194 450
1579 1134 736
1090 1021 1725
1949 1423 1109
519 327 1120
1286 678 1975
1356 318 604
1983 850 733
1652 1371 579
1665 64 491
1512 232 167
800 326 1257
1435 587 751
1329 48 251
1361 1354 101
1738 513 1333
658 482 1191
922 485 739
691 46 756
1268 344 945
1702 168 952
1101 487 237
372 197 1131
1547 70 1888
650 450 1018
772 644 1161
1510 626 1034
1162 1073 940
686 620 1967
1132 539 363
1572 465 739
1193 1128 1646
1005 969 1571
1929 826 1263
1380 111 695
480 184 1683
1829 645 373
756 167 377
824 723 1718
587 370 176
1170 1126 1652
1944 1875 83
1346 941 1395
1737 855 1662
1890 902 363
1799 666 1821
1773 141 1034
1016 345 137
1285 652 1166
1532 384 737
1459 568 499
1363 936 382
1648 546 1286
475 365 1735
1121 170 217
1952 131 314
182 81 1926
378 105 873
1463 1188 1890
1658 919 1184
1618 877 877
1760 588 574
832 535 499
1582 723 626
1128 1060 1109
1636 869 1726
1199 658 1376
1195 922 1556
1599 1449 406
1495 806 486
1764 44 888
1502 1004 530
810 590 1060
1012 539 959
1267 1032 78
267 105 1824
303 105 804
1054 150 1827
1371 1194 1540
756 524 1722
704 667 1305
1752 445 1887
697 667 1588
1411 1277 483
1147 275 40
1410 1028 693
1047 866 863
1578 1156 1070
1874 1546 1128
1863 1308 1526
736 113 1245
1097 358 530
872 310 1466
1916 1134 1925
1958 717 1553
1329 822 212
1056 179 1711
1745 730 726
1853 1665 101
1463 1315 93
1331 523 1722
1296 1148 1946
1126 722 1698
458 139 410
1400 1122 1103
1289 499 275
1635 385 1548
1831 1243 1446
1879 145 1757
923 12 853
1396 748 246
1271 1072 1601
1993 1480 245
1370 1245 1108
1044 91 759
1310 777 1630
1185 386 900
1032 666 1073
1359 1167 313
1967 1120 610
1468 407 1805
38 10 1043
1705 230 73
693 104 1888
1035 689 287
1007 365 1228
1385 1234 179
199 23 170
1644 558 1707
1391 933 138
789 135 634
1191 1186 688
1023 154 1237
1852 1346 1880
545 374 590
1020 142 1125
290 152 1376
1769 979 1336
1605 643 297
1899 1076 850
633 135 1902
1137 160 528
1184 128 451
1509 610 505
124 121 780
554 481 925
1590 1119 656
1659 400 923
1818 310 510
422 361 1530
1427 1155 1924
1866 455 193
1723 180 419
1739 445 616
604 86 1541
1883 1870 1915
1327 1263 1980
1878 332 350
1049 957 442
1280 1117 1576
951 365 181
297 159 769
743 181 313
1600 758 765
1471 1034 663
1386 154 1644
1755 1359 1576
1985 173 1205
1861 53 1196
1356 78 1915
799 105 596
1559 956 1679
956 692 1800
1831 1773 1317
611 485 1980
1635 979 1333
1385 459 674
987 984 1397
1068 322 168
1455 709 518
1582 332 1572
1423 1027 921
1833 479 1384
1724 1399 1111
1353 746 672
1804 282 477
1422 64 951
1926 754 524
1076 944 1624
1760 617 786
1956 1659 1650
1808 1439 35
1952 104 813
1890 1302 793
1823 1509 1089
137 93 732
1304 943 70
683 555 390
1372 211 875
1781 1134 799
868 633 675
1948 1488 992
1644 1152 735
1817 170 951
1802 148 770
1982 1134 202
1439 931 61
426 368 1160
553 73 761
1495 212 1029
654 593 208
1039 848 486
1376 199 1429
411 161 599
1976 1360 475
1897 448 1152
1936 404 1027
1182 64 1530
1252 1007 415
1788 1395 884
1466 1402 1233
1633 183 1174
1388 152 245
999 907 1626
370 69 1398
735 25 68
1890 228 523
823 161 1795
1961 1129 1616
373 299 225
1031 537 1660
1570 1276 759
1194 1165 378
1164 262 1452
1737 902 215
1366 475 797
1140 13 778
1370 395 1505
720 48 1128
1513 1040 37
1165 566 624
202 136 195
962 68 1041
1949 1213 1025
984 707 1426
1863 851 598
1834 1030 1054
1874 429 1869
1458 328 616
1431 899 680
1303 561 116
1242 1194 820
1483 673 1093
1306 902 1459
997 664 445
1936 1191 1831
1827 1211 970
1359 448 1381
1775 1027 1451
1954 1519 1342
1589 765 1175
1443 294 1253
1680 425 562
1998 1888 1034
1986 196 1835
1127 390 413
1894 296 1934
1640 1152 795
805 707 939
1987 1573 783
925 855 1405
560 279 935
1269 30 1804
889 458 1987
1876 1209 1323
1016 489 449
1039 424 1736
1679 1393 79
1423 1038 160
1762 14 671
1130 302 293
1641 1282 1336
1078 277 562
1461 714 1337
1346 162 59
1806 1027 963
655 102 594
1807 1765 777
1092 845 1280
1978 1615 1927
783 526 1660
1333 144 1808
1527 836 584
104 54 678
1444 460 602
1314 67 946
1705 1281 894
572 346 220
887 757 635
1984 568 1983
1265 466 730
732 486 1062
1021 757 1551
1512 1178 1110
782 485 1308
540 180 396
1530 666 721
1663 852 1647
1859 1428 1627
550 185 77
1653 694 690
1650 343 583
314 233 32
1899 1796 6
1807 730 1665
902 482 495
802 647 1983
924 511 1871
1349 396 1949
752 454 373
977 867 431
1758 365 1440
1117 693 159
1199 179 836
1666 108 554
1685 787 265
1896 1480 1695
908 490 1716
1781 227 937
1515 889 581
1603 1006 590
793 591 1269
563 473 752
1124 416 917
1510 1047 1774
1643 555 414
848 814 634
523 327 1357
1684 1460 406
709 469 24
411 2 500
232 105 285
1627 1517 157
1866 122 254
845 342 885
1399 770 1917
1520 832 879
1126 721 801
1468 301 72
1558 947 1314
1958 32 260
1691 146 1129
1755 1194 1374
1639 1065 1178
906 591 1027
1711 518 1696
1467 1231 518
1905 905 1800
1325 1292 1341
1381 1053 74
1431 496 1816
1312 33 835
762 32 1832
1391 893 1216
542 424 1702
1769 854 968
1868 1603 676
1218 450 1969
630 413 1190
1781 579 228
1071 356 330
1944 514 1372
1789 90 1697
1866 1175 228
1334 502 1760
1812 1 1680
1432 497 1586
1638 544 1846
1223 894 184
1110 1058 192
1854 1306 1407
1505 1041 1937
1803 1629 1168
1354 37 608
1635 400 630
1376 457 1423
1622 422 1089
516 38 1084
1255 272 422
909 92 1748
994 542 906
893 319 160
1586 244 683
897 120 890
950 935 1017
717 44 94
858 742 1971
189 130 1055
1486 107 1467
1120 390 1199
826 209 1157
1983 578 1424
891 436 1116
1759 906 1218
793 545 804
1619 218 1895
1624 370 402
770 593 445
1869 900 288
1622 330 124
584 144 1681
1791 1684 1792
1083 176 991
1075 77 509
723 45 1634
1200 711 84
1485 1445 1163
323 195 1785
1913 808 1815
1583 258 1523
1242 303 925
372 40 1350
1598 1555 831
1531 1476 1956
1952 973 1767
1032 45 959
1331 585 169
1748 654 170
911 469 593
1372 908 808
1421 544 601
700 495 89
1440 37 280
1338 629 687
1458 900 513
1911 457 1921
103 23 17
1770 1542 522
1852 614 738
1726 1131 1548
1252 1084 659
1812 1410 109
1148 1069 827
1060 4 1053
1097 436 1287
1793 1207 1522
1586 1187 891
1625 1158 1498
1087 692 1303
1903 574 1071
742 154 457
1258 745 832
1127 618 931
1070 352 634
1927 759 674
1882 587 1115
1065 1032 768
1524 518 923
1882 1179 570
1836 1802 1347
656 19 1644
1874 128 898
1559 1475 457
1783 119 913
879 799 479
1950 1564 1376
1669 358 178
1471 1452 1616
1306 1028 451
1091 340 1212
1582 1087 729
728 250 930
820 77 449
1480 787 1671
1032 869 1132
1849 1449 1721
689 137 1454
300 7 1094
1088 168 540
1203 163 264
1599 1077 1308
1842 1453 1327
1830 1234 118
888 741 1765
1847 502 874
1392 1350 1132
1394 45 1604
1999 1082 121
1569 42 1455
529 450 262
1078 459 1676
616 202 336
1766 878 973
1166 419 83
1906 1359 1116
1774 746 408
1836 1794 969
1476 770 876
1289 597 1993
1816 1512 1866
838 365 881
1643 571 551
22 8 274
1790 1246 556
758 507 1478
1917 768 854
968 711 1851
595 500 1213
1300 426 590
1956 1839 137
911 637 443
879 542 908
1874 1165 81
1765 1681 703
1991 1302 728
1819 83 504
435 349 1289
766 610 1661
1191 115 406
1888 313 1274
729 410 373
1286 1021 1707
896 790 1237
1973 420 262
1581 1464 1154
1822 1101 79
1137 981 759
356 101 680
1376 1368 1449
1245 1187 459
1051 627 1251
1572 1146 1718
1885 1742 623
1349 1192 1912
1138 382 1265
1407 623 844
687 566 1588
1126 499 1900
1742 273 1233
1583 1104 447
1483 570 1878
1792 146 1900
1941 419 1557
99 39 1237
757 499 1414
1764 1177 1902
1511 803 1629
1571 166 86
1831 714 1899
1814 814 1690
1370 1028 816
642 192 6
1336 1078 221
966 428 371
610 161 309
1148 179 821
1609 1449 203
1824 605 878
1708 1295 1603
1250 266 301
385 347 1011
1742 372 921
400 259 1605
542 189 767
727 445 1638
1228 12 1278
1502 337 1593
789 203 70
1875 789 982
1490 450 1097
1551 986 913
981 810 43
291 275 1965
370 271 744
1779 15 237
1820 386 539
1434 977 817
434 85 882
949 773 203
1264 857 132
1849 161 704
887 22 804
1609 347 1817
895 461 1763
1733 110 369
1356 512 380
245 191 578
676 394 1841
1503 909 1095
626 400 534
362 315 1559
1962 1415 1953
932 276 23
1359 42 1816
1960 1344 708
705 23 1548
1569 867 437
1707 1611 695
1552 972 1816
1962 13 141
1944 1135 1508
311 281 620
1565 229 1930
1724 1002 1392
1916 1151 1038
1350 66 1843
759 87 111
1590 1291 261
948 848 1500
1648 1550 268
1442 1136 1115
715 309 1337
218 61 1462
1617 536 1907
1599 864 430
1209 545 200
1689 300 1269
1579 931 1578
1905 1345 182
933 542 1475
695 608 1917
1926 1152 1713
1049 24 1562
1735 943 236
622 497 1820
1755 1443 683
1502 953 590
1987 678 1955
1886 1044 1018
1099 112 249
1375 739 245
335 184 1281
957 243 640
594 163 1846
1592 677 853
1901 1249 695
1736 1481 1893
882 693 1502
1907 1653 1931
1039 807 1873
1489 892 1140
1919 478 49
1095 572 433
1417 1243 931
1528 400 1563
1730 302 1221
1897 1505 245
1851 1516 1276
434 225 746
1075 944 1569
434 319 1773
1528 684 606
333 271 742
1353 646 1545
1718 1136 78
1397 895 1039
1612 498 959
854 839 431
818 543 1938
1439 293 1289
856 539 1087
384 108 841
1161 120 491
1153 697 582
1589 1039 1783
1349 15 140
1679 221 1967
1932 1404 192
1774 927 841
1029 1004 354
1275 18 962
1407 224 1558
940 156 29
1808 1567 1681
1694 16 695
1097 598 253
1424 631 1128
482 389 1015
1719 1700 1217
1417 233 1797
263 8 776
1972 1519 1612
365 114 901
1450 95 870
1709 1413 1919
1076 636 79
1088 46 1487
1852 1112 1644
1319 798 249
995 39 269
1609 880 660
1245 1004 80
899 304 991
1868 590 65
608 176 1393
1913 140 1533
597 21 340
1770 1348 1538
1082 895 1818
970 266 785
1726 460 174
1593 1292 866
1664 1091 1778
947 119 1647
1231 710 129
1132 305 1348
1196 675 1710
1170 29 651
1944 1156 120
664 361 1544
1455 1437 396
899 52 1953
1955 234 727
1785 168 604
314 52 1615
1683 1172 822
1954 503 868
1857 1054 719
1835 1642 628
1120 104 293
1992 1078 1057
1031 703 1104
1287 394 1658
171 104 1265
989 411 924
1602 1341 339
891 771 474
1809 562 499
1846 1759 1013
546 385 1466
1604 1247 1225
1622 270 327
712 223 1462
1521 929 198
1318 285 1716
1734 1579 714
1796 52 145
729 275 1748
1898 1123 548
1410 542 1236
1633 513 290
1853 1850 1687
1222 35 198
1108 493 1016
1985 1538 1703
1920 1704 1754
1784 1383 270
1617 988 1933
1924 1329 1254
1377 1347 1692
1989 402 1270
1134 223 968
1256 690 1145
1804 1347 347
1830 1512 1240
1451 216 1935
1120 879 775
558 89 992
1114 762 126
1846 1314 393
1861 1369 36
1905 1625 852
1493 1350 955
1641 1483 1546
1985 83 274
1617 821 1064
1538 1008 459
637 521 1625
1833 1438 1755
1953 457 1945
1849 544 1780
1300 1115 957
1842 294 1291
1849 1699 1910
1215 764 615
1631 654 1488
1883 474 1096
1548 596 810
1144 626 1661
1658 1255 848
1136 91 1174
552 423 494
1453 824 1091
1782 1757 936
1898 449 1435
1291 910 1237
1285 875 273
1072 95 1474
232 107 435
1480 67 255
1909 1269 1857
1302 889 1877
1822 1806 768
963 232 177
1237 270 1211
738 80 104
1877 8 356
1000 980 1092
836 498 177
1947 777 996
1543 229 1632
531 219 87
1843 1815 846
1611 1496 1366
1237 1119 822
1704 610 1231
1769 503 1575
1673 1151 1387
379 122 22
1915 1894 6
1179 835 1877
1229 341 1459
1947 794 1185
1957 337 290
958 601 823
1361 670 568
939 484 1376
990 799 68
240 161 1394
1935 1101 1608
1994 1616 881
932 556 41
1058 865 185
1986 1578 789
1970 1240 1226
1213 418 1720
904 527 1510
1217 594 1391
452 69 775
1218 494 1364
1506 682 798
877 723 1442
1929 908 1902
535 243 859
1126 923 1723
819 218 1131
737 370 1512
1819 1005 1314
1699 746 1924
1149 209 1394
1877 30 1115
1925 1121 954
860 148 1028
1717 134 1224
1411 92 864
1587 76 1099
1387 1257 280
877 22 859
822 345 1539
1156 44 1994
1062 755 1788
1213 114 1295
1115 972 228
535 485 1965
597 389 1389
1750 455 324
1546 43 1042
1341 357 1449
910 735 629
1813 143 758
1047 501 1394
838 570 604
1368 143 111
1610 785 58
796 43 996
1405 554 1111
1091 366 167
1507 471 382
1853 886 1710
882 295 729
1966 1647 187
1177 1054 50
1965 1447 689
1968 1332 1846
984 806 1939
1387 834 1054
1821 820 402
896 192 1753
549 136 174
1240 471 903
1302 294 537
1347 803 510
1311 886 922
1659 1040 1194
1843 1603 424
886 64 1576
1939 1912 1969
1725 697 99
1900 721 609
564 214 377
1726 791 262
1319 658 1546
1121 138 1861
1618 320 1266
733 375 1764
673 521 592
1168 1005 1392
1075 923 1397
428 215 740
977 661 967
1987 151 780
1567 218 1261
724 566 1211
1510 217 1392
829 542 1062
619 485 328
668 168 561
1872 796 1726
1985 1758 1855
1842 187 409
1808 386 433
1449 988 596
1871 660 1098
1963 106 566
845 270 114
1788 263 386
1236 164 1841
977 149 1571
1205 1088 1265
1781 1471 343
1106 574 1195
1802 1720 1606
1627 225 1660
1190 724 1178
1921 1069 207
1949 1759 365
1869 1138 898
335 148 808
1560 430 1862
905 627 597
700 343 1226
441 58 1541
1732 829 1613
1625 186 1650
1916 1205 346
1143 375 119
459 381 890
728 205 1720
883 505 1659
1044 940 910
1455 55 977
1424 1070 283
1275 707 199
961 952 1413
1433 120 1424
669 105 242
1134 267 1469
1587 1054 1851
1672 372 276
1156 804 736
171 130 1802
870 302 1687
1391 910 299
1134 65 1784
1629 750 603
1077 641 1964
986 185 1612
986 66 153
1953 1940 365
1426 903 1585
1445 70 982
1091 105 690
1987 728 1585
1618 1178 633
834 307 588
1450 396 1650
1454 568 1352
579 28 1609
1300 379 216
1599 973 1193
602 524 519
1388 1031 798
969 523 691
781 520 1930
1941 763 256
1639 1129 971
1179 1085 1728
1189 1095 1321
1791 451 1797
1513 1252 865
1728 1064 1969
1596 98 1934
1241 164 717
1587 86 1890
1630 1401 1158
1256 1175 1729
1967 1558 1701
1568 1313 1636
1564 1485 190
1856 791 161
1362 856 1514
1507 1033 512
961 737 1161
1832 1266 1028
798 740 1466
1159 709 546
868 219 821
1626 1294 653
1252 1022 1445
659 293 1750
1719 52 1284
1355 148 1497
621 133 883
1738 488 1670
1167 52 1712
1991 1154 581
1330 562 1358
1128 794 61
972 402 1773
1052 664 878
572 182 2000
251 208 876
1881 175 1123
1786 420 1080
1721 1543 1369
1940 1198 1824
1502 1018 1897
1898 197 1837
994 458 507
1235 1226 353
1934 22 1254
917 244 1696
1896 522 233
1145 1110 1543
573 181 1983
220 200 1848
292 70 1832
1358 505 492
1821 1322 1274
1888 1231 1386
1843 427 1513
605 359 1848
1181 223 693
1443 941 1711
1400 69 637
862 708 145
397 371 1618
347 168 608
1995 1734 1169
389 354 179
341 23 249
1117 44 903
1398 572 1538
1732 1591 69
1844 999 1657
840 542 1368
1315 887 1797
1225 377 676
1475 488 1287
1833 348 1869
1783 1394 160
947 212 371
1181 655 1168
663 422 1147
1688 1141 1042
1363 1242 386
1827 238 542
1719 889 478
1050 602 225
602 6 742
1658 65 587
1684 679 1169
696 476 928
1921 1577 1724
660 502 124
505 504 1279
1735 1694 892
1445 964 1341
1025 200 1476
559 175 1969
451 70 734
1502 1038 1091
1009 119 901
1653 356 1225
1289 15 411
378 16 1915
1949 110 988
488 58 226
1570 641 1056
1032 963 626
1514 444 1678
1494 113 1415
725 362 395
928 558 1118
1970 1068 453
869 509 1530
1343 65 1248
1187 1178 52
1156 972 903
1012 863 1773
1119 1026 1671
1325 1197 117
1915 984 1565
1253 781 1100
1842 151 631
1998 973 314
326 48 907
1733 330 1956
202 66 1580
817 579 587
1368 1155 1161
1365 380 503
726 549 492
1032 256 1848
1242 31 1196
1659 340 18
968 92 145
281 176 743
1125 141 1079
1246 60 1590
1472 1032 1703
280 118 135
1962 664 998
1443 944 344
1149 539 1850
714 597 1097
1022 826 583
851 510 1354
882 802 643
1982 1025 928
1961 354 51
1710 1005 1789
1459 441 1011
504 44 1888
809 583 1304
1795 1128 1417
1267 833 50
691 453 931
1602 626 1743
1927 1221 1648
1846 208 1723
973 327 1447
1257 818 539
784 764 1225
1110 839 1058
1013 591 1472
1444 1023 1259
1735 270 1529
1146 412 245
1976 1562 585
583 276 1704
1618 1341 896
672 467 398
1085 483 759
1956 1189 1963
1197 40 1791
1428 970 191
1123 431 807
1595 448 1954
1477 955 556
1231 91 996
152 102 659
1584 587 822
1503 1259 1208
904 611 1270
538 474 1948
1611 360 1272
791 581 226
1243 540 2
1084 91 200
1642 596 1548
1749 1406 1195
1831 1171 879
1158 205 1546
1267 605 790
1267 749 1327
1433 1139 1186
1457 153 639
1939 963 956
1555 1072 1529
504 478 1019
182 106 1682
1387 91 1654
1760 1093 1846
1714 1632 1770
461 451 350
1652 217 1289
1920 380 1234
1861 1026 1471
731 555 108
1423 33 739
1746 1654 1216
1335 525 523
645 68 107
1760 353 657
1980 347 170
869 560 1707
1402 253 477
1802 382 1601
1281 1103 1126
1315 225 1454
1382 1370 150
1458 297 595
1423 931 216
1728 456 110
544 161 1209
1788 1038 1857
482 254 957
1315 80 1396
1740 438 1611
1346 710 1990
1625 1476 135
558 511 152
1631 1313 1288
1080 162 1876
972 814 1943
1960 1655 1915
1024 864 1712
1700 1617 630
1218 368 1102
1893 1336 1605
1210 112 1196
1815 502 327
1966 1828 398
1549 616 614
1140 291 1612
1733 1493 1416
1896 1433 8
1290 72 250
1369 552 775
1900 1570 1573
1731 1104 1223
1240 110 1204
1311 1203 257
1803 1564 650
1698 1083 1555
1447 1005 472
601 428 1608
1417 391 265
1653 1596 817
1591 972 892
467 33 46
1522 1002 1093
1034 787 1785
1581 999 1336
1493 457 1367
1450 301 1324
1546 50 1106
1106 620 350
1859 304 1611
1679 527 843
1631 197 816
1799 1094 729
1394 1204 1913
589 272 1709
1055 566 603
1907 346 1918
1117 208 565
1378 160 515
1503 1372 162
1794 1087 1546
1946 335 416
1195 894 38
546 472 1093
905 24 88
1931 309 984
611 440 240
926 345 259
1646 1373 683
1582 1095 1172
1509 355 1178
1681 257 78
1585 216 1926
1868 1114 1811
937 731 1231
1752 1710 1750
1211 335 755
1476 1344 1889
1088 357 279
1603 707 354
1218 211 1563
1773 963 440
120 35 994
1126 1093 1844
1884 773 551
1180 245 1289
1650 1641 1805
1332 200 1233
1796 1226 392
1306 1046 1095
1250 776 32
1772 1617 1348
1866 1615 766
1114 872 985
1192 1031 1685
705 645 1739
910 692 1666
1359 325 324
1908 881 13
1540 1511 1302
1721 94 1275
553 195 1402
339 36 1264
662 328 41
1712 1057 1440
1539 818 1161
1598 726 1833
1711 728 1345
1548 445 723
1318 68 765
1718 107 547
1818 1416 1700
631 437 394
1769 749 1449
346 198 958
1448 1130 1116
1475 390 1065
1861 989 700
1743 1172 1165
1074 366 280
762 237 1503
1515 1028 1441
1043 921 1585
1280 511 480
1629 601 549
1626 354 1975
851 362 714
1488 206 1459
1524 258 1840
1331 1305 1145
899 375 14
1011 505 751
1304 596 202
1718 286 1286
1248 1150 1988
1913 1464 428
1756 346 961
934 413 1229
1027 446 363
1120 264 1869
1275 517 787
1891 377 273
878 631 464
1959 1337 242
1727 528 1824
1516 672 1310
1070 1036 494
1912 303 1084
1541 409 1575
1538 1373 771
1424 6 1099
659 202 137
1295 667 1245
1560 999 1830
1806 992 1109
378 59 969
908 856 239
361 111 944
1827 192 1916
1620 1589 323
1822 1495 968
337 235 1429
1954 1469 1674
668 223 1923
845 259 1983
1766 939 304
1451 654 141
1869 664 1560
1919 1393 1103
465 392 650
1935 1874 1341
1619 1469 1215
1535 147 205
1113 1086 1821
1797 64 1418
1264 623 1830
1888 607 1150
355 236 1741
1156 13 1377
1409 985 668
840 204 1077
929 633 1970
1291 594 782
1542 1345 1210
1143 219 739
139 57 1072
1672 1199 1295
1370 745 1828
1209 848 1328
758 651 1139
1542 1496 1528
1391 1073 1616
638 76 111
1322 833 169
1397 582 1190
1891 584 408
1273 211 1880
1508 803 1975
1814 253 946
1920 689 1954
1946 1748 1358
1501 399 1679
614 592 512
1454 687 1013
1630 975 808
1357 1015 1217
1874 826 276
1856 606 408
1766 397 1721
1244 629 1256
1218 1094 723
685 205 1613
1297 1254 1547
1652 1356 929
718 650 466
1709 1059 487
1406 414 1406
1149 73 179
375 266 188
1564 1170 691
1460 1021 179
1765 1394 1024
1287 848 1473
1478 1029 907
560 182 856
1285 183 450
1202 15 1418
861 517 619
540 333 992
1530 148 727
822 820 298
1888 1761 164
1172 69 247
1538 1371 565
1202 758 594
742 556 1951
1481 1251 373
1704 1223 1649
1327 824 1913
1432 282 1970
867 837 1313
210 35 1972
175 143 1671
1927 1312 321
1071 534 1099
1340 1115 1301
1302 419 315
1406 1065 590
1842 1024 240
1323 83 661
1875 247 1763
1859 123 1711
917 858 408
865 523 1940
1297 1093 755
1832 1472 165
1944 343 1648
1100 603 1636
1952 74 1234
955 68 108
1592 682 1632
1978 652 1066
1575 387 900
1440 328 1064
1586 843 331
1722 960 106
1056 165 4
1271 215 1794
1718 76 789
1432 348 1095
1440 523 1197
1522 1482 1690
1864 1039 1200
1117 410 474
1644 1448 1018
1973 202 1311
1550 206 926
1599 228 347
1080 97 1791
1648 441 469
650 51 978
474 250 583
1246 1240 1879
1598 972 877
1612 832 11
1876 1635 597
1901 1014 1116
347 10 1680
1486 1005 671
1133 354 161
1633 961 1948
1385 334 419
1805 330 227
1311 1272 934
1628 834 1593
1144 91 494
387 364 1173
1701 1470 1165
993 799 374
1289 126 1438
1106 401 120
1625 724 658
1839 1171 829
1242 44 985
1470 24 1046
1253 746 341
982 271 691
1634 1612 1587
1571 975 1208
1137 151 563
1521 1433 719
1973 116 544
1624 424 642
1868 1183 1972
1822 9 1016
1511 1429 30
594 194 1719
1863 1252 93
1815 732 697
527 36 1191
1792 679 209
1920 1184 137
1337 73 1044
513 394 551
962 361 922
950 738 1003
1970 615 352
1777 883 1746
1324 1211 1186
1783 1431 301
1652 336 738
1796 1304 1247
1778 976 1926
1833 258 1897
384 116 375
624 263 89
1795 1433 982
1431 213 1776
525 414 1409
1394 442 1901
1171 797 523
1880 1183 1475
1180 1035 1296
606 507 1133
459 455 827
868 728 285
1833 820 1409
773 36 1643
1457 2 259
1441 234 1550
1962 1498 589
1287 51 1454
1062 983 817
1975 455 839
1018 473 1787
1977 1829 152
699 586 1790
1350 465 14
1752 1099 1046
1023 675 1316
1069 1066 813
1734 252 681
912 803 1609
1209 1032 1778
1553 446 985
1940 1902 1012
707 1 1392
1412 724 401
539 346 1094
1061 756 83
1568 1011 1869
1217 667 1943
1975 625 85
1999 1069 99
1237 483 969
1081 367 594
1832 1360 822
102 43 1544
1366 247 583
1102 988 375
1638 1338 1119
1625 1372 1400
1894 1674 1826
1818 1145 712
1975 978 1285
795 206 923
1145 11 1900
1326 763 56
1972 1762 1942
1621 368 1214
917 600 1908
370 4 1673
1301 1095 834
1008 136 920
1981 366 396
697 97 466
989 922 179
815 299 1604
694 278 1434
1382 620 1545
1009 896 306
1068 1006 1184
1403 1266 1579
1520 524 272
1569 1130 425
806 372 1379
1284 441 1577
1225 407 99
1396 1357 1317
1124 36 409
768 264 1140
1755 1427 1581
1688 245 515
1107 277 895
1015 550 297
1628 618 1634
1950 59 1437
1976 1767 228
1149 286 1788
1022 230 1959
1957 855 1408
575 317 925
158 95 1313
1795 836 1469
1002 312 1569
1531 1377 642
1629 767 1246
668 38 1012
1045 578 675
1811 1699 1088
1527 1485 295
1165 114 135
832 617 271
1842 766 1755
522 309 513
1453 686 577
1840 454 1982
1649 116 1707
1521 107 1025
970 312 70
1922 612 1330
1426 167 1974
1193 563 1090
1378 237 1602
1667 1485 542
892 647 1522
305 209 615
1259 1257 1986
654 500 21
1464 127 1356
1627 1142 797
1562 786 1057
1014 544 163
1821 720 1744
1369 498 756
1997 1129 257
1570 584 80
1136 433 512
478 302 1716
1043 39 1707
508 487 203
1320 1190 804
1351 203 285
1400 515 488
1055 302 1507
1705 659 1375
1889 1868 1229
888 505 1146
1867 352 15
393 213 1174
1630 1043 1175
515 133 143
1809 325 1069
883 879 1441
1265 750 1393
1502 423 1503
1349 974 1705
158 23 1612
1489 733 1076
1877 1775 1570
901 495 1393
1982 265 1350
911 415 1068
1339 203 1912
1767 1470 1457
1251 767 974
1397 217 503
1623 988 1028
1716 1049 71
1211 364 912
1854 1129 666
1604 775 1036
1099 1033 1534
1672 1114 1165
1545 529 1933
1872 456 1520
787 730 1906
523 236 447
130 88 1140
525 218 788
1189 117 1839
1043 684 373
1706 617 1266
1558 814 1379
1312 269 178
1330 883 1296
1822 30 655
1520 1137 131
1564 706 1706
1771 298 957
978 133 66
1231 1020 1205
892 627 1785
662 379 369
1845 183 1014
1678 731 1788
1607 1567 829
1584 297 205
1641 84 645
1751 708 569
1960 938 1526
1921 935 1766
1455 260 395
1383 631 548
1284 1142 1001
1020 628 1112
1094 550 672
207 105 600
425 17 622
1325 772 585
1288 856 509
1117 437 1790
277 225 494
1450 213 1519
1837 588 1080
944 813 1807
1874 1508 1911
1030 916 525
1875 1636 1884
705 458 463
1766 250 1535
1824 7 1413
1405 754 519
1757 1698 1650
801 711 25
1690 1620 1731
1088 60 448
1433 614 1781
1151 1136 1823
1641 1049 1771
1567 1443 1540
1009 173 1776
1038 90 1268
908 545 690
1714 1303 1143
1332 149 1187
1271 177 752
1586 1529 712
1365 675 1424
321 138 1284
1755 327 336
499 328 1444
1547 211 1528
1602 1316 395
887 389 470
1104 984 934
889 584 1291
1754 1495 1191
1006 12 625
1108 1052 1984
1230 1089 1636
1609 153 702
1696 28 1450
965 914 1424
717 401 957
1745 1473 1062
1569 946 1577
284 34 1429
1863 1618 1888
1513 745 925
1781 397 788
1437 1241 1547
1721 46 953
1654 229 450
1315 1152 490
732 138 925
1913 352 1965
1530 661 795
933 464 69
416 114 943
1254 1127 498
409 253 31
1886 758 1706
1771 98 932
1215 829 530
1733 679 340
1574 847 1086
1532 1311 562
1456 370 953
765 679 828
1566 958 1875
1173 980 1682
1144 97 880
1201 970 1110
314 27 92
1676 873 1756
1227 1065 1091
1283 942 1139
1372 541 1452
779 648 252
1422 438 1937
1780 143 1117
1996 1278 1550
775 772 1799
747 338 1797
338 96 297
690 640 1198
1075 328 1661
826 369 209
874 521 95
1465 304 213
720 579 1232
1084 841 1071
930 72 1235
668 265 1344
1933 1237 1561
1651 204 146
807 440 973
1948 1216 105
1675 860 521
1391 72 1994
1594 155 720
1785 525 1115
855 514 1709
678 594 805
1729 829 1633
1440 683 538
1722 214 1902
1136 981 224
618 166 1239
1870 802 644
1910 391 170
1140 69 1801
675 538 560
1711 1474 33
1159 96 653
1931 220 732
1099 411 203
339 302 993
1393 965 1987
1586 1571 773
1837 1297 1111
552 18 1587
1171 1048 1920
1897 757 1697
1225 160 736
1949 1418 115
1753 246 1210
1724 875 247
1625 325 1361
1602 830 1541
577 511 1515
1375 1338 157
1629 728 1196
1903 532 900
1895 1471 418
1452 1059 473
1890 1105 1476
1989 846 1262
372 350 1458
1640 484 49
1841 491 1030
1004 37 533
1432 788 1676
1850 188 96
853 530 1676
431 65 1751
1564 942 698
1540 987 1301
1366 728 1974
1096 388 1278
1567 1521 1999
172 27 1205
563 436 1463
1203 871 84
316 110 960
1845 945 975
1363 61 982
1462 612 758
1719 732 1784
646 468 1227
1675 241 881
1538 1305 235
1960 1004 1717
1391 762 1138
1436 922 1352
1694 1650 465
1550 132 58
1861 218 462
1535 862 324
1204 229 1382
1331 908 1670
790 755 1298
1786 571 1243
1958 236 933
1858 1392 772
1459 992 374
1052 554 1574
1890 1841 750
1447 849 354
742 356 747
1023 935 1995
887 121 1093
1998 144 923
1110 1053 1372
1403 831 702
1279 582 1386
463 212 186
665 129 1044
1401 446 407
1839 1722 565
834 297 1259
1259 1164 87
879 350 1521
1829 1053 402
1910 131 876
1928 1510 1746
1831 414 1937
1689 94 1055
315 271 608
1323 214 564
1931 64 648
1973 1777 553
1744 1580 1035
1662 264 1545
717 520 1027
1035 945 1585
1969 1722 738
1755 1707 461
1716 616 1670
1749 965 318
1784 68 1582
1004 857 619
1978 728 1307
1347 399 704
1357 1131 1667
1301 1124 1960
1494 489 524
1350 449 874
227 149 1552
1712 971 85
1688 174 1374
738 339 990
1373 1136 442
618 285 1323
1926 94 554
163 75 347
1991 1610 1477
1629 1311 1648
1592 844 1723
1564 222 345
587 532 1821
1052 115 34
1043 407 1164
1791 186 419
564 465 945
205 1 460
539 238 325
854 17 1339
455 149 908
1226 342 1713
972 671 797
1931 36 1998
1245 185 1133
747 263 1
1601 1431 699
1353 996 1218
1286 734 493
1334 1148 792
1239 822 1318
925 613 132
1301 1005 874
711 212 182
1389 601 1658
1391 593 830
838 235 253
1986 1333 895
272 145 1148
1975 1311 1181
1558 539 1472
925 292 119
1976 1904 1650
1051 219 61
1173 624 1727
1937 484 855
1324 952 292
1419 41 982
1740 1141 1074
639 378 532
1787 595 231
589 102 1335
1948 557 1169
1777 231 1566
1574 966 629
1177 1051 1209
623 520 1720
1091 112 1588
1926 760 1755
772 453 408
1622 584 260
1447 887 720
1670 862 137
1727 95 1424
1655 1149 820
1412 1224 1610
1294 264 1091
1372 414 1989
643 357 1482
1017 191 157
1928 811 1187
741 33 1539
1786 1565 652
468 455 1488
1119 542 1214
1770 1586 927
1226 430 1715
962 325 390
1939 1773 574
623 109 994
1272 935 38
1806 128 1479
1544 160 1962
810 437 1403
1298 700 1
1626 1415 1872
1218 1013 1081
1840 854 930
1220 695 1855
1009 726 1285
270 85 551
1276 933 475
1530 61 1075
989 690 1437
1293 349 1898
502 201 392
1088 756 306
1716 1644 1682
736 200 679
1921 401 985
1427 963 1526
1561 228 1029
1308 244 1480
980 181 397
1069 884 1907
1086 138 1785
1797 169 1007
1881 136 118
1581 960 1650
1361 834 1900
1031 42 1781
1038 532 301
1118 536 1293
401 59 792
1528 246 1115
451 239 992
323 161 892
1992 166 1362
1783 1250 295
1937 480 590
1204 813 1451
1744 1557 1558
1733 324 1272
976 939 1892
1661 1438 1557
1001 231 1653
515 181 1412
1335 1262 1948
1831 96 1093
1126 328 212
1205 43 1510
1111 829 107
1692 215 366
573 494 626
1268 66 723
1897 1700 1639
1722 55 1986
1783 909 1257
1069 630 1176
1838 1518 1038
580 449 1550
1561 1096 684
1722 181 236
1476 267 1713
1219 639 1679
1597 372 1719
1805 442 826
1588 740 1375
1845 77 501
971 460 173
1947 713 516
1587 1370 13
1146 278 1232
492 5 1711
947 568 1829
884 389 526
1875 380 1146
532 99 577
1696 1518 1296
1591 87 95
1682 891 1092
1910 326 1116
1446 19 960
1556 1434 468
812 537 1753
1720 525 494
1417 771 1866
1669 492 1660
1447 844 1275
1292 419 1661
980 550 439
1259 656 1478
1962 49 1329
1732 684 1974
1069 39 945
1430 14 571
1839 42 744
1704 306 1696
1333 1100 573
1591 961 43
981 293 1033
831 345 1164
1856 480 689
1859 1498 1091
1533 1457 1258
1529 599 312
405 161 649
1043 677 1861
1127 504 884
1934 1868 1380
1611 186 127
1978 1544 1455
895 710 1899
1935 1507 199
1703 1471 483
565 95 1610
818 25 709
1613 799 415
1398 468 584
1947 727 1437
1612 1241 1728
1040 990 460
1766 1258 15
445 135 772
213 70 1648
1827 1369 1419
1192 535 1349
1530 1288 1014
606 475 486
523 337 1381
1780 1072 1866
716 446 681
1053 1006 1804
1344 780 1527
1995 1068 1185
1282 244 986
747 665 205
690 174 1719
1920 384 873
1537 732 1790
585 60 1450
362 275 240
1403 169 746
1374 306 939
1620 1447 1365
1181 287 483
1261 332 628
1997 1558 1735
1243 280 1920
1569 550 491
1779 1117 554
1604 1068 1178
1004 785 1098
593 249 1039
1721 661 273
1862 822 1257
579 185 1751
1254 915 861
1740 1076 1562
400 359 1349
655 394 1698
1481 384 1990
1663 829 834
1395 1254 1279
1736 804 146
848 368 230
628 417 1201
562 133 139
1809 208 1031
942 482 1185
850 660 716
1187 113 631
1469 61 841
1037 559 1204
1510 264 1341
311 296 1458
495 186 907
355 62 1780
1225 472 530
773 443 1980
543 38 693
749 360 1625
1899 1420 1060
1244 5 1653
866 409 608
1986 634 828
1783 25 1540
1767 860 1890
1619 1329 765
1780 1304 660
1611 1352 997
1612 1596 98
1537 1101 406
1718 1708 1877
1877 1347 205
1006 500 1334
810 241 165
910 39 1950
828 428 1457
797 726 1530
1874 1757 997
1240 612 103
1571 569 130
649 612 117
1852 216 1902
949 797 1896
1289 478 1179
1477 1351 847
243 30 185
436 74 1018
1568 422 32
1763 10 1622
1797 1416 190
1779 1062 398
1138 948 1442
1962 1942 291
1926 430 1026
1230 828 1006
1855 361 1497
1862 412 745
488 339 1005
1920 1193 118
1264 1085 203
1833 216 1892
1587 138 271
1324 1221 1315
1079 148 1897
1919 1579 1512
1874 666 1363
1205 261 95
1859 688 1179
1184 810 1607
1309 454 208
1078 466 1813
1318 684 136
570 148 1049
1456 863 965
1770 1374 503
1886 1135 52
1389 821 1720
1830 624 1354
1785 704 563
1507 784 536
1464 1343 1793
1846 188 1418
1730 466 1493
1792 531 121
1597 1096 377
1457 29 894
935 119 696
1033 624 1095
1627 1222 253
291 177 1758
516 410 1199
1588 702 596
1133 831 46
1847 659 1536
786 164 671
1090 351 1789
1768 577 862
1394 812 49
745 280 1571
1429 886 1606
1918 1120 826
1046 237 1245
1514 1176 982
719 250 1272
1882 1089 498
812 115 405
1360 928 1331
1425 626 1077
585 514 1379
1108 732 996
1172 94 103
1731 596 182
853 667 714
681 319 1266
1599 527 1661
1197 150 42
1497 423 297
1709 870 755
1833 979 268
1453 685 1998
1467 1441 1538
1488 114 469
1904 1514 670
1119 122 1961
1603 1455 529
1937 568 215
729 605 984
1938 1636 479
1424 717 934
1793 1495 1357
830 628 955
181 16 524
1617 179 1919
377 310 610
1761 528 1516
1644 473 404
1479 249 1185
698 642 496
1803 1612 946
1152 717 251
1562 1129 1627
1175 899 78
74 15 476
1746 1714 410
672 500 998
1370 808 1889
693 360 952
935 626 1692
1818 1005 1055
1932 666 370
1888 838 631
1830 1087 1451
1802 1667 320
1698 1687 262
1013 91 1135
975 457 1409
1635 1229 1562
1563 73 225
1104 439 211
1079 428 1256
1796 179 881
1749 21 93
600 238 755
1599 1112 171
1751 221 285
1074 546 1434
1544 1454 1224
1815 1527 1949
1804 1503 539
1447 496 1116
1651 15 205
1480 416 1108
1884 1495 1271
1865 679 1468
1249 150 1244
1091 596 1570
1106 708 276
1228 927 1604
1443 1194 544
1491 1452 378
1254 709 1072
1432 926 1598
1268 105 742
1719 1443 766
1919 1460 1134
1963 1626 1879
1605 752 1579
1587 781 608
1472 669 109
1021 83 243
762 586 1966
1667 692 1020
1360 797 1205
1917 1205 1859
1359 35 300
1947 1218 1912
1657 708 1828
1333 419 464
1667 1108 139
1536 25 1035
1642 1578 494
1013 867 467
1924 1674 99
1567 1289 1136
960 454 1005
1508 1487 744
944 65 1045
1445 369 930
1032 272 1108
1524 620 1681
1950 1398 1886
1192 34 1205
1361 350 1366
1662 1065 1275
1184 825 1
1143 381 1300
534 305 1121
795 477 516
322 84 91
1211 702 1307
889 179 1607
2000 670 1255
1516 1095 1417
940 61 490
1050 706 1051
1046 337 579
1064 793 154
1639 1620 775
334 211 681
1654 877 741
1825 1454 1430
1803 1685 386
1545 1382 1529
1174 927 1155
1564 740 1351
1146 581 1811
1245 218 1775
1292 803 94
1152 1105 1529
1957 368 1251
1363 406 728
1651 1375 56
1698 578 1376
1790 239 12
1743 860 501
1419 543 780
1556 1270 1362
95 29 1187
1985 1385 27
1634 595 1890
1481 244 817
1304 241 255
1337 1164 1402
404 266 322
1597 135 391
1227 287 1042
1936 1782 1857
983 915 1930
858 235 2
950 246 1046
740 321 533
956 888 1002
1504 253 1089
736 53 1239
1972 327 218
1024 993 604
1787 1064 371
1109 133 279
1683 547 836
478 222 418
1109 264 741
1170 511 569
1561 179 1642
1443 92 1818
1984 1775 1265
1915 518 675
1816 128 1673
1448 854 67
1299 941 1906
1670 576 1266
1998 1756 1437
1311 726 1492
1912 1578 77
1421 634 105
592 473 1553
1993 192 1962
1547 1236 1304
868 204 899
897 873 836
914 502 1475
1131 457 336
1158 898 1642
948 480 63
1864 965 65
992 37 100
611 264 1195
353 53 790
1292 70 506
1893 1477 68
1017 646 1387
612 298 645
1765 750 1273
747 267 198
1562 522 1475
1814 853 1316
1561 1018 235
1141 733 1102
1485 562 283
1603 1141 617
1676 1480 1788
1232 194 1671
934 211 379
1236 860 1972
1668 957 414
1300 166 166
1777 1197 1935
1547 799 1857
1885 1373 428
1545 948 307
516 283 1933
869 340 1275
1704 510 1638
910 100 1152
1073 263 657
525 104 1362
1682 928 1804
1733 198 1474
1970 1800 844
1795 206 411
1569 126 771
1477 339 329
1127 28 261
989 852 1025
1685 676 1886
989 562 1516
1603 510 1764
989 548 650
642 609 261
1883 1087 944
1943 258 1571
1340 922 1818
1744 237 1060
1570 1179 625
1884 1561 1034
1408 840 736
1596 1487 363
1864 1173 1033
1808 1302 1319
1828 250 307
1907 1252 217
1505 903 691
1186 92 1834
1397 942 1588
1303 76 3
1144 165 1030
967 359 667
1847 1243 939
928 111 1479
1091 639 94
1456 636 222
1639 1389 439
1625 985 1035
1470 727 908
1429 400 919
988 774 113
382 247 1273
1334 209 233
1709 1164 903
1654 1422 168
1970 1405 298
1840 1717 564
1065 197 1682
1984 1135 713
1972 1948 315
1860 1854 1498
1061 338 1979
654 146 1828
1201 1000 1192
1503 759 210
1194 778 1059
1705 759 540
1597 393 1807
1454 1069 1405
1979 1116 945
1611 142 406
1913 1447 504
1636 1430 798
1196 487 1593
250 214 624
530 109 1102
1898 57 111
979 198 385
1953 306 512
570 276 502
1018 500 1149
1883 1533 1226
1022 808 1771
1266 621 497
1883 1110 1728
1826 165 399
1874 321 82
1708 744 582
370 308 764
992 857 1008
1840 1500 1843
1379 295 1254
1293 848 1168
1287 1040 1027
1302 938 1226
309 146 18
1872 1483 212
649 516 1526
818 174 540
1460 273 848
1558 1224 362
1755 698 1252
820 205 849
1450 202 883
1848 940 1447
1998 1464 1695
274 96 17
1839 1287 1132
1223 110 1675
527 72 783
1481 675 682
857 714 1891
1989 1378 856
1198 71 1877
1210 1157 1953
790 24 1812
1894 139 750
1622 1092 223
1973 1409 557
356 349 1019
864 369 82
152 66 571
1803 1148 1888
404 108 893
1955 1222 1127
1253 1238 1988
1544 1460 360
1288 1072 1689
1445 131 299
1516 374 746
1148 575 745
1801 211 1117
1013 192 702
1427 803 469
1037 445 1600
690 277 789
913 193 1762
1811 1487 765
1634 711 834
1828 643 1945
850 745 599
968 718 534
231 193 1177
1618 1434 251
1153 684 1406
1969 1911 645
1969 1797 1397
529 461 1075
614 215 1591
399 21 1891
1637 1498 709
1136 724 140
1943 254 832
1278 412 1870
1874 724 1666
1220 585 390
752 438 1117
1794 955 1525
277 36 1250
1878 855 1643
1510 129 701
695 624 1715
1880 1242 998
1335 167 137
1431 1169 547
1968 526 1698
1765 1698 1741
1433 1134 1539
1682 1299 1874
1075 534 818
1405 484 230
1998 1111 1665
920 390 1100
1280 386 311
1084 111 735
705 677 1059
1406 1048 461
1494 397 4
505 49 673
1584 1486 1912
1639 1134 555
1914 1143 532
1431 1131 1987
929 867 1467
1322 1024 199
1617 599 102
1101 749 1329
1604 381 748
579 73 565
1123 412 800
818 375 1274
1272 355 935
1721 932 1309
1873 1604 1720
1038 708 899
1508 779 739
1629 698 228
879 122 562
630 160 707
1718 704 506
1385 226 1443
1813 1 1227
1527 1215 318
1216 809 1662
1723 624 181
1940 358 1383
1516 296 1873
1185 1006 159
1420 950 2000
724 576 1543
1334 1012 1977
741 460 509
1521 1136 1496
1879 1521 838
667 166 667
986 636 1939
1929 1338 1936
1189 115 1623
1801 1696 42
959 585 651
335 44 312
1459 1403 1679
1800 1106 349
1615 1158 1784
1366 1045 1816
1102 103 730
1762 753 175
1521 269 1455
1846 1663 330
1931 1054 305
1853 1255 590
1572 626 1681
1833 886 162
1199 239 1329
1223 908 1011
1367 1080 839
1779 245 35
1582 488 1934
282 271 231
1411 429 1368
631 64 1579
1631 720 848
1712 1067 1283
1979 1739 139
1802 908 1264
1417 599 1273
1569 935 1964
1085 318 481
1410 1007 1671
1281 1201 1628
1723 718 436
1850 979 1535
1597 1448 276
1912 282 1401
1106 733 203
436 80 601
1528 1002 276
981 90 1909
1173 1015 1014
1534 908 906
1251 1062 189
444 324 532
1317 1228 13
1618 989 596
1177 765 611
1492 325 32
1092 952 514
1453 668 509
1534 1098 1192
1885 611 1086
1957 866 590
1701 438 794
556 390 690
1311 1145 1225
939 203 156
1913 1262 1388
1260 907 1991
1947 1664 781
1156 394 1502
1898 1207 1937
835 288 284
1472 871 96
1318 1033 1787
1647 912 1019
1645 525 1994
1480 726 1925
1813 1430 1324
1812 1065 983
1319 355 706
1225 888 1473
1622 87 974
1251 610 1320
1777 211 704
1671 988 1198
1755 48 1407
1293 32 495
1712 1334 397
1855 1833 1023
1563 902 323
1277 1149 788
1467 1010 969
1346 947 1438
1284 1154 107
503 195 764
753 198 1370
584 80 868
906 531 760
892 727 45
1318 65 324
1834 1216 910
1828 1367 1922
205 29 1296
1882 822 1749
515 297 47
621 149 262
1119 579 1967
1378 217 1049
887 800 281
1940 125 840
1873 1496 289
1445 1045 1475
1800 1148 1469
735 556 680
187 56 895
1589 1436 1843
1151 901 1534
1714 544 601
850 549 1915
1821 1697 331
1408 1195 1433
1756 1283 1874
1897 1424 861
1477 177 1420
1481 1422 281
736 152 458
1615 988 1119
437 259 330
724 591 1964
1468 316 1362
702 383 541
1402 414 1440
710 223 100
1387 206 191
800 370 728
1814 482 1847
757 464 856
1328 568 65
1478 719 1670
1857 694 1171
1452 398 1728
1933 1876 826
768 420 1242
1087 440 645
1809 1303 321
856 152 626
1356 645 552
1431 263 1139
1467 1325 1400
1918 1890 1125
829 549 1912
1762 617 305
1590 792 1058
1649 1418 1625
1646 532 1250
1542 680 1337
1024 702 838
657 289 880
1594 1400 1124
1935 155 1339
1407 1300 597
303 262 1067
879 428 1963
1646 669 163
1378 882 1836
942 332 1374
1269 1251 910
1922 1630 130
1555 1319 301
1644 695 1365
1417 759 83
1643 1009 1449
1373 807 1790
1454 761 6
1945 259 1065
1425 419 77
521 249 288
1173 783 692
1552 529 1115
1490 800 1249
1991 1872 907
1279 619 926
136 52 478
902 696 757
894 311 265
1274 876 1809
681 399 748
1307 658 1903
974 858 309
598 400 154
1706 67 1006
649 453 1932
962 106 1900
1780 329 540
1920 1807 1625
1926 911 35
1607 1248 1574
1077 841 1238
1738 620 1610
1936 1360 1356
857 180 1833
1476 661 1917
1850 1629 1160
1659 703 40
1309 1048 1173
1024 17 172
1969 1883 660
1138 971 1592
1465 1060 1808
1429 1351 148
1851 1039 1005
1806 1037 1586
1434 547 1136
1770 706 929
577 175 376
1116 449 1033
1813 1791 1852
1099 381 1041
1636 956 1202
1595 318 1350
1246 876 182
664 478 1545
701 649 651
1735 1100 1922
1844 1498 386
1182 929 650
1760 940 1816
1644 747 1570
1921 1259 1221
1974 1532 1086
1833 207 1987
1694 540 989
1480 611 1826
1170 655 486
1813 1140 1223
1825 1471 275
1540 615 1683
1683 917 1548
1354 735 831
520 157 846
1274 794 1236
1098 800 1318
1148 908 1251
1485 1210 696
704 486 784
1467 1384 226
1032 734 1482
1701 1182 1384
1356 643 963
1909 210 925
1326 350 378
1051 81 29
852 545 480
1811 1110 593
533 412 38
196 147 485
651 261 1621
1875 1662 1719
1025 436 141
1534 86 966
927 43 193
1593 239 1226
761 355 1717
1915 1574 1816
1829 714 118
1419 907 856
1581 957 730
383 58 1760
1634 202 1222
1702 1666 997
1940 1659 1095
1568 1162 1707
871 592 673
1516 1334 308
1574 784 1337
1895 1081 305
1380 1053 1565
1947 568 1735
1612 1056 563
1435 942 1564
933 429 771
614 356 1306
1509 263 1429
1277 793 38
1689 396 870
1164 582 1633
958 679 295
599 165 1387
198 119 707
1799 377 567
372 259 617
976 966 644
1538 1256 226
1354 534 812
1840 1725 1940
1437 261 16
1883 1652 162
270 2 1523
1984 1833 310
388 46 1519
1289 130 1149
1260 966 60
1427 310 33
1733 1120 643
1518 894 1294
1253 738 904
1166 848 777
1056 492 1731
958 492 778
1141 327 1631
730 31 1351
1898 1166 1282
665 343 1566
1869 306 808
1433 620 1651
1387 366 1331
1820 1646 1276
1576 222 240
851 231 1875
1874 581 1104
1842 1733 843
1467 121 1567
729 472 1814
1795 899 993
891 517 972
564 314 1710
1835 1130 839
1389 764 800
1854 239 1703
1553 736 774
1496 817 1082
776 576 1855
1463 924 613
1986 449 690
1636 1631 1929
1681 1473 901
361 319 952
1435 863 430
1791 1448 1703
826 263 1083
1831 1032 1142
879 470 1674
686 68 244
534 238 1952
1234 1039 1683
907 768 1341
1798 1502 1685
1021 54 1451
1934 143 1778
1591 1067 183
1056 1005 1670
1497 242 103
1412 873 961
1720 1701 341
959 397 1188
381 357 465
1605 1056 963
1220 1219 762
908 518 577
1983 1090 1020
986 649 1026
1192 306 700
1640 1408 547
1018 914 1756
1199 274 944
1359 468 1798
1758 321 433
1441 456 1437
297 17 1390
1919 574 147
1554 691 1705
1302 1003 335
1425 695 1698
1958 1330 1564
1670 72 433
1211 140 1556
1753 859 793
1804 1232 949
1000 634 1822
1929 627 421
1771 1507 124
1063 69 1008
638 324 1028
1567 1468 271
1836 1587 1305
1925 277 1463
1457 328 889
740 191 487
1522 1445 1692
1655 1615 803
1321 1201 638
998 605 1724
1130 14 1474
1988 450 120
1297 773 1869
710 399 662
157 117 657
1991 494 982
1997 416 161
1361 264 711
415 300 109
1513 548 529
1105 562 636
956 800 27
1398 91 237
1393 183 182
1651 479 935
937 920 1044
1515 1398 264
1150 767 205
1870 548 1216
1855 1181 170
482 27 1232
1326 1095 853
509 174 1636
1561 620 439
1310 700 108
856 200 972
1586 873 248
1428 282 1692
1817 395 1726
1719 266 936
1130 685 1293
1191 68 1064
1808 1541 1654
536 418 413
1573 1318 707
1547 1379 1007
1256 359 1967
600 21 1129
1729 457 746
538 349 1159
1393 192 1357
1521 1128 805
1795 257 710
1107 573 1843
1926 1450 1842
1463 30 1994
1657 205 973
1443 1182 649
1948 1068 1154
1566 714 1448
380 88 314
1318 1167 1867
1349 328 1523
1662 339 187
1938 1716 1965
1454 312 199
1021 109 951
320 16 329
1927 523 1565
1901 664 1127
1562 205 1170
1723 856 821
1721 795 1336
1832 1077 127
525 152 791
1705 1402 465
1227 228 981
764 7 1488
576 64 11
150 130 1852
1215 157 353
1420 654 591
1528 324 1008
1461 1357 808
1930 162 1983
926 153 426
1904 1652 1416
1452 154 586
1098 377 1369
1475 1245 638
1839 773 1714
1721 99 326
1346 844 1382
1873 91 1692
1590 200 891
1086 837 580
1180 945 1369
1234 436 917
1151 1038 411
1620 1613 1354
1280 287 1694
1580 1230 821
1548 1478 1901
1424 390 1237
1747 669 353
1536 1421 1614
1749 253 1093
751 77 81
1567 538 347
1601 440 1357
1834 1045 571
1009 639 57
1906 899 1127
1745 1645 733
1959 861 556
1025 680 1342
857 541 377
1747 1060 410
871 450 1566
1474 75 481
1170 910 1855
1610 427 1159
1068 593 1876
513 238 1864
1056 597 48
1173 221 1880
1688 873 527
1601 113 983
1845 867 1648
649 130 635
1503 864 83
1993 1303 1143
1770 1336 1548
1290 1191 1822
409 399 962
1495 263 1264
1233 880 1400
597 273 1496
1618 111 735
816 282 1144
1911 1441 1657
1353 757 431
1670 403 537
1185 753 240
721 635 1225
1905 1711 1357
1009 1005 1468
1479 1190 1530
1521 1488 501
1490 136 711
1243 545 42
1340 517 320
1833 1769 247
1959 358 707
758 401 437
497 248 1823
1905 698 843
930 227 1080
1787 886 672
1325 100 1326
1647 720 723
1284 423 1520
1468 144 1884
1803 598 1923
1501 1374 1361
845 560 240
1070 485 860
1611 1120 1907
1197 711 872
1847 989 1902
1267 876 251
1260 467 772
276 65 1285
1057 5 1595
1821 793 1168
846 724 1396
983 570 615
424 419 797
839 437 202
1234 307 899
569 278 1273
425 264 1701
490 435 510
1504 1059 1579
1451 1078 907
1519 277 1000
1659 511 1999
1360 386 634
1125 525 1164
1292 561 120
1599 871 1878
770 393 1597
430 111 1936
1692 1660 1527
1107 449 1365
1007 112 1825
1504 10 339
1213 272 916
1389 109 831
256 179 1685
1733 666 838
1754 1165 1493
1665 622 1372
1466 648 1134
1999 1028 373
1458 768 1678
1898 50 1638
1927 528 39
951 265 443
1262 598 854
1550 1027 1896
1044 8 1741
435 59 1770
1776 1605 1214
1956 327 371
816 122 659
1626 624 1552
1548 1354 1982
1845 627 1008
1246 214 1306
1934 1911 1846
1911 150 981
1366 1259 1614
1928 798 1562
1383 396 1708
1305 1048 1851
1935 668 1525
1611 1345 945
1371 928 1588
1405 560 398
1193 808 1943
968 501 1904
1967 1043 906
512 174 1904
1266 1222 557
1778 1490 1296
907 659 1708
1343 471 513
1148 327 1058
457 176 1019
1486 1220 1318
1959 1128 961
1198 499 33
1059 848 1520
1702 16 291
1387 777 1396
1747 620 442
1514 418 234
1955 631 1670
1819 1363 740
1438 1282 1431
1658 537 1750
1972 1632 656
1575 796 766
1782 1227 1438
1212 418 1955
852 473 841
1457 777 157
1590 1145 1226
1625 95 759
1621 430 16
1801 1024 932
1792 1566 1082
1483 548 1600
1543 113 1379
660 455 804
645 614 1877
1253 513 736
1830 1175 1829
741 114 1028
842 777 1972
530 3 325
1955 1590 1977
1887 1133 1431
1748 66 729
1306 1022 855
1923 466 460
1721 75 1214
526 484 124
929 414 862
985 369 1965
1983 1456 127
674 662 817
1728 250 95
1923 1827 733
1634 852 280
1622 744 1720
218 115 1517
410 237 1096
830 276 1145
1693 647 152
1532 1142 10
868 762 215
1894 1059 512
1709 1429 39
840 720 1250
834 323 373
1108 935 200
1173 746 205
1896 1301 1326
1778 1417 1824
1645 760 967
1201 964 185
1682 1505 729
628 519 1979
1173 679 1746
1654 20 1158
1676 144 1513
802 315 1216
1366 260 1559
1760 695 1210
274 34 1711
1644 950 247
1904 697 786
1232 1118 536
1560 836 1228
435 212 1775
1934 220 622
415 358 610
1735 212 1139
1107 516 482
291 219 1136
395 362 897
1360 129 522
1491 92 364
543 514 1972
1851 1021 1904
1630 997 878
1981 219 281
1185 399 328
518 285 184
1744 1200 1229
1497 50 1396
1644 1480 709
1939 1139 1940
1567 1169 1873
1427 713 902
1275 295 932
1019 936 1764
1063 161 246
1781 666 1340
1032 708 300
1420 628 476
1495 1416 230
671 329 949
1028 614 738
1635 1232 1334
922 159 669
1169 811 1152
1785 125 1769
1664 876 1629
1656 465 1143
1627 460 336
1798 959 466
1587 985 1643
1183 993 1768
756 149 1200
1849 13 248
1484 838 1658
1035 527 888
1301 467 701
1937 591 1049
1667 560 858
839 336 868
808 743 1184
1743 1575 1147
330 213 1589
502 71 1364
1653 718 956
1813 1701 1680
1658 1000 225
715 52 1496
870 525 1688
1242 513 407
1105 896 503
1317 1036 846
1160 1012 1075
941 765 989
890 650 400
1789 208 920
785 680 42
124 13 438
134 116 291
250 177 788
1273 558 1205
1959 1648 1764
1793 896 570
1910 594 1642
1920 1140 176
966 863 1122
453 228 61
834 435 1169
1185 1140 1592
1995 1169 1718
382 102 401
1913 535 897
1482 1055 1675
520 66 5
1102 501 81
254 174 1385
1671 642 318
1239 215 110
1482 1389 948
1931 856 973
1904 1701 1032
464 184 1131
1069 219 807
2000 1356 418
1732 428 1932
830 699 901
1933 1564 1069
1973 1774 1301
489 309 1582
575 191 1412
1813 524 1529
1982 420 240
1281 404 1924
1429 970 782
1865 1478 99
1003 566 1212
684 245 590
1314 1166 520
713 336 1847
488 293 964
746 258 234
1548 852 1754
797 322 1379
1049 886 109
908 25 1449
1109 795 1473
468 394 1017
535 44 770
1898 511 1370
1547 609 1460
1694 1183 939
191 19 1904
1973 874 524
889 587 1866
1044 766 1311
1583 465 886
1874 351 38
1910 1265 1304
1303 165 363
1573 193 1722
1931 1169 403
1203 1042 419
435 46 485
1223 740 837
1585 1359 1946
1344 508 598
1306 925 1336
662 599 860
1350 1031 1365
305 23 1565
1191 1054 854
1717 241 1338
1908 1382 1639
592 541 1841
772 32 1699
1231 1023 220
1185 313 1856
1776 370 171
1552 134 904
1697 302 1857
808 637 1584
1870 623 694
1626 131 1391
1069 453 51
1830 412 1005
1530 972 1293
1355 911 1271
1482 1477 1193
1741 1499 1420
1198 549 83
1738 483 691
1471 931 1550
1899 1291 1917
1210 644 1855
1729 709 1647
1284 1007 1775
1522 1179 1749
1026 69 1921
1531 783 929
1275 1204 1583
1871 425 1737
919 307 766
1997 1689 1519
1812 1777 467
710 414 1488
1433 1391 812
918 610 869
955 77 22
1391 369 1753
1858 1579 1145
1302 1136 667
1835 1758 1162
938 480 1321
365 331 1200
1328 188 472
1243 465 652
1651 989 556
1919 1367 765
1273 509 1237
299 150 1002
1677 127 1176
523 40 1362
399 123 1642
1353 1126 1600
1882 894 504
1610 217 1286
1805 593 490
1993 191 1625
1634 400 120
758 188 186
1156 988 1495
606 539 1257
1855 1821 917
1899 1714 220
1397 486 1401
1782 1217 1509
1521 103 1109
1932 14 1735
1253 346 1420
1674 956 601
680 107 1078
1650 978 1966
1360 331 251
514 341 534
1523 1266 1774
683 406 59
1917 96 141
1781 1287 396
1668 343 319
1211 556 1198
734 659 801
1308 830 484
1997 1253 259
395 30 297
660 255 1526
749 484 1508
1934 853 1861
793 214 428
1355 133 392
887 623 1241
904 554 1570
970 380 631
1053 571 1029
856 634 1583
754 418 1649
1630 1333 1052
413 324 1658
1679 918 209
1910 1472 319
1958 1443 1852
1875 1716 468
802 165 587
1072 384 702
1736 1092 622
1948 1417 1507
1582 342 771
1244 204 996
1821 181 1418
1063 86 978
1908 1022 598
1717 524 124
1114 826 916
1352 811 1467
488 234 1570
620 405 557
837 350 1204
810 108 546
1634 972 1590
1130 329 750
1507 94 1631
755 113 490
1289 47 842
1448 265 1958
1835 1275 414
973 231 1013
1342 334 868
1750 750 1238
1727 1349 1366
1631 264 1021
1110 183 186
1421 864 790
1615 764 1481
1463 257 597
1801 1321 1415
1538 72 1530
486 182 191
1999 776 1353
1875 195 1550
567 528 427
1800 399 1883
1519 1057 1423
1799 931 1806
1544 483 12
1294 838 504
725 722 1598
556 381 172
1387 1189 1409
1478 1299 1
1641 609 477
1739 1526 1879
1626 1494 316
1022 90 154
1777 1408 1668
849 474 115
1745 402 1469
1514 752 405
1825 1189 128
1916 804 233
1646 299 1670
1440 571 1296
1536 69 839
1499 71 989
1609 365 379
1677 473 491
347 214 945
1345 138 1656
1579 1341 357
824 692 1816
139 137 1834
1289 793 677
1615 1312 1293
1458 1428 263
1533 1049 458
1248 896 535
835 344 1291
1985 633 1982
1559 930 970
1655 30 222
1447 600 1841
1819 874 188
656 184 1249
410 16 1744
1076 791 306
1167 1112 858
1277 1177 1947
540 485 1961
1385 843 1025
1217 526 1129
1475 420 1648
1207 637 1741
735 671 1656
1641 1552 1627
1889 910 1510
1979 1578 357
1161 888 1253
1359 1134 863
1690 738 1041
1036 904 100
1239 482 1668
1557 223 611
874 823 1036
1954 740 541
1815 1638 1716
1093 330 1858
1860 1758 1014
1518 1003 36
1377 373 1171
422 233 529
1238 560 1607
1936 1821 59
1358 450 897
1403 950 1640
1762 1723 717
1901 569 1905
1741 753 676
1056 208 1597
1607 22 1946
1920 964 1233
697 230 464
1896 986 36
1969 1596 1934
512 229 207
1389 1006 1576
1383 702 859
675 627 535
1867 1614 1180
1610 1009 1054
1464 462 856
1830 85 282
1456 139 373
341 319 64
1032 622 1673
1839 1049 871
1177 934 1646
1590 90 774
846 176 1868
1719 467 1526
670 250 1185
1707 457 178
1258 542 1947
1943 574 690
697 124 1881
1145 375 292
1316 1068 543
1609 1370 1155
1824 652 1363
1059 106 1092
1370 1061 1615
1827 518 82
1575 443 1290
1519 1114 146
1736 258 1137
1616 404 529
1256 526 97
1346 587 1396
287 150 602
1365 1330 1094
838 332 1047
956 105 1396
1811 6 928
1935 549 247
937 910 188
1201 1132 1836
1774 1208 787
1322 840 931
1636 1072 59
1536 1454 665
1757 743 768
1496 204 434
1515 1093 1298
1575 66 700
1066 657 1817
436 75 105
1276 341 1917
1837 129 366
1857 154 1205
1098 199 620
1420 911 1039
1401 352 1973
1699 760 707
452 146 1589
1868 1446 1824
79 66 272
1810 334 665
520 102 837
689 100 217
1608 850 798
1327 795 928
1251 964 654
491 85 261
1677 709 814
1717 1659 1073
930 876 721
1922 394 949
1145 1039 1181
1820 1112 1405
1522 1514 1721
1879 309 617
1287 696 455
1844 1795 668
1479 374 1613
1513 1308 1121
1053 2 1972
667 629 306
430 279 676
1282 380 1175
1878 875 219
1893 1123 1453
929 18 1210
1135 299 510
1100 43 1937
1553 809 1705
441 147 1479
1794 621 1665
1248 984 1937
793 515 649
1777 1507 756
646 264 1146
760 118 783
1675 1048 246
667 333 497
646 624 973
1563 524 1230
1030 133 1189
1266 471 405
482 240 292
1713 884 1926
1621 1050 1652
1538 1381 536
1748 539 1124
1802 53 1835
1173 230 493
1124 743 1843
930 358 500
617 122 1893
688 103 1719
1789 851 857
1983 1506 1652
849 717 876
1850 1048 1002
1924 1857 1588
1180 990 610
1503 1270 345
1487 1230 195
1972 1343 1400
745 587 1870
1857 1597 825
1729 1598 1076
634 35 1925
1731 1044 1473
1910 1648 1745
1458 245 1548
1814 7 401
1833 1396 8
1378 12 1259
1423 472 979
1700 1183 224
1644 737 1887
931 701 1597
1307 686 742
1873 423 790
1985 297 1132
1628 1466 1501
1706 277 930
1299 62 1053
1500 480 1354
987 572 1354
510 484 1619
1964 590 450
1534 1019 1159
1275 1237 754
1412 2 766
555 76 1818
1063 927 831
1812 1571 909
957 878 202
1707 1702 1736
1809 611 746
1006 641 832
966 102 1774
1153 799 1629
508 297 1013
1865 651 369
1805 701 546
736 591 1435
1450 879 503
1502 407 1555
895 383 165
62 12 1030
871 844 1108
1502 980 49
102 3 299
946 393 476
1469 1163 492
1015 228 1443
1795 1611 1259
1718 1144 739
1573 1539 949
1749 595 1666
1556 1112 597
1838 1435 428
1601 808 333
1481 970 1371
1999 1418 998
467 74 1023
1764 1625 1334
777 567 1734
1284 1136 295
999 790 1133
1719 430 1818
1483 683 95
1713 423 1301
807 535 530
732 21 595
1449 279 1009
618 256 1890
1466 1031 540
660 563 127
1578 1280 7
1784 329 246
1694 916 463
1274 751 552
1329 141 1239
1921 557 631
862 472 225
707 597 539
1898 488 1953
1656 302 578
1075 962 288
1430 1045 787
508 499 1365
1262 268 836
1288 1190 972
1422 876 1880
884 292 1408
1121 343 202
1768 959 333
1245 488 1665
1185 113 659
280 243 136
1519 627 1575
1485 791 140
272 269 1084
1404 404 942
1306 368 818
1900 61 232
1240 361 873
1652 229 1569
1970 582 1185
1945 1761 1083
1899 1564 799
1663 410 1496
491 139 1200
1432 986 1033
1430 1102 761
898 854 1339
1465 828 1126
1668 39 486
1722 548 845
1415 258 844
1546 208 1226
865 181 1691
899 88 1276
1186 1170 350
637 475 1479
659 15 1811
804 206 992
1644 1634 115
1731 651 1018
982 386 342
1675 1130 416
840 491 1
1513 564 257
1397 1081 148
689 673 160
656 197 1796
973 770 1803
1696 499 955
1734 451 1610
1612 387 459
1679 235 1131
1412 713 1976
992 493 1247
1753 653 114
1395 1129 1423
1937 1088 1041
1535 1323 1081
1960 1873 944
1445 890 877
1741 455 314
358 124 1178
813 397 310
1019 190 929
1798 1747 1659
1451 819 737
433 64 277
1690 1616 542
634 200 1458
1622 225 1595
1382 25 687
1546 274 172
1717 759 1880
890 63 1814
1647 1384 250
1920 723 926
1796 376 458
1956 525 1611
1792 1061 832
874 146 635
667 414 1645
1681 347 1502
887 409 421
549 338 355
672 37 213
1333 906 958
1361 1279 567
1096 815 1739
1918 1560 456
1240 598 1852
1502 946 1423
1723 189 1600
1374 1301 1303
840 682 1624
1249 303 23
1741 709 1216
1700 1105 321
1370 1117 480
1799 940 1347
1170 11 860
1062 877 687
1861 591 1165
1172 99 93
1007 260 96
381 115 1646
1890 1485 1832
1874 435 160
1554 702 1256
581 270 20
1089 592 1775
1362 954 1809
781 366 434
557 445 534
1485 762 488
1585 257 1629
1086 818 1914
641 213 1557
1847 944 923
1835 1206 1279
1888 461 884
734 31 729
919 208 1823
1091 666 1643
1355 950 1957
1653 871 174
1618 1528 1701
372 18 1899
1515 1364 1498
214 90 586
1618 940 290
1840 1127 734
1705 572 235
1791 756 296
1254 163 1332
1822 370 1087
1172 441 858
1372 662 1435
1958 1485 1197
778 41 1234
531 431 30
1142 1002 790
485 65 1591
1504 674 1069
1497 861 1397
1707 1543 1762
1014 681 1571
1939 1846 563
1076 360 211
1736 297 973
1367 790 536
1311 441 232
573 466 1388
1572 609 311
1471 111 467
1522 1520 1685
1560 1112 553
1858 726 1870
1391 980 1159
726 378 242
1903 965 1848
784 264 123
1709 1560 925
875 572 1952
1762 349 1408
696 378 1336
713 481 76
1948 735 1903
1868 1005 769
1744 1555 1582
1330 1085 963
1845 1481 870
1557 268 1931
1004 817 1315
1717 33 1458
1970 1517 1526
1753 1132 840
1757 692 1804
1994 597 1426
1395 975 1158
1382 454 288
1940 921 1018
1539 1359 1174
1157 6 1556
1095 888 918
1317 140 1978
1346 1211 1504
1719 921 1774
225 166 1046
1541 866 23
1896 143 383
1355 1260 682
1338 161 412
1534 1271 1077
1418 260 647
1074 791 643
1373 897 434
369 114 627
823 663 1458
1963 891 1844
1708 1501 221
1695 852 969
1846 1025 901
706 170 635
1661 1221 103
1569 942 1009
1020 896 1605
1997 121 131
554 178 429
1433 407 55
598 537 1754
933 590 1578
1698 833 1977
1729 126 581
1320 289 1104
1986 395 152
1245 673 1881
524 335 34
1996 1644 1933
545 144 1356
1699 817 570
890 440 864
897 134 188
1985 72 1043
1516 213 1105
1016 643 397
978 327 1334
1913 227 313
1794 1134 21
629 354 1969
1655 664 1241
1585 444 672
1526 500 1313
1903 1808 709
1456 1324 867
1216 758 1731
689 295 1883
1774 361 1827
1237 703 1798
1918 656 1455
557 546 18
1035 835 1196
1562 492 1370
488 135 1975
1208 800 635
1568 519 1961
1708 1491 1303
1916 927 1008
1819 1793 948
1155 203 1195
1673 1288 1382
1232 39 674
1690 352 1039
1661 1550 930
1050 537 1815
1394 1032 1679
1760 639 1923
1868 1546 1995
708 531 1532
919 598 952
1190 76 1169
1167 1063 1625
1280 1144 381
1365 1196 746
959 551 1220
1204 892 451
1540 1051 570
1935 206 301
1853 1787 1276
1344 1236 1103
1819 938 1206
980 654 625
763 354 792
1791 593 1314
1929 478 215
1668 654 1081
1665 1308 1379
591 231 563
1061 1007 737
679 344 1434
142 11 622
1733 1546 961
1584 1263 1080
1121 1094 1026
1587 323 432
1021 301 1811
1444 274 1764
1729 1534 95
1834 955 677
1794 1471 945
1998 655 1608
1597 183 391
1445 143 358
1194 837 849
1641 523 1058
1752 1369 1824
409 359 1554
1553 473 938
1662 162 367
693 670 752
1998 317 364
1800 428 123
692 566 1839
716 488 1345
1349 572 330
1482 252 693
710 685 1901
1535 1533 1268
423 297 776
1168 1151 1434
855 111 1980
1692 218 41
840 590 1669
1292 812 850
1989 1813 997
1709 1089 1885
615 310 1104
1219 354 547
1141 591 1398
838 180 1494
1436 919 234
786 520 930
1493 658 65
1553 783 796
518 319 1084
830 331 1147
616 121 1067
1614 868 1090
1489 734 1840
1699 1608 834
1472 963 875
1149 566 981
1751 1177 723
1557 1499 851
981 954 360
975 547 1550
848 13 1886
1972 389 932
1659 1241 1638
1137 141 856
1491 137 110
1949 141 1817
1385 1189 1747
1592 808 1608
328 249 342
720 199 123
1699 1545 1108
1964 720 1920
826 577 402
1902 490 1398
701 36 55
910 132 1184
729 393 1702
911 506 660
1529 61 674
1064 783 1597
1734 1240 335
732 369 213
1849 1278 186
1995 1677 1937
1369 726 149
598 192 1449
1568 79 997
960 179 467
1803 536 356
1769 1506 1827
883 50 1060
959 69 1485
687 238 1862
1728 1657 89
1918 1492 722
1409 234 1120
1911 594 91
1083 904 1215
1599 1342 1648
960 666 1899
1506 517 1908
1812 369 1540
1456 1166 364
1777 1334 60
1436 915 1760
1669 718 486
1909 197 312
874 760 1939
1452 864 1936
1962 1500 1842
1952 1840 1905
1007 226 1001
1918 1608 1366
1197 1002 1900
998 481 1603
1228 1041 664
1236 1131 1758
1772 1663 1849
1269 76 875
305 131 493
1256 268 1832
1124 1001 488
1672 1214 352
1027 248 1892
1497 535 666
1067 999 273
555 530 1996
1918 626 1458
1581 1476 1339
469 363 827
1908 1487 134
1163 334 1523
1349 765 1372
746 310 203
842 712 1636
1679 1536 1707
1402 462 1489
1923 1408 598
1527 821 975
1102 354 1714
1764 881 1806
1362 213 923
1107 739 9
1872 1005 720
1539 1450 772
112 60 797
1887 44 1675
1594 636 1207
1452 7 1079
1937 806 341
1823 916 55
289 45 1590
1847 688 1533
1426 71 61
877 249 1195
936 229 848
895 703 1920
1140 768 1770
758 722 1696
1172 672 1894
419 394 1065
1593 414 1611
1728 1484 286
1208 253 886
1969 1577 1586
1565 1391 1434
1746 1686 1490
1955 1483 129
821 187 449
337 113 1300
1871 523 835
1706 782 1013
1586 1221 267
1998 874 1620
1906 1664 1907
1507 1488 1450
1514 63 1277
1449 635 1624
528 11 1819
824 345 835
1039 9 304
915 430 1287
964 343 587
1627 725 634
1534 1047 1875
1902 883 1791
1507 1436 820
1956 1100 1461
665 642 1253
1849 762 1071
1333 9 816
1756 756 574
1701 55 184
1474 1120 55
1688 1083 1522
1303 972 228
410 50 784
1745 771 1056
1118 14 1430
1636 1136 751
1383 130 585
1768 1035 1163
1755 1615 308
1081 812 1673
1851 599 587
826 452 72
1768 1448 1604
1635 1410 768
1430 550 42
1700 1035 371
1884 227 1004
1973 392 1770
1947 1013 959
1938 1741 913
1034 627 565
1550 732 1100
1935 581 1520
884 57 1563
1526 1450 1172
814 749 510
1213 1132 1835
1707 591 1356
1055 465 1546
1268 525 695
1188 1038 990
1842 53 1988
1506 81 588
895 446 1263
1408 35 1907
1205 171 528
1961 323 314
1443 1279 1190
948 461 111
1260 318 1500
967 109 177
1755 1581 222
1550 27 1386
674 455 1768
1487 961 1472
992 599 1296
398 377 700
1154 782 431
1592 369 38
1323 847 342
1617 1266 1747
1249 594 1089
1173 1035 1090
1786 1233 812
1409 521 826
1763 48 377
1730 632 1038
1311 798 728
1409 1127 902
1903 906 440
1714 456 1360
1821 1382 478
695 569 1503
667 100 857
1702 1112 1416
1716 1321 967
1828 1652 1304
1107 1082 1069
1978 175 1178
1922 241 1373
1311 247 1068
1680 27 588
1711 213 1887
1362 1050 1260
1147 623 511
1941 804 1978
1979 1407 120
439 354 1402
519 153 884
1804 126 63
1459 518 771
1106 685 971
1212 1053 1275
1204 440 1085
1157 1149 843
1858 208 526
1508 1321 162
1302 196 723
859 33 1568
1900 169 1403
1766 72 1460
1156 843 875
1982 827 238
1961 1571 176
1874 407 1807
692 136 255
785 462 755
1461 1413 965
505 304 1571
1704 354 926
1661 1594 1762
377 46 116
1855 1087 1649
1400 774 1222
1865 304 1869
1931 538 780
1881 693 1871
1700 499 1440
1257 322 857
903 70 405
1436 1253 140
1567 364 1402
1117 860 1306
1934 462 1851
1835 1503 578
934 579 1172
1903 830 960
767 422 897
1949 1673 89
1614 306 203
1704 234 1420
1703 622 816
1182 330 460
1683 27 1891
940 173 1484
1966 269 121
1917 1083 1043
1591 960 1031
1135 457 37
1692 445 1642
1371 385 250
1111 673 734
918 724 832
1977 1883 531
1465 978 690
1655 470 927
1709 431 1003
1781 516 893
1467 603 1046
1834 1585 525
1783 807 1154
1590 1066 863
1624 55 1887
1631 1339 1572
1942 1605 1528
1948
1992
509
910
1692
556
1246
302
1916
130
1768
613
1706
1877
1013
327
550
743
1874
531
1296
1037
1767
604
1515
1726
660
768
1907
598
1268
1442
1855
855
1467
896
228
444
1316
344
1864
909
943
1155
1962
239
1114
1816
346
775
1429
142
545
1527
426
1500
498
605
753
1315
1881
538
547
1330
1532
1903
368
1000
453
1635
288
534
383
1749
885
306
31
1014
1164
1136
1033
575
1995
513
1631
1847
15
1778
949
1066
1263
1300
208
966
1536
717
201
938
472
1573
680
84
1102
10
1689
1483
1841
670
1664
1579
1256
1323
1115
1529
56
562
1646
1134
1089
210
961
496
1728
1187
1763
1690
633
247
504
330
985
1541
1910
635
683
1364
98
51
823
1274
1959
1273
1333
1045
1480
1964
1435
153
1434
519
1308
1454
1307
1947
1856
287
794
1810
1445
1121
1313
1819
278
1920
630
1708
1982
790
138
354
952
977
437
1691
1640
742
280
1320
723
798
1710
1576
175
814
1188
1393
1284
170
1506
1633
1671
463
1426
546
1496
1771
870
244
1766
194
66
419
863
685
1196
1075
1412
755
903
1287
1303
914
129
840
1612
260
207
222
1262
1583
653
55
1833
125
939
1111
1372
308
946
5
606
1915
1648
1967
1663
1996
416
1530
1815
232
1088
501
1709
1844
141
697
1843
163
722
1613
1400
1963
380
865
233
373
1062
911
955
748
331
1349
1563
927
1408
1985
1603
196
1430
1470
1193
831
1715
558
1211
1776
973
38
400
986
76
180
1716
417
78
1067
48
1054
1079
810
1813
576
1659
225
21
4
989
1786
1288
1976
1501
1971
1397
1133
537
151
802
1908
1020
1391
266
1901
1738
62
289
638
1474
756
382
1533
780
136
384
1025
891
1565
234
1581
1528
1189
1927
1428
864
552
226
381
1937
1018
1265
1832
36
372
1264
714
1596
1651
3
1170
1585
1339
1924
822
476
667
172
230
883
64
1681
92
502
1441
1618
1641
1116
1604
166
73
684
1476
665
79
243
873
689
94
776
1422
1348
1526
1968
1046
428
869
535
1670
1564
395
365
671
1328
1614
1249
602
1905
1943
1310
211
378
181
246
332
960
1652
1384
1283
199
640
643
569
297
215
720
1570
1928
816
471
922
629
1358
1216
1399
1888
1015
1031
1797
318
1714
469
644
836
997
425
1035
1122
871
1006
777
648
253
1945
115
668
269
1336
1811
712
364
993
1235
924
1072
1620
508
1334
767
447
937
1231
127
1213
542
1205
399
917
1167
1093
749
12
1449
745
1799
1886
1932
1623
851
1071
1199
1452
17
1091
675
543
1030
523
342
746
1578
120
322
563
1539
1453
1588
1123
1984
1978
241
1276
953
220
1930
202
898
240
843
1404
409
111
186
945
875
672
1413
1840
216
622
839
1823
267
1973
1049
1019
442
1960
421
658
650
1416
806
699
1773
974
489
277
1359
1016
1174
67
905
736
43
636
1165
1748
96
1952
1590
1703
1101
1568
1723
14
1872
422
1680
920
724
1599
1936
1040
491
1805
662
594
1297
1628
398
1097
1983
317
242
1739
1753
338
1741
626
1999
1929
1900
161
440
936
335
906
1166
235
1794
1695
1699
1510
307
1750
1552
218
1406
1787
1665
1912
23
406
1668
1562
711
177
1251
1598
1566
679
1545
1462
1889
1329
1129
1227
1980
859
217
1042
1212
1822
1219
1747
1281
1848
1744
1902
1390
1538
90
61
872
1388
827
979
1897
1658
1868
49
107
221
813
1824
1168
1649
1627
1351
263
7
468
1724
808
1977
1206
721
1179
374
1029
135
1922
1558
1159
1459
1340
140
1507
283
443
616
862
772
1600
688
118
1863
1294
1931
618
1719
972
95
1417
445
1975
1584
1809
157
1010
1178
1806
316
1759
1214
641
433
1836
1732
387
1865
448
474
1410
1448
1677
183
1884
1790
962
747
254
1064
1277
1569
1678
1082
956
734
1221
612
888
1556
1200
1471
431
1524
44
1731
11
303
257
146
525
774
325
69
1421
628
457
45
259
698
477
1567
408
1095
848
1808
769
1829
46
1203
619
377
295
117
1911
110
1161
634
293
1353
1241
1008
24
1821
1735
358
1933
1958
828
300
659
1461
995
1146
1666
1144
1275
361
314
1653
1887
1713
1712
301
1520
1543
861
1252
1245
1344
499
1820
1218
511
1360
1939
158
725
126
1373
1024
1636
155
733
255
830
1904
1163
1153
1611
1754
109
1056
1913
333
1361
1023
1531
567
1302
904
1128
1616
1869
1629
1685
707
912
1041
1923
1523
669
1151
1704
702
1490
1502
173
965
59
1389
1466
1489
370
22
1694
510
880
149
1736
271
411
771
925
91
1542
799
935
1017
1150
248
2000
957
1261
686
292
826
551
976
1005
414
1553
796
1788
645
758
237
663
63
770
1469
1443
189
999
1606
580
762
193
1290
623
1548
236
1077
124
1052
984
214
1354
1838
1758
1346
1341
1944
1292
1875
1966
413
579
958
1621
1647
833
969
1862
1065
1377
1672
1367
1746
1491
1327
1686
1761
849
251
1026
591
1624
1260
1147
1382
682
1796
850
270
1280
121
1450
1676
389
1458
1525
32
458
1835
764
1514
1858
646
1229
294
1386
664
1498
560
462
1232
320
1094
573
1693
1682
467
1104
574
238
1387
113
1239
281
1267
940
838
540
964
980
526
561
1673
1894
1853
386
673
1086
1696
992
1642
197
174
1770
1850
1207
405
1785
1053
975
783
452
252
71
1477
1775
1837
26
397
1228
718
1440
998
434
1705
439
1974
1269
353
902
615
410
1305
787
1925
1882
991
1076
1801
1795
436
773
1743
179
1804
1378
947
1935
846
6
1002
1697
913
261
1549
892
649
1098
1003
1362
1831
290
16
807
190
1547
1956
1896
1402
503
77
1230
33
803
763
778
1582
1137
285
1125
1504
279
1411
1972
1727
554
85
596
901
1883
987
1772
1148
779
832
116
1637
441
286
1379
585
785
1485
1370
678
1304
144
1479
1027
1113
1560
603
213
1607
1994
1455
1021
926
568
750
147
1769
1078
178
449
1238
1825
104
676
570
1544
1424
611
375
1432
450
446
817
837
481
804
204
1961
1
39
1234
1990
223
1871
882
224
791
1321
1337
1986
1149
89
1688
388
430
385
145
637
1043
1619
1090
1318
691
1331
1870
326
490
379
858
1511
392
729
1661
171
176
1737
360
609
978
548
1236
744
1595
1374
1899
761
564
789
1176
610
1368
740
821
298
1447
1409
1182
1420
1597
617
132
1423
340
586
1414
1550
53
88
299
1011
1650
87
1431
309
1180
1518
1860
103
1312
74
313
1617
1988
1798
854
1472
1657
566
1096
781
1335
1181
692
1255
339
651
1291
1782
9
959
539
1791
899
310
249
824
666
123
8
1022
728
128
321
420
874
1100
1380
1830
1061
478
494
470
1319
396
131
589
928
536
167
878
133
517
1793
661
841
203
600
57
319
1751
1698
1993
137
402
1938
1418
376
751
1667
715
996
1295
1233
1572
1834
1577
639
577
187
274
168
484
820
70
1438
933
1401
1058
741
1861
1802
102
730
1522
1594
1989
1258
929
532
657
250
1919
1521
35
1009
329
1876
1396
1282
990
1381
1895
185
735
1142
1828
1493
1342
705
1110
52
1551
160
516
1278
908
1846
1981
757
1540
83
786
192
1112
1271
29
1495
464
152
625
500
1376
852
1118
256
394
159
198
28
150
584
867
627
54
921
1192
1857
1257
793
1250
1484
1073
581
1405
842
893
1184
1156
258
1839
578
1446
738
1103
588
524
1879
706
1537
114
40
1158
352
1225
1638
486
1464
1951
1081
112
1244
1497
323
58
1873
212
1237
704
296
1106
1085
143
1242
1248
1217
1503
27
695
1701
981
595
1108
1135
1605
512
1099
348
1047
362
1898
1827
164
1190
1301
1867
593
601
1734
1395
1371
93
1317
1131
1587
541
866
1069
1001
1138
655
1425
1783
427
1513
41
782
1468
1505
1639
1998
291
1456
754
2
459
652
475
1068
272
345
994
412
930
1105
275
1711
647
493
1201
169
1197
1253
401
1807
1427
165
620
1718
677
1044
1345
1979
1293
1742
1226
1415
559
312
81
72
587
209
1609
1679
1171
1172
1817
1662
1160
1987
614
1436
334
954
1034
797
282
347
860
264
555
739
1760
710
1463
206
708
1208
47
305
881
350
1407
1625
1991
324
1580
1243
1626
1074
391
907
1383
156
1941
968
1969
1322
1789
877
105
520
37
1048
1683
895
1070
1063
737
1730
219
245
1997
599
488
1324
801
1195
1475
582
825
1332
363
971
1092
86
154
1517
1756
315
1845
465
68
1223
687
460
856
1059
1385
1254
727
479
1917
1198
1965
1777
919
451
583
191
1210
182
357
507
19
355
393
505
268
97
359
1740
1534
694
1222
1132
1812
1392
887
1154
1940
716
1953
982
1403
1720
597
544
1481
1139
1032
1169
571
1926
1007
530
696
1622
1632
1509
963
432
1494
162
415
229
811
533
1946
1175
1555
1508
311
30
1120
1914
701
487
456
1119
343
549
1369
18
1615
800
1634
948
1592
1177
1140
482
1083
1127
759
970
1890
1702
857
897
122
1215
423
1593
988
367
1487
1107
1909
1669
1057
693
1286
1557
1366
407
1818
1765
1347
1117
1554
819
1779
809
1803
227
795
572
1419
527
528
845
438
1433
894
1851
1684
1866
497
1398
1849
1764
884
719
654
1891
1126
656
1700
483
461
732
890
674
681
119
1878
834
918
139
390
631
1674
1298
950
1725
1717
1800
336
1643
1921
1949
82
876
148
1012
184
1733
923
1512
835
1757
1356
1439
1535
1586
515
788
1444
522
455
1721
1465
932
1124
1950
931
521
1343
1516
1780
1365
200
265
1762
1183
1279
1457
1854
752
205
1722
1087
607
886
473
1559
1162
1036
1350
1893
337
284
1574
1247
1055
815
20
34
273
429
1259
621
760
1645
1141
900
690
195
1338
1306
1173
349
366
784
466
847
1004
1039
341
304
75
492
1892
404
1519
608
80
1482
1460
1060
1934
829
1687
553
188
454
916
13
1784
1289
1781
1152
506
276
1610
1591
99
1394
1601
868
942
1357
1885
1852
1285
1080
262
1084
1656
1157
1906
356
1571
1745
1240
1352
1774
371
879
1729
435
844
1707
983
1143
731
1630
1942
1546
1918
1194
1561
1270
1589
1644
1451
231
1325
1266
1814
642
765
42
1488
1602
369
632
1842
766
1309
967
1792
1311
1145
1970
934
853
792
713
1499
951
703
818
557
889
1272
1955
480
1492
60
592
424
106
1314
1859
1654
941
134
812
1355
418
50
624
1608
1051
1185
108
1880
1186
518
1109
1575
1038
1326
1437
1220
1675
1028
1202
101
485
1130
495
100
1660
1209
1299
590
700
1050
565
514
1826
1954
65
1375
351
915
328
1224
1655
1957
403
726
1478
1191
1486
529
25
1752
1363
944
1473
1204
805
1755
709
