2000 5000 697 2000
1540 1338 862
1475 1360 671
1023 986 1457
986 796 143
736 489 1372
1870 1577 472
1743 1628 796
1889 1034 238
1794 1473 428
1170 899 504
1979 1974 328
999 733 148
1476 422 1230
1568 861 280
1836 1624 738
1026 159 1443
1625 241 1346
1853 1161 1389
1868 624 1813
1459 689 19
1198 1154 1913
525 505 1399
1542 768 1101
1442 470 969
1490 445 1807
1753 1367 1780
1594 753 215
1448 502 404
1770 1566 504
1866 1526 1787
1356 708 1017
1142 255 1187
1990 415 1940
1900 1531 1580
1351 983 598
1330 73 356
717 693 722
1810 374 1998
1586 309 413
1770 1195 1961
1407 19 1485
1099 421 539
1723 469 1348
1752 877 1220
1614 1316 1268
1131 455 1835
874 137 485
73 16 1702
1559 1389 1585
1822 1612 1688
1223 615 1881
441 211 1340
1210 905 1307
1233 996 977
1680 653 596
1324 487 429
1028 883 1107
1904 199 846
1796 267 201
1591 70 742
179 63 845
1116 612 1760
940 688 1740
1784 512 1401
1510 470 233
1475 1249 52
1729 354 761
1450 463 875
338 17 412
1431 1280 740
1070 403 775
1860 1134 906
1987 166 960
751 570 1325
1287 840 1399
1413 996 1954
1386 597 766
1727 1162 567
715 706 580
771 751 62
1307 572 1550
1735 707 1928
1772 1379 974
604 201 609
830 212 1194
1554 868 516
1697 1693 1980
1560 216 1313
1675 125 777
371 80 591
1617 499 105
1794 750 1975
1375 1221 1478
1910 476 957
1171 51 1868
1957 125 1196
1820 1640 1081
1754 1211 235
1929 542 53
1213 213 560
1460 57 1296
1866 215 189
1262 1201 612
995 602 1111
1879 824 208
1271 207 1089
1613 346 302
1476 52 1770
1266 292 442
1115 1035 49
1316 390 318
1726 1629 99
1290 796 1980
1548 16 845
1884 1830 882
894 697 368
1693 923 1613
1138 476 1196
1394 162 1147
1263 469 1295
995 598 347
1060 996 430
1074 656 747
1901 419 1269
1878 797 277
1406 538 1632
1122 287 313
1086 176 1868
1735 1323 1897
669 545 994
1462 221 541
343 139 1969
1285 805 1471
1012 6 25
1472 1180 1089
1464 892 1151
1684 69 791
1863 866 748
688 258 1202
1800 627 34
796 245 959
1016 498 1895
1952 886 1541
1451 164 1424
1251 10 1083
1787 1606 517
1030 993 702
818 56 1215
1912 379 53
1480 340 529
752 381 836
1272 708 1060
1621 945 1561
1949 1195 1095
1443 662 631
1963 1527 1672
1951 430 898
611 459 1530
1563 1132 629
1179 924 79
1741 1329 1608
791 585 1575
1882 1228 1602
1509 319 1097
828 800 519
1476 675 1432
1033 817 1423
872 779 802
1757 1039 1548
510 381 934
1879 1652 77
359 241 1705
1707 1362 1308
1343 657 1103
1711 1513 1481
765 267 1109
729 447 1728
1500 278 264
1626 745 1383
1937 1204 1101
1470 1161 1044
1607 215 723
1610 641 1282
1179 85 1594
1473 914 1468
1028 493 1782
1417 670 1596
1440 1278 1287
1800 155 845
1910 581 1851
1546 8 277
1337 995 1184
1502 1158 660
1115 754 767
1591 862 1964
1436 1028 815
863 162 1669
929 638 479
1995 913 1826
1476 85 1435
1289 1204 992
1698 1614 164
597 556 850
1473 1286 11
1964 1432 1902
1490 247 1197
442 162 1184
1066 171 371
1281 711 1179
1588 67 861
1553 1009 153
867 429 684
543 334 1810
1544 243 704
689 569 1053
1391 1119 1792
548 39 400
1996 549 6
1525 1453 1146
1263 522 32
455 178 1953
980 217 848
1308 1198 1526
672 176 855
1159 242 1273
1567 1197 1072
1691 257 1649
1637 511 85
1332 617 804
479 88 592
1990 1122 1094
1803 992 1063
1729 951 277
1943 611 1111
874 266 1657
1652 669 505
652 427 1530
1458 344 225
1868 865 71
1749 1580 1583
1875 1788 1442
1593 544 186
1500 701 1900
749 394 1653
1645 324 1110
892 806 1140
916 569 836
461 279 1780
1544 141 1919
1873 1675 1694
1532 489 1354
1791 225 1835
1914 1638 1718
1118 27 254
971 392 842
1458 573 1026
931 22 999
1105 778 1066
574 46 353
1753 1647 947
1911 1738 653
78 5 567
1875 1436 1637
1364 700 337
1751 479 690
916 179 1654
1978 1472 1803
1775 225 1515
1988 30 114
961 15 817
1994 583 1048
1883 1765 915
1881 1737 1406
1154 613 1278
1719 940 74
294 35 1321
352 276 1057
1316 636 1757
1922 1002 218
1186 287 1805
1821 1597 574
1385 116 1628
1482 925 1454
1231 57 1539
1095 599 1836
1883 1676 124
715 91 716
1995 765 1078
1537 860 1929
1904 1305 33
1702 1656 1234
844 37 910
1921 1661 1109
1287 831 1170
1811 1734 1516
1170 774 1067
1583 633 209
1109 850 169
637 240 160
1974 1091 1293
1715 1009 70
1875 623 620
1132 149 1149
1603 66 255
578 87 486
1578 1203 886
235 104 396
1997 1273 309
360 159 1526
411 375 465
1671 23 278
1613 277 193
777 90 1562
213 100 1195
1516 181 1931
847 166 1825
1430 1391 1608
1638 1575 183
1469 1248 1674
1183 287 419
939 902 1486
600 7 1851
244 202 410
1730 159 1237
1913 321 423
1637 1314 111
1810 963 833
317 174 1655
853 687 634
1719 552 865
1443 659 1683
1426 335 1734
1307 546 286
779 642 1853
1185 727 1080
897 76 320
1429 1058 351
1599 573 793
1687 1595 883
1535 759 1885
457 201 315
1794 134 1752
1594 1298 902
1430 538 1313
1073 512 1987
1797 938 1488
1814 1600 80
1405 387 1690
744 667 715
1188 750 1254
1713 13 1620
1638 959 529
1875 481 1221
1670 1347 582
1196 988 1197
1074 1026 231
711 470 298
1094 758 243
1859 728 1746
1604 556 1654
1608 1564 1771
1848 959 1017
1822 760 1599
1355 125 1669
1586 1009 754
636 67 1637
640 536 432
1547 1210 1993
935 200 1536
1120 666 413
1568 28 782
1715 777 784
1399 997 1215
1087 986 1103
1534 534 1523
1868 955 1869
1625 308 1311
215 173 1742
1870 662 1949
1725 1039 441
1298 135 1400
1493 321 1654
1481 93 7
1743 81 1651
953 32 666
873 529 638
1672 674 1493
1170 483 210
1755 309 1691
1591 882 238
912 846 46
1998 1684 1562
1040 368 473
1389 898 821
1812 1582 1409
1453 463 1699
1042 949 523
1702 1174 1602
1435 778 961
1259 1152 1421
1987 1675 550
1776 1578 1125
1826 343 655
1573 1464 1278
1779 1314 1550
843 19 1088
1139 666 480
1298 1022 1681
1311 1072 5
1880 1376 104
1472 981 1629
995 987 611
1711 991 903
1810 1239 267
486 24 1828
1365 981 1234
1869 1762 886
856 51 186
473 6 1080
1890 222 1610
1330 1002 1422
1642 838 599
1003 615 947
1145 594 290
1432 732 787
1899 599 855
1280 21 707
1956 230 1889
420 59 206
305 45 685
1566 590 1001
918 812 1048
784 294 495
1021 506 104
1674 671 153
530 457 1170
834 756 924
1304 1058 1758
1636 587 1680
1344 147 1472
708 315 328
1768 193 1212
1971 377 1686
1106 402 1219
1763 1346 1302
1140 533 138
616 572 1318
1531 937 801
1585 1218 35
1790 12 1865
1980 1707 657
679 330 988
1924 804 228
1933 1449 986
983 922 149
533 467 1357
1594 195 97
1935 979 1307
1295 1278 1945
1899 455 443
1901 899 784
1816 1536 260
84 1 936
1910 579 1327
197 148 1210
686 673 1511
1508 576 254
692 622 1309
1511 1225 881
553 198 1286
1904 747 760
500 253 1405
1986 1431 1869
1484 181 451
1311 1081 422
904 265 1221
1756 1171 1727
568 399 1108
1766 240 1919
1607 1504 135
518 172 405
1310 1280 1546
1133 927 1483
1562 1297 536
1660 1105 1356
465 223 298
911 615 810
1629 675 563
551 266 2000
1935 612 1088
1323 443 38
450 420 1684
1774 723 914
1948 486 1998
1050 167 672
1511 346 1428
1563 1426 391
1160 820 383
1598 1358 1320
1536 825 810
1595 300 742
1531 750 1435
1555 1191 757
775 575 1114
1891 172 309
1131 132 1586
1814 310 1806
909 651 180
510 466 587
1035 203 1327
844 678 1517
1366 525 700
709 62 1646
1675 960 55
772 253 1952
903 511 1737
1896 948 399
407 308 1871
1724 867 1509
1636 474 1784
1328 1085 474
1971 570 268
1849 67 221
1698 335 46
1736 1632 1852
1484 1177 1981
1877 71 945
1308 392 1554
1475 856 732
1711 1320 338
1895 1666 801
1780 1703 1055
1986 1780 270
1683 303 1556
812 356 275
827 465 1584
1487 511 280
1675 257 639
105 91 1264
532 214 59
990 473 511
1034 483 1009
773 492 1613
1803 1618 1788
863 690 1918
270 260 414
1523 806 1836
1764 1271 1938
816 185 602
419 144 987
1288 548 5
1934 652 1222
1894 1670 1328
458 175 1855
1886 700 1935
1409 1102 1540
1597 258 1170
1780 735 765
1502 690 712
951 724 1425
1009 831 413
346 335 741
1860 1042 15
1716 1046 1052
217 207 654
1375 822 1366
266 152 1515
1253 967 1
1338 1151 121
1827 1066 1131
1890 791 1117
772 505 1280
901 304 1808
1314 865 1988
788 242 422
1422 424 521
791 729 1843
1057 897 340
1710 921 1242
785 503 1258
1840 1388 65
1543 369 484
1732 705 1655
1828 1775 1907
1713 1160 1216
1671 502 733
1653 1586 957
1889 35 89
740 12 1308
641 526 1635
1999 1257 1736
335 80 1084
1428 1142 280
915 583 290
1410 1091 689
918 648 1239
1058 321 1192
1331 1170 921
767 206 1251
869 499 1415
1668 1112 1222
1956 936 402
866 593 721
1220 1077 622
1357 61 1817
1946 213 35
1242 68 1353
1798 1383 1687
1900 1142 21
1092 606 1816
263 261 1158
1717 238 655
1907 1021 1945
1833 1337 902
454 102 1347
921 429 1714
1875 1074 501
1910 1149 939
635 500 1687
383 129 353
920 452 1686
1964 1861 1726
696 362 1377
1412 749 1377
1514 401 1599
1680 561 129
1832 1105 1638
1489 1334 1002
1276 997 1959
959 599 257
1804 1019 722
499 439 988
767 38 1803
1848 57 565
1667 1394 1095
871 835 1003
554 457 1938
1179 936 189
1223 197 1295
732 112 1483
1705 1512 224
1257 1007 1286
1997 1988 1865
444 314 1185
1857 114 829
1319 1260 492
1766 6 853
1958 569 801
1544 756 1225
924 246 1132
731 189 1632
806 279 593
1714 1039 776
1030 670 833
545 211 641
1900 1472 386
1489 341 911
972 209 1618
1892 649 892
1078 387 662
1871 1293 1857
849 216 824
1276 194 828
1884 1713 2000
1876 116 281
927 315 358
1424 297 1153
1186 544 839
1307 424 1781
1752 1315 198
1919 954 1051
1144 156 1484
1806 1441 1311
1738 1551 1793
1947 863 1614
1751 1074 1006
1207 820 1234
564 438 649
1825 1411 1755
1848 78 1975
1843 188 1254
1864 1785 1689
1369 437 1923
362 52 675
929 207 972
1141 752 1019
1719 697 112
1918 1415 1765
718 477 665
1786 422 1986
921 366 830
1821 544 749
1946 1653 510
1911 117 1443
1737 1466 112
1812 781 711
1273 767 25
1889 1724 392
1145 86 1845
1775 983 1044
1544 118 152
1139 134 440
1292 883 1170
1674 349 1188
1516 159 967
1270 249 1607
475 104 1862
294 70 1563
1822 1338 1869
1900 1648 102
1395 1297 1071
777 476 1589
1484 710 474
1467 649 1694
1302 479 836
1049 798 1359
1819 963 484
1403 886 1303
1943 185 1953
938 810 1303
1641 322 11
554 36 367
1474 1445 1399
1805 1258 766
1403 56 1330
1110 413 1940
1904 1197 863
1555 178 392
1798 1140 690
1556 1301 698
413 191 950
1610 664 681
1797 1127 1625
463 80 1633
585 36 1966
755 505 1613
1418 1308 1130
1413 1064 1610
970 743 1009
1766 940 1160
1697 1006 446
1559 134 717
1466 136 1350
1936 1865 1676
1214 554 27
1670 303 536
1927 538 1651
902 488 899
1614 1213 520
1921 1481 901
1635 27 294
1877 702 878
1906 1257 1590
479 95 655
1446 106 1986
809 555 1011
1488 717 1108
1698 229 1867
1886 1209 1673
1948 52 1295
1884 1395 744
64 2 1695
1850 1763 1001
1601 792 142
1841 1259 1920
1708 321 749
885 628 1263
1367 886 510
1782 75 1688
1473 1092 907
1386 146 1796
825 300 968
1880 744 344
731 167 586
1296 968 1014
1790 1774 1046
847 741 874
1160 185 519
186 7 767
1888 581 652
1925 527 60
1398 19 1827
1039 305 890
1363 833 600
1801 1240 652
588 336 162
1468 1107 984
369 32 1428
1729 737 523
1550 123 1376
1306 642 112
1791 1442 511
1293 1187 117
1355 718 412
1612 225 1669
1170 542 1266
1801 600 905
2000 1711 1997
1490 458 589
1681 1251 218
1810 1694 1902
1614 1554 719
1336 880 123
444 284 584
1804 1576 657
1714 1423 254
872 138 1702
396 119 617
1268 766 524
1876 1495 1781
1507 508 436
1016 124 1026
1141 154 407
1633 885 117
1221 320 339
1893 1457 1803
1213 52 1012
764 630 529
1666 767 295
1805 607 893
753 272 1229
1418 858 715
1427 846 134
1159 227 26
564 247 1950
1935 1167 1658
689 683 1741
1949 686 793
1825 1499 1216
1565 512 1952
1255 488 1155
1795 627 1769
698 662 1061
1870 1192 1793
1063 218 1998
950 510 613
1861 281 389
954 385 1410
1423 868 1510
1416 161 812
1887 691 801
986 34 991
355 164 747
1607 1552 1557
444 240 551
1777 1373 1483
1379 58 806
1696 235 645
1171 810 243
485 58 1264
1449 113 1505
515 457 1017
1671 208 1806
1337 869 1224
1201 1026 908
1749 1500 35
1951 912 811
560 521 852
1272 182 1158
1388 1321 468
733 362 1762
1697 212 71
892 194 1521
1644 1378 927
1823 1251 1830
565 481 741
1472 707 1282
1280 1100 1030
1854 1377 1634
855 835 1394
1743 1097 1210
1516 790 1020
1451 586 1319
1135 109 34
1628 1204 1581
1530 361 1486
1484 170 755
1303 137 1255
1368 16 532
1262 332 1866
823 400 1826
594 474 1750
1824 1125 1115
1543 1461 1062
1214 831 1867
1440 735 1484
404 379 588
1108 488 1709
1915 991 1087
1935 806 523
666 112 926
1997 1218 1921
1562 80 290
1676 1562 1037
1021 443 415
1542 912 1860
1706 1133 257
1307 915 1114
1268 290 947
1207 593 1528
746 654 1919
851 280 1069
1585 839 269
467 252 1005
1587 792 1573
742 61 618
1271 501 147
897 258 55
304 108 1674
1547 1397 921
788 506 19
1797 40 710
974 360 914
424 301 302
1924 390 636
882 148 470
1165 457 1782
1029 190 1473
1248 765 662
696 505 1834
1670 1240 244
1409 174 882
367 126 1508
1701 933 886
1221 727 919
1171 290 1564
630 433 21
1244 978 1843
1584 401 1740
1664 1470 705
1413 383 916
1591 1325 312
1881 507 211
1178 188 1869
1333 392 952
950 548 568
1555 1095 1352
877 777 764
597 243 326
1421 162 56
1904 436 1236
1595 1476 1970
1580 809 1394
1637 1181 1488
1302 948 1834
1834 1288 1946
1541 574 160
948 291 72
1400 1235 1764
1056 914 511
996 579 719
1367 420 519
1455 743 1749
1288 527 1546
1408 488 1187
1973 1287 950
968 863 1561
1384 844 1777
707 30 583
1797 1739 299
1905 917 565
1532 355 1584
416 118 1736
1129 107 425
1018 345 694
615 513 661
1521 941 1510
1668 1202 352
1787 3 1393
487 337 1764
1402 786 38
1803 111 1926
61 4 1712
1630 1298 1849
1074 1 364
1077 226 824
1487 773 1182
1195 331 196
1633 1460 1148
1887 585 1038
1692 1615 444
1703 782 1165
1064 117 1024
1530 1302 646
1291 316 749
670 240 1269
1824 1114 1949
1430 1307 932
1563 168 697
1398 797 1237
1676 1107 85
1992 966 847
1145 658 423
1032 874 1894
1222 920 540
1140 817 517
1758 373 1211
1212 823 894
1952 142 1328
1558 611 877
1851 643 83
798 78 1802
1716 1071 1199
1488 1122 783
1651 197 1696
1650 1422 952
981 93 641
835 739 5
1379 99 305
1531 1349 1306
1692 618 875
1985 1526 1237
1728 1092 126
1592 317 1305
1897 441 343
1260 509 1076
697 591 174
1969 1176 656
1171 67 1261
996 191 10
1162 1077 967
1514 73 209
930 496 749
903 476 206
1035 1006 908
1887 1387 897
1023 1012 195
940 465 175
1638 1086 982
1918 1028 190
1385 325 310
1118 487 1741
1383 575 228
1642 855 786
1033 16 1125
632 156 1458
1729 1444 638
433 138 1549
1149 93 183
693 464 223
1973 868 1658
1560 389 282
1147 238 1777
945 509 49
952 784 965
1158 218 507
1979 192 1905
1882 694 781
1699 629 352
1983 931 1399
1663 529 469
1369 192 733
1638 774 1726
1445 1442 1742
1857 914 113
807 529 574
1751 1114 6
1108 596 426
1294 627 422
1230 813 1968
719 357 556
1046 47 229
1479 1179 177
992 25 1787
1090 766 1511
1831 158 1870
1125 127 987
1630 550 906
1121 256 1711
1092 800 1719
1755 1613 1272
1747 1029 1471
972 503 802
1899 930 1496
1090 503 43
1925 1053 1752
1731 233 262
1808 1087 1557
1425 91 1532
1187 901 160
1517 1095 1063
1871 1749 774
1234 979 165
1328 224 1758
1554 945 1911
821 335 1746
1537 1391 136
1829 649 1749
1627 1138 439
300 138 1534
1121 280 630
1524 340 1876
1623 658 1184
669 307 1768
977 470 1271
1923 1050 1400
1633 821 708
1269 406 968
1996 770 395
853 602 924
1342 957 241
1230 1081 448
1995 1294 256
1394 1171 1046
1368 1001 238
1976 1820 814
1487 158 36
1447 456 1999
1089 826 1159
1320 165 987
1174 619 178
1861 1347 1133
1806 1590 1653
962 339 695
412 159 1567
1887 1472 1833
526 412 172
1387 69 1125
1757 1468 1509
1754 1474 615
1130 230 430
1038 904 1809
1461 879 1980
1530 419 517
1184 105 764
976 374 75
497 84 58
1035 660 1773
1034 1025 1288
1691 193 1209
1551 1540 905
1714 452 1938
1670 1047 695
1357 791 741
1668 814 778
777 566 1963
842 37 833
1969 283 1854
1786 1348 992
790 526 1862
1573 1478 1191
1248 567 1802
1888 123 723
1943 121 12
1820 991 996
1820 1521 1682
1616 218 1027
1498 391 134
1781 721 503
582 159 316
1782 338 1424
224 217 266
846 613 125
1376 93 1929
1905 1672 557
1386 524 878
1820 328 339
1365 250 415
1712 825 1996
1440 205 497
1387 115 1416
1922 535 412
1488 512 35
1867 613 97
1844 783 690
1952 1329 976
1924 799 927
1341 520 443
1087 746 841
1553 673 1575
1219 1042 738
1335 61 1769
761 166 1101
1511 1338 867
1680 1283 1253
1166 139 1831
1921 1768 1876
1416 469 1047
1140 468 927
1359 1082 321
510 174 384
1708 1402 433
936 820 1854
1509 1294 1728
1172 170 1856
1812 1310 1115
461 437 516
1853 854 1602
1223 578 544
1579 920 1683
784 60 1738
1990 23 1368
632 263 276
1393 774 963
1688 103 1397
1990 791 1652
1221 1080 1556
523 359 697
1706 1383 866
1985 468 642
1923 1326 1960
1257 995 1244
1928 1019 1898
1882 127 733
1661 317 292
811 8 1225
1945 131 1874
1178 710 1276
1189 826 418
876 651 13
1386 150 1556
1605 33 101
1902 1537 1374
183 15 1846
1509 523 756
1459 1073 291
1850 375 495
1350 1143 1406
1720 1712 1662
1703 1371 193
1773 313 1667
1379 594 701
1406 118 1395
1564 1146 1352
487 104 1173
394 296 1979
1353 444 1723
1135 947 1651
257 19 583
1331 546 1507
1225 811 1454
1978 1627 989
1832 962 1507
821 807 18
1827 163 967
910 756 285
1269 481 12
1598 14 698
959 298 1245
1411 1240 1607
1976 824 139
1552 152 927
1738 269 128
1380 1263 475
1929 322 870
1691 1421 235
1270 298 1737
1395 1306 690
1554 494 1165
1168 256 1215
1661 1268 247
911 10 867
1209 934 1681
1939 307 1797
1809 672 1313
1553 1521 1408
1789 629 1758
1219 1099 285
1267 86 982
1286 420 1188
145 41 216
1911 282 997
1918 245 136
1473 638 470
1158 115 1473
1437 1270 779
1715 1692 592
1574 545 1800
416 13 1888
1479 92 1078
1962 263 1660
1959 1257 1254
1934 86 1998
1733 1672 1428
961 52 263
777 291 1052
1782 575 689
1425 323 1467
1837 1718 170
1963 404 1303
1592 771 1933
1959 1581 1052
1172 821 709
1653 1571 1562
562 225 358
1536 675 1785
982 360 8
1402 1224 1785
1864 735 1715
973 796 1397
1569 362 1566
1919 791 1434
1469 1149 424
1350 780 1495
1261 652 1992
1847 1590 1589
865 340 1447
1891 137 115
1979 407 1651
1107 132 927
995 612 333
829 557 929
1849 1256 65
1523 984 682
1259 393 1318
1684 80 1243
1158 1047 82
1029 562 1438
1590 316 1960
1401 1360 137
1393 1220 345
980 277 1925
1725 1677 1829
1780 838 1667
1644 988 1924
1402 1169 1030
1111 380 1821
1986 421 570
1832 1626 284
1420 255 746
1533 1321 328
1343 606 630
1694 136 204
1831 1685 1676
1814 1498 1652
1838 122 60
1877 893 682
1494 136 1297
1944 1886 1090
1621 1206 1034
1598 1170 1803
1201 788 185
1935 1255 238
1951 1815 854
639 595 1409
1925 1332 625
914 280 614
1730 124 377
221 216 219
1877 765 1148
1134 306 1414
1943 445 185
1406 397 963
444 123 456
1754 822 1613
1111 272 1700
1228 134 485
1323 392 620
332 106 1169
667 201 484
1945 1454 1398
1637 838 1027
1708 430 1940
1907 1792 1218
605 232 11
1973 585 427
1108 185 1393
1343 571 448
681 550 649
1246 694 1548
1880 1240 308
1134 245 694
1139 997 987
1598 1310 375
1480 417 283
1485 500 191
152 84 96
105 45 352
1042 478 1445
1444 176 1511
1828 704 1371
1042 332 1042
1926 691 1190
1520 356 49
876 576 1187
1758 122 979
763 266 1044
1751 772 1339
1498 982 56
582 138 1686
1348 623 946
918 471 238
472 36 723
1856 1854 1532
1219 125 897
1687 118 1471
1360 1317 1519
1249 333 1981
1903 1136 1165
1984 360 765
1580 1103 610
1162 905 475
1991 1260 971
1707 976 1825
874 115 991
1543 1027 304
1930 809 1834
1742 1455 1684
1322 819 110
632 597 1410
1945 818 1781
1793 1482 852
1150 939 332
1795 8 1139
671 453 728
1524 1421 470
1193 609 1009
1873 840 1990
1761 65 1914
1483 1096 1166
615 562 910
607 244 592
1165 113 1535
1816 423 1485
1839 780 1845
1953 881 1674
1753 588 1922
437 436 1123
1777 1571 769
1888 317 822
1720 334 1409
380 130 1057
1224 537 1255
1164 397 1378
563 548 1353
1898 171 944
1377 633 561
1850 1717 1228
1223 452 1505
1822 622 1739
1056 682 1973
878 556 329
570 440 1104
1857 450 1038
1407 1176 269
456 154 598
1238 925 624
1972 892 1731
1462 624 198
1993 41 1330
1645 653 1471
1672 369 930
1305 593 1870
1901 887 549
1353 57 1477
1320 1117 458
892 600 1678
1318 1017 1027
1069 219 1312
1409 441 1620
1800 1671 1575
605 329 1412
1638 208 1981
764 135 1697
849 687 1161
942 546 1460
1814 246 1076
1617 1009 5
1473 287 194
1986 430 1678
946 314 95
1854 249 1666
1280 28 123
1981 1473 1891
853 413 558
1969 826 272
1531 701 174
704 505 363
1759 1408 783
1973 7 1485
1675 274 121
1648 1422 693
1985 1739 1852
1656 1395 1608
1890 380 926
1677 1597 178
1499 1281 926
1358 874 1029
396 354 665
1947 1663 1455
1813 1073 1488
1994 788 1443
1748 958 574
1523 23 1039
584 508 568
1920 454 728
1407 1079 490
1664 137 583
946 719 167
1232 1150 1151
1117 645 1087
763 109 543
1190 611 1898
1843 1430 1385
635 602 1160
1429 1044 1115
1282 1012 119
1983 1721 1412
1217 4 443
1677 773 158
1022 181 75
1363 1021 391
1490 476 551
1887 355 1012
1664 1635 963
1847 1836 1274
1395 58 901
1350 1196 1070
776 423 1801
1489 766 818
1428 1005 1438
1882 1291 1454
1950 318 673
1109 600 1469
1352 72 930
1967 1172 1524
896 354 645
1706 999 1933
1521 906 446
1986 195 360
752 317 1636
1919 1434 1103
936 264 1270
538 323 1680
1779 1594 1797
1801 1647 1451
1962 1419 1577
717 375 1051
1732 141 295
1452 932 919
1383 394 1016
1451 601 553
1584 1515 576
1684 82 1011
1766 894 1604
1687 1521 1201
1512 945 353
1449 638 703
1907 1380 2000
1027 639 720
1233 432 878
1502 1005 432
1567 1225 421
486 444 336
1025 958 101
1697 1476 750
1555 1542 939
1548 1201 564
1261 1021 824
165 109 1252
1509 955 396
1666 1611 702
1950 1832 1174
898 678 320
1372 485 615
118 95 847
582 576 270
1755 1192 821
1714 1359 159
1288 747 124
1536 481 923
1559 1522 678
491 377 900
1461 135 384
440 325 1197
1610 1314 1105
1086 243 902
1877 1863 78
649 271 790
1683 1675 1489
1356 932 203
1788 325 1000
743 671 943
965 503 1097
874 454 1405
822 3 59
1791 533 542
978 315 1495
1322 1075 1647
1717 1066 428
820 318 1591
1923 1548 640
1116 671 263
1259 620 330
1158 567 952
1006 692 1460
700 216 1099
1761 448 1115
838 615 403
1538 193 943
1491 75 102
1559 1171 295
1906 871 783
1676 1483 1735
1225 718 285
1117 561 1100
294 82 284
389 289 659
1683 208 1503
738 246 1163
1649 723 1969
1209 1160 1040
1763 336 221
1410 152 1972
1641 436 1955
1802 454 558
749 314 1618
1896 705 750
1244 215 1444
868 243 729
1016 589 1246
1503 665 902
1533 1269 284
508 211 96
1174 608 86
1281 999 280
1760 872 382
1873 1863 563
1610 1128 872
1825 1074 1246
472 422 29
1575 735 1381
1118 406 1247
1569 726 899
870 239 1821
1866 1745 155
1451 453 1074
1287 944 266
592 334 1220
819 644 586
1219 364 67
1699 129 1988
881 130 1065
1164 79 645
1895 195 812
493 200 1661
1686 326 1131
1118 138 1620
1363 979 906
1545 1183 1223
1728 570 1422
1177 311 1815
1745 1152 975
1042 513 279
1902 364 1758
757 116 1769
1915 44 442
1569 1345 106
1756 701 1714
746 245 1185
645 380 206
1166 44 229
1778 1208 55
1179 927 888
1472 512 809
605 98 1619
1318 156 648
1355 1102 381
1427 812 1466
1004 631 1052
1052 433 810
559 347 1023
1800 468 1366
1700 1090 908
1639 1500 915
1340 1143 736
1738 624 1453
1992 654 870
1598 196 594
1805 480 1460
1337 1086 1496
278 105 1036
1401 113 1059
1756 124 518
1201 449 1345
1856 337 944
1838 1649 712
1294 473 790
1307 786 524
1295 273 399
158 128 1092
144 117 1706
347 346 1217
1481 1391 1701
1290 310 338
1077 1024 1588
680 492 1867
1780 458 914
1110 781 1377
1167 1075 228
1783 23 1601
1946 1144 789
987 872 1043
773 763 1361
641 87 862
1805 1380 440
564 139 940
1937 1507 1797
1329 297 1441
1565 1465 1533
1914 1494 689
1045 677 1945
1994 1248 310
290 15 1753
1051 167 601
1365 1264 1647
1347 42 1290
143 117 1097
1109 409 285
1652 1371 363
47 29 111
1718 295 1455
846 653 853
1193 1187 1810
1375 1125 1392
979 184 571
1460 249 987
1643 1124 1814
1391 906 1065
848 33 1200
1774 553 522
1009 41 1074
1993 982 932
1811 1566 1907
1421 36 1275
1904 181 575
770 483 980
1636 1576 1164
1734 664 760
1077 869 1086
1487 1183 1053
1425 768 476
1280 861 1904
1446 1038 1463
1948 1512 143
926 598 1226
682 125 1610
1909 57 43
1636 495 71
1582 996 239
1648 1091 720
1368 365 694
1170 556 1001
1188 673 972
1754 1048 1154
1690 1636 1351
1676 1222 1106
747 175 328
987 116 267
1307 233 1279
1010 440 1339
1514 1475 940
765 617 142
1571 857 1582
1895 1624 1303
1137 180 1768
1970 1358 1955
1979 74 951
792 729 742
575 367 1579
1676 1331 1524
1798 968 695
1372 130 1228
1223 669 1498
1694 85 1050
1896 414 1981
1324 43 1446
1960 63 388
1598 470 1269
1826 956 238
980 936 1392
1931 1067 95
1819 1639 1809
706 587 1737
1329 195 1962
956 362 555
1725 1071 980
654 151 1753
1964 93 10
683 308 1883
886 779 1622
1508 636 610
1847 529 621
1267 1201 379
1803 483 1032
1756 1698 462
1280 962 137
1027 233 340
1875 875 679
1900 1438 980
1774 1026 1069
1310 749 1361
1554 3 1181
1409 1260 256
613 313 1500
1325 658 1044
1992 1115 848
1434 1162 1261
1428 939 1851
1594 365 1052
1388 722 240
1928 1234 1015
913 802 610
1234 1206 899
1920 322 1101
659 64 114
850 139 973
1766 1518 1714
1551 278 1866
1716 1363 1436
257 240 61
648 336 1787
1853 1189 460
1274 145 202
306 17 495
1239 1078 692
1351 56 1433
1758 1539 661
1933 694 1691
1905 1610 1145
1586 951 1298
1960 1639 489
1432 757 807
1029 206 1374
996 351 1367
1388 1153 236
1175 603 330
1966 1292 1621
1536 993 569
725 608 1370
1332 680 1978
487 159 1874
1608 528 1459
959 711 1456
1950 1221 969
1752 168 1611
1774 199 150
795 558 813
1021 515 1814
1901 1700 1380
1636 1140 912
312 158 1696
828 474 312
1507 1016 1051
1625 1174 442
986 289 565
1851 707 1544
938 413 1108
1699 683 1686
750 699 1487
1800 1265 1236
831 355 1753
1943 689 1329
1934 42 1139
1944 441 549
1821 206 1553
951 151 940
1486 414 1736
1583 1289 903
641 498 1808
1689 1304 1767
1646 767 827
1410 518 651
1522 788 1309
1098 406 1812
1347 656 864
1604 217 1503
1652 1164 725
1381 957 91
1920 1548 362
1526 245 1490
1992 771 1937
1328 791 374
1073 231 452
1062 215 872
1090 5 369
1942 1360 1166
1745 1527 735
804 109 1383
1176 258 614
1724 90 1671
1828 1357 1420
909 777 988
1096 244 1880
1929 1169 1642
1667 1506 457
1467 1459 232
1464 264 1419
1212 710 236
1202 908 1872
911 578 584
1776 23 1847
1107 391 90
1454 986 179
791 557 223
888 631 999
1485 1430 691
1785 1077 205
761 379 905
942 133 1021
1494 113 1599
1453 1274 1755
1672 1185 13
1661 1498 205
464 210 804
1765 1193 416
1322 253 623
1184 821 1035
1372 95 1918
1901 1317 1269
1547 219 1452
980 451 370
1253 440 434
334 200 245
1580 278 1192
1708 1110 1307
851 157 1696
1257 450 801
1548 1547 315
1584 691 1861
615 596 165
801 730 1404
1361 1287 1174
477 265 130
1191 974 1793
1809 1474 1736
744 190 525
473 322 531
1364 808 746
1164 1127 802
1791 1150 1433
1766 1405 111
1134 195 1419
665 398 1847
901 128 50
1277 103 1492
1147 1040 117
1124 716 1895
198 169 1585
1806 1576 862
1469 1110 1184
1903 744 1553
459 281 1085
1053 1009 181
1378 449 1738
1919 150 49
1120 745 1121
1396 524 1316
1367 72 1738
1690 398 551
1173 1034 556
1620 1511 1414
1546 937 251
1338 563 54
1653 390 70
1680 1379 668
1413 279 1672
365 21 1558
640 583 80
1691 301 1204
1051 194 477
64 11 1831
1894 1561 1874
1311 510 803
1402 703 1593
1182 107 786
716 565 1105
1862 1643 516
373 213 970
1025 340 1584
1707 60 603
1951 872 1274
727 166 98
1759 896 1319
1545 1362 700
193 72 512
1515 686 1596
959 768 1701
937 452 949
740 722 788
1463 304 588
778 297 724
1071 778 1732
605 552 355
1519 571 1282
1344 770 1216
1680 330 1166
1019 424 798
1032 879 108
896 236 766
1350 334 691
1323 64 267
1115 884 757
740 368 611
1191 608 1624
1706 177 1611
1920 1667 1397
1936 1830 1427
1107 760 25
1325 624 669
1782 1481 1828
1715 407 1103
1327 342 1880
1346 1115 1025
1923 1573 61
611 401 1571
1195 600 1317
1941 1277 704
1726 282 1885
1836 514 1326
1684 690 868
242 167 100
730 404 1726
1277 829 176
237 196 424
1465 122 352
1658 232 1166
1374 842 1068
1284 252 636
903 891 632
1995 908 19
914 754 1653
1622 1057 844
1902 949 897
1635 1011 601
1923 418 1958
998 802 505
1400 1239 1762
1356 218 598
1980 1757 408
1041 601 1473
354 8 503
1777 1219 290
1587 689 1457
1570 265 1380
716 485 869
1489 957 1232
1728 332 1716
1251 1022 519
1614 366 24
1286 943 1807
1358 146 1673
1310 129 742
1942 750 667
878 375 788
1771 1471 277
1743 1003 1838
929 295 1345
1851 1555 493
1437 1376 112
1975 1793 281
1278 1224 135
1887 722 1315
1423 769 1597
1383 192 16
1110 1075 1876
568 185 1496
1330 1324 1776
1141 822 941
1918 1542 211
717 632 211
952 40 893
1725 1209 1417
1612 935 1411
1673 297 638
1563 1433 668
1258 280 677
876 389 1332
1364 883 702
318 149 684
1313 793 1394
1899 749 1930
1541 559 166
1300 1203 750
1627 294 790
1702 1690 738
1719 131 1834
1869 1061 1837
1283 437 1139
1460 477 1789
956 648 979
845 526 48
1323 1240 1274
1566 71 861
1999 1707 1817
1411 1226 1030
1866 870 1596
1206 3 658
524 54 658
1948 1692 1277
1354 469 1555
549 67 631
709 526 1543
1795 994 701
1269 1058 1352
1771 385 901
1308 1008 901
256 176 333
1155 369 1941
1193 342 1029
840 23 716
1461 669 966
1421 757 1732
978 66 676
1242 131 1415
1924 725 40
1366 988 157
1176 1070 1471
1549 377 964
607 341 1437
402 3 1601
1201 632 1547
1682 672 1501
1678 205 1493
1892 439 1415
1005 712 584
946 65 748
1850 1744 891
964 677 1684
1488 1387 1876
1341 1290 829
1110 145 1619
1696 424 556
1496 1367 1978
1413 1114 786
305 195 698
504 257 416
1293 984 299
1706 704 1239
811 52 460
1573 279 669
1732 285 1454
555 504 165
1659 1497 239
565 262 313
1058 31 239
1342 621 701
1187 378 1117
518 60 876
1588 329 1665
1306 81 391
1407 347 1604
1333 401 1957
695 107 871
1935 1179 1539
1111 107 1900
1273 402 795
1432 907 1175
392 379 993
1861 469 529
1186 43 1701
1201 598 253
1781 871 1338
1496 1431 1677
981 726 897
1800 1474 1760
1408 785 1093
1957 1929 642
1415 1160 455
852 152 124
1048 789 838
797 142 624
926 240 1897
901 582 1501
1936 922 239
1482 1320 1486
945 318 1282
1730 373 445
1711 1353 95
960 742 1498
1551 397 1870
1979 39 1478
1751 396 992
603 531 1804
1194 1042 1796
408 53 467
1383 743 1623
1200 313 1461
1201 368 77
1173 417 733
1825 1389 1659
1623 1155 589
1688 1684 1926
1275 580 1162
456 219 1048
1895 1538 436
1970 721 531
1993 149 1289
1263 82 527
1266 207 1023
1555 169 1225
1481 840 1463
1375 599 1511
281 168 438
821 113 320
1434 323 1672
956 806 1516
691 332 305
1140 783 1739
936 454 260
1643 931 24
1634 1036 1143
507 451 1481
1744 29 718
1389 567 664
1849 1738 1570
1263 1007 1136
1033 366 657
1593 506 1812
1080 557 995
1781 123 61
793 322 346
1944 882 407
1958 1357 1005
1636 1192 575
1255 24 1739
1804 1386 30
554 281 1172
1986 1813 1768
1232 667 1284
1892 34 1342
1440 967 368
1706 229 1135
1456 77 547
1200 326 1042
1572 1367 976
1502 234 632
1854 1231 1609
1143 1108 1285
1619 1369 240
1973 942 442
947 356 562
1343 1145 956
586 225 1162
1168 676 416
1348 488 1846
1990 469 1824
1659 1188 1871
1449 1154 276
1545 314 708
476 262 256
1944 1792 52
1101 831 1900
1681 147 1923
1630 619 1363
1137 12 1325
716 589 463
1869 1695 1752
1608 900 916
1660 332 1977
1585 1551 1707
319 20 949
1100 167 1408
1110 1008 1548
1912 82 1218
1239 1084 1008
1731 111 896
1898 1681 1395
1474 561 527
1957 1543 140
1735 1664 484
1927 912 1205
1998 832 1960
1401 943 1182
449 195 1791
1565 1408 1451
1749 1103 1251
1605 706 794
1014 768 1570
1493 738 1662
1695 1304 195
1054 602 56
1736 945 882
1950 346 1635
751 251 1520
1505 152 1466
1305 911 11
1937 808 360
1169 605 281
926 540 21
353 262 1722
1653 157 17
817 474 223
1664 879 1940
1657 1627 1716
1638 1045 73
1917 1503 1485
1068 946 1193
1676 568 1115
1644 570 658
856 125 284
1442 423 671
1427 600 155
1991 369 55
1784 869 1740
637 38 1888
1683 858 1819
1508 1417 1104
1742 299 480
1756 1515 562
1501 1147 299
1979 1839 845
1281 561 1809
1781 1290 717
888 195 1316
1927 1045 880
1656 182 1218
1530 695 1744
813 220 972
1971 224 749
1664 723 1147
1738 1285 1750
1621 878 1430
1451 335 131
686 43 36
1957 1836 1926
176 103 1531
1622 1304 91
1832 91 59
1581 1178 628
1452 1123 1084
815 323 1806
619 603 879
1741 1376 157
860 477 1935
1280 544 621
248 103 1806
1344 1283 1066
1238 19 805
1908 1785 949
1551 206 1164
510 240 260
1402 622 646
1632 27 641
1547 418 158
1794 741 101
1597 685 1990
860 629 1914
1099 821 32
639 615 6
1889 12 1581
1625 1575 1509
1848 1335 1256
1965 1651 193
1908 1231 485
1302 905 1101
1293 849 748
1966 695 1884
1891 641 1464
1689 1527 1685
1080 402 1576
1673 958 862
789 780 1181
1045 272 1857
1396 503 75
1340 622 169
1895 1250 336
1416 225 1621
1253 996 723
1298 1040 1569
798 9 1665
739 702 1003
1543 1327 450
235 122 1231
1465 402 1292
658 431 1115
1828 821 1485
1544 1086 663
608 434 1708
1965 1723 1490
1044 106 448
750 454 1366
972 762 982
735 213 617
1169 3 1454
917 153 513
1596 954 1498
1333 566 1422
750 373 1006
1750 271 1540
1574 765 744
760 588 1721
1542 1424 1966
1429 597 1778
1093 455 696
210 70 1968
1083 688 274
1800 712 1262
1240 1051 346
1270 309 1068
1692 903 6
1888 850 1429
1486 794 135
848 304 846
1756 569 185
1560 914 971
1710 86 1555
1758 28 718
1797 74 1937
449 356 749
1392 27 331
1449 1190 1870
1740 768 1649
1161 1059 1076
595 532 1516
1527 18 1529
366 244 1326
1745 853 544
1402 12 589
1527 1198 639
1264 1167 1426
1190 335 1946
1713 714 491
1644 1102 1349
778 437 1337
1122 713 44
1107 479 299
1519 747 1784
868 720 392
1735 890 66
1578 506 326
1981 824 838
909 553 761
1761 725 421
1153 1110 147
1934 1686 1271
1432 596 824
1907 729 653
830 134 657
1913 1085 710
1992 470 888
1760 1209 1884
1354 706 176
1401 570 187
931 130 1535
1238 403 699
1133 68 258
1879 1193 1745
752 428 590
1883 1686 261
812 772 483
1618 28 625
1008 707 1229
1397 1275 1548
1739 1323 1082
1216 1067 252
1889 19 523
949 828 846
1151 344 1480
848 545 189
1921 456 1497
1811 582 924
394 291 581
1585 1185 1949
1861 685 1384
1228 85 1508
720 341 459
1104 710 1121
1259 480 1145
1565 644 464
1425 921 1718
1828 1520 1434
1822 1157 1356
1174 378 1577
1276 202 1530
873 711 132
1760 1204 314
1241 353 866
1048 112 1100
369 289 1936
1930 361 519
889 867 1920
1171 1021 1969
1012 822 427
567 423 828
1925 659 1554
1147 550 1719
1978 1725 108
1580 753 1493
1578 89 1375
1007 238 1318
1489 313 1847
1928 1151 1923
855 299 637
1332 226 748
1671 1320 1034
1821 1749 1347
1650 319 1842
1978 1958 112
496 126 551
1878 480 478
986 845 605
1587 539 47
1033 72 1468
1709 377 768
826 495 494
1839 1476 1615
1906 453 134
1400 711 691
1831 385 450
1998 1113 847
1780 123 1030
431 261 1185
991 931 1846
256 180 1498
1783 1259 1720
651 77 482
372 6 1454
1095 820 1421
828 147 1074
1472 937 1173
1672 8 283
744 381 1053
1404 410 1880
1654 486 230
1446 806 1789
1312 84 603
1657 1585 232
1148 284 281
1837 509 1641
1650 224 416
1236 718 1868
1086 653 1901
1909 980 20
1957 518 253
1746 1151 1255
1378 1239 519
1402 266 155
1775 84 1921
796 528 77
1544 1075 701
914 712 1942
482 38 870
1416 2 127
719 426 111
1744 893 796
1422 991 1842
624 164 117
1892 1202 94
1617 1179 1398
1107 396 1426
1046 614 941
655 398 1291
971 219 1432
1109 629 179
826 417 789
1383 710 1558
654 493 1191
1757 1648 854
678 548 245
1373 919 1973
1474 1172 359
538 487 745
1773 809 130
1675 609 222
256 169 1184
1305 33 1310
1376 45 972
1570 695 1692
1862 250 1698
1940 1191 1583
1951 206 416
962 844 1011
1824 1026 1747
1561 841 1739
22 18 1480
1460 234 1391
1176 37 1712
718 493 135
1760 17 1491
1836 606 1105
1056 382 1707
1125 634 1482
1726 305 351
1284 15 559
1362 286 747
843 836 1761
1565 260 458
1739 787 1577
731 597 270
888 370 1639
1163 900 1812
1007 418 434
1526 1000 932
1268 1117 274
1725 1267 1182
984 983 1002
1607 942 719
1270 1203 1045
435 143 1832
1922 468 1517
1911 854 1616
942 756 1581
1232 274 1554
862 789 623
638 120 633
1086 125 619
1648 587 1572
1516 437 1818
1720 230 1574
1052 938 573
1251 902 260
1108 389 764
903 457 1935
1451 1183 1954
620 522 1281
1717 1172 715
1865 1738 1894
1304 823 1884
1032 401 1183
1708 1298 65
1872 549 1080
1245 1172 846
636 566 560
1412 169 1825
1817 389 1462
527 254 1647
1183 275 161
1825 901 1197
566 256 1954
1369 34 377
1554 120 393
1449 1031 670
526 191 1544
1584 339 904
938 715 146
359 337 534
1549 222 1007
1915 1882 499
1246 628 1100
474 301 721
1286 1214 1506
1894 1361 393
1664 72 1451
980 731 1656
1458 1275 681
1262 409 1727
1518 29 233
801 202 974
1132 353 353
1397 858 1515
949 45 46
1825 1676 1949
954 84 217
1816 281 634
866 159 1820
1422 41 1100
404 270 1129
1968 718 1958
1497 130 1759
742 390 1496
453 452 875
1605 1493 672
1765 144 545
1508 140 107
1240 410 1992
1756 765 754
1842 2 1448
1187 986 73
1583 551 238
1366 247 42
1756 630 1801
900 416 1861
1469 440 556
1150 636 1021
1613 1211 1968
1721 1303 556
1752 415 692
1809 283 1557
1285 1219 1886
1611 982 64
1103 1001 235
1106 806 1017
1743 667 1560
659 360 1763
1232 507 1981
1881 577 1343
1897 742 305
498 192 778
1320 1098 99
1953 460 1458
1465 573 1071
1360 302 468
492 132 876
1049 689 866
1827 1311 1996
1505 571 1526
1295 564 1673
850 207 1531
1507 1506 1125
1818 907 1433
1495 934 367
1291 998 1195
586 94 1545
1124 797 770
1584 345 351
1707 870 1522
1940 737 1149
1445 1099 603
1346 1252 1423
1737 1428 515
1280 779 1872
1665 1531 1157
1267 60 583
1357 128 1007
1009 731 1904
1808 576 233
1978 1110 1458
642 385 35
457 222 1744
934 104 927
1227 720 574
347 344 634
615 577 286
1103 949 173
1523 1263 1864
1969 256 428
1315 528 1389
1721 909 571
337 244 626
1932 1238 834
1708 962 297
1094 954 348
645 371 1240
1983 1667 1505
1339 365 1074
1462 1243 581
1301 1014 47
906 6 1091
1971 292 867
742 239 394
1261 226 364
473 79 1697
783 737 839
789 202 1361
1784 980 1070
1421 915 1590
1733 820 79
140 17 1037
1436 52 240
1725 59 1959
662 513 814
1768 229 638
788 421 393
643 441 994
1724 1563 925
1326 105 1374
1302 586 736
1851 1679 1704
1930 377 1326
1590 1100 1341
1763 293 1894
1733 142 566
1187 685 251
606 553 1309
993 78 1663
842 566 657
1750 1618 1154
1294 1127 926
1087 640 756
219 59 1758
1535 1448 262
830 331 1412
1734 246 203
1740 185 37
1038 1020 73
339 307 813
1054 677 534
1825 1552 1393
1560 470 83
1799 1186 1746
1998 1694 580
1277 118 423
1353 294 106
1603 186 1829
1101 840 1985
1768 1620 1581
386 369 267
778 628 720
1961 1538 1542
1860 1808 912
1503 414 1692
1124 1062 270
1699 154 1090
593 581 1423
1567 768 941
1233 853 1960
1162 725 1665
707 320 1325
524 70 1337
518 354 948
1152 77 1246
1273 388 330
283 63 1064
1881 1206 1323
1210 921 1129
1879 276 1902
1798 781 565
1752 141 1218
1234 1174 177
1917 1554 898
802 76 1364
1175 334 646
807 788 839
1908 1536 341
1918 1636 1563
1410 399 405
1059 507 83
1520 670 426
1057 774 325
1889 705 1288
1909 1275 487
789 765 556
1674 1436 331
1474 576 1447
976 676 998
1741 700 395
389 128 1608
1839 395 886
1426 934 1498
1496 483 732
831 363 487
1928 78 1504
1642 1283 675
1900 1430 335
623 213 437
1768 401 1662
258 154 1499
854 640 312
1826 92 7
1829 1502 1608
1539 409 245
946 786 1468
1913 1187 1148
1079 458 1938
1427 557 568
1152 1106 1179
1951 1054 1952
1618 426 609
1993 1007 1804
1371 761 724
1795 1009 1370
1491 981 977
1553 132 604
1171 675 663
171 155 1023
1348 528 1230
1821 1196 418
1770 1106 1511
1088 375 133
1698 595 1380
1533 1281 1633
730 574 497
1063 459 722
1525 1292 758
1578 672 1199
1934 299 618
1508 419 1479
852 27 1598
597 26 351
1935 1916 1232
1658 449 959
867 811 486
905 329 704
1106 604 802
531 376 675
1856 1068 38
1279 1271 1729
1829 384 483
1846 263 517
1505 904 744
1610 730 1838
1510 390 838
662 428 1039
975 513 388
1042 986 140
1696 1655 305
1872 1330 1311
1581 111 1684
1996 1971 303
596 82 525
1317 717 1808
1484 536 774
1598 1486 337
1208 190 1049
1361 120 1529
1159 618 76
911 268 1654
1611 901 1930
1805 361 55
1058 609 184
812 204 1317
733 531 174
1771 72 439
1731 1386 964
1219 1192 534
1981 1863 1898
1252 821 1072
681 418 1652
1637 212 411
1794 1161 471
1851 1554 1075
1661 1489 647
1187 913 1461
1672 576 1726
1060 214 584
1877 1550 1122
1745 1271 1506
678 530 1537
1597 114 1839
1563 344 1209
1683 495 927
725 444 55
1819 247 804
716 601 288
1674 1655 557
1975 756 635
1858 270 633
1570 1317 1778
880 531 1346
1941 812 625
1313 1157 813
1804 270 1838
1719 1495 1346
1059 963 1496
1437 571 1700
888 409 314
1788 1767 1414
1984 652 1135
944 440 1559
1277 317 1137
1953 1909 1345
1095 306 139
1292 908 1428
1173 388 1137
1872 1688 1950
1180 227 372
1594 481 1624
1625 1355 78
1943 1138 1752
1263 860 1351
1996 353 1760
356 295 1324
1685 1245 349
1306 696 150
1722 1117 1543
1685 1304 372
1741 1280 1016
1268 75 812
1951 1658 1044
1434 452 217
1502 477 179
1212 158 1818
382 347 136
513 502 606
1428 793 1647
995 797 118
1866 1051 1171
1549 1268 1201
1727 1335 1693
1453 1243 1780
194 25 1889
1500 1367 1924
1887 61 556
68 33 1480
1434 282 1734
977 211 503
1441 1397 87
1792 694 1467
1928 1197 805
1726 349 1208
1739 122 998
1838 1715 1418
911 331 1173
948 22 1516
880 561 1118
1197 491 756
632 392 1699
1661 1514 1914
306 275 885
1744 524 1632
1818 3 1605
1848 1617 1573
1725 993 1998
1086 299 750
685 2 928
533 361 1790
376 215 1507
901 742 1536
1670 1146 1800
333 306 75
1967 991 428
506 143 1186
1758 1505 427
1000 560 1241
878 306 1354
1910 503 1313
1243 694 392
1931 1883 929
1262 199 1045
1808 992 415
1403 167 1700
958 549 1086
683 639 834
1170 288 963
1126 769 1794
1532 581 1345
1571 1454 520
656 306 1235
1465 1171 549
877 356 1702
1629 1594 900
1793 992 1431
1906 1741 377
1617 1008 362
1893 1396 1608
1400 972 1877
882 289 495
1918 600 1465
1357 1106 993
504 411 355
1931 1451 12
647 60 1874
1784 1136 1334
994 192 554
1139 538 291
879 155 1152
1099 181 1978
1528 641 380
1820 387 1229
1786 141 469
600 317 1300
1122 506 406
908 212 1796
736 693 451
1624 1260 674
381 373 816
862 360 1459
1721 1078 548
1680 626 561
1206 255 698
1528 1403 291
566 265 1292
1788 1345 300
1007 926 808
1814 1266 761
478 236 544
1582 876 1968
1303 825 333
906 376 1729
846 519 1289
1076 682 1670
324 258 1673
1732 763 1913
812 407 1550
997 513 985
1780 1052 649
864 491 1141
833 283 601
1579 720 244
1950 701 1182
1696 1473 1673
1728 588 104
1766 787 1508
567 543 799
1774 611 1816
1597 1277 348
1893 242 1800
1896 1840 1058
1753 725 1917
1834 937 1299
1510 422 625
763 69 1132
1667 694 1259
477 214 1720
1546 1507 927
1845 1696 861
1451 1411 129
1772 1230 195
1745 159 1100
1920 169 346
1615 1019 1558
1683 613 79
1307 620 126
1743 774 902
1267 63 1326
129 126 463
1721 1415 569
1463 199 785
1425 173 660
900 789 1560
953 348 124
870 685 1908
1401 1024 44
857 545 120
1962 117 247
1278 472 1184
1911 1087 435
1579 318 347
1929 1101 1813
1335 540 1592
1016 343 1847
1607 1542 1053
348 50 639
1444 235 1526
1287 760 1282
1478 328 196
1889 1675 327
1870 1691 1993
1979 1185 1559
792 672 1805
1452 1298 1948
1828 818 810
1789 1143 1244
1140 237 1039
1982 1919 734
1156 820 1145
338 94 1784
1351 463 193
1191 1127 1961
667 223 1493
577 485 690
441 115 521
1005 252 1325
1655 384 815
1049 194 6
1643 1114 1052
1919 438 1905
649 23 20
1811 1104 453
1167 23 1874
1189 435 1815
1135 175 1054
1213 838 230
746 147 260
1831 495 1739
1829 633 1347
1766 1070 1225
198 123 850
1144 1137 1731
460 78 117
1420 241 1522
494 83 36
791 179 57
1697 1047 430
505 262 491
1701 846 1498
1991 306 112
1834 456 968
1303 305 1934
1305 337 436
1575 1085 752
1942 1260 1117
1749 1572 1647
485 64 104
1449 1370 796
1911 1608 1869
1626 762 1318
137 38 185
1994 42 890
1948 1094 386
1985 110 668
847 815 1492
1960 1558 793
1739 1 351
1901 339 685
1912 417 1902
1233 551 906
1235 718 1679
1940 488 155
1043 58 67
1368 268 64
1817 1204 165
1963 1276 1869
606 273 1175
942 578 449
1678 836 1652
1117 586 1751
1974 356 366
1355 1139 433
939 141 66
1758 1182 312
1959 1506 1290
1632 905 980
1013 177 465
1652 697 1541
1658 57 1061
1995 1006 1049
551 419 402
1876 1029 55
1208 1129 1030
546 373 1642
1295 904 789
1371 567 1325
455 373 961
1329 1138 890
1501 796 1341
1159 834 818
1096 247 1516
1360 1212 740
2000 120 222
1218 688 478
591 383 1334
969 191 1027
1580 22 1720
646 35 846
1409 626 933
1068 896 1892
1933 490 965
1572 86 339
1912 1051 270
1941 318 1327
1987 1983 616
1925 531 950
668 581 989
1513 994 227
1750 309 1652
1073 676 1568
1967 1716 843
1603 1372 395
1456 1155 828
697 368 1048
1024 359 628
683 164 1577
1304 72 1607
1688 513 1927
1998 201 491
1411 285 150
545 6 1896
1262 1257 1024
1182 584 1289
1575 225 664
1444 1422 519
1576 650 1912
1637 301 325
1348 628 817
1316 882 500
517 155 777
1783 1521 808
1907 477 195
1755 697 175
1668 979 1308
1595 615 1718
518 245 822
1014 116 188
1005 774 836
1402 1257 1650
1616 427 1958
1880 1844 1473
1460 1313 96
1994 504 887
848 97 1927
1693 559 366
1253 745 272
1983 1220 115
1663 606 1510
942 457 642
1726 1576 257
1426 397 517
423 119 1196
882 452 205
342 92 1235
1575 1197 75
1599 411 1268
1140 508 1190
1617 1282 1599
833 405 405
1901 816 1227
1791 418 1312
906 435 561
1725 1110 539
1899 513 173
1450 973 1638
581 168 193
1989 657 1529
1006 354 92
1988 324 1552
1763 632 1473
1916 531 888
1660 137 1351
1468 841 1915
1851 1474 640
991 754 871
1634 907 657
1646 1155 1636
1594 1042 1731
1644 1244 1857
1528 1411 514
1788 970 292
1668 467 1512
1428 1362 1046
948 648 690
1116 888 192
1485 672 949
1460 513 780
987 346 275
264 219 659
1620 24 1668
1760 218 1429
491 295 1618
1564 1244 1090
653 576 1071
1924 206 1016
809 534 1665
706 378 1659
1023 563 1502
586 236 597
746 675 359
1285 387 1261
411 10 1956
1188 746 1588
1625 1431 1920
1783 463 1438
1620 1184 1501
1929 1035 384
1484 461 1754
968 48 1763
576 367 1749
1453 593 1449
964 357 1576
1748 374 1492
1921 1300 384
503 329 906
1040 745 1950
1023 822 1287
1561 1191 1169
135 56 1943
1828 1729 1199
1226 495 1102
1450 1057 1744
1004 972 1025
694 80 885
1647 1344 18
861 359 589
1951 1733 1754
1609 231 869
936 834 416
1988 1350 864
1524 1403 717
1613 732 1909
1575 1331 76
1756 343 1645
1401 381 1697
1259 208 235
917 718 1954
1621 727 175
1321 798 1342
478 150 1784
562 292 1284
833 402 749
169 21 1919
1614 1497 138
1999 1182 1127
1533 542 891
526 90 1433
1555 1089 1568
1280 729 1731
1829 43 1901
1259 236 1276
1711 1150 1166
1425 1213 64
1787 1519 1984
1276 954 1148
1787 1028 1310
220 118 1109
1749 473 731
1684 70 224
1014 1007 1021
1669 87 1800
1337 583 664
1574 1199 1338
1398 508 697
1930 1256 883
1845 798 1007
1393 561 774
1754 1400 1085
361 217 1152
1316 759 80
1540 1315 796
1382 759 1512
190 166 1940
1981 1566 627
638 609 169
1909 435 1125
1159 1097 981
1282 423 196
1639 502 184
1109 915 1907
1062 614 1879
1633 921 350
843 149 583
1226 1048 1747
1937 447 540
1667 1417 1008
1831 1190 1574
1647 809 318
993 36 1983
1598 336 1343
1034 451 872
1457 18 142
1681 463 1556
1567 562 1451
634 135 675
1885 894 1459
1912 1428 1704
1486 1055 1882
857 251 836
815 738 1079
1422 305 1022
615 497 399
1130 1056 115
955 353 425
1538 806 86
1863 1 567
1024 141 159
1827 233 1896
1076 433 801
1971 1414 861
1049 502 659
1518 218 1782
1063 708 1537
1326 1052 110
1779 1537 609
380 269 909
1879 1654 372
1704 785 357
894 92 1893
1679 730 1455
1283 1194 815
1118 144 1773
1216 17 1676
535 294 831
1683 285 1078
1856 135 558
1297 917 821
610 524 1003
1877 1689 109
821 713 718
1627 1352 830
856 338 634
1456 849 211
1344 969 1389
551 223 1484
886 64 1020
1919 1103 902
1588 878 867
966 632 1410
660 485 144
803 505 1
1716 385 751
1633 412 686
1523 131 877
837 379 1788
721 67 1573
1629 1526 534
1721 434 1986
1730 1363 1834
1473 1164 673
1772 738 396
1074 790 265
1910 39 1286
787 690 710
1701 470 1715
1818 95 1413
1856 375 1476
1386 1048 1913
931 485 315
828 99 1627
795 217 725
1997 871 1401
177 2 1046
1421 263 1952
735 78 559
1010 79 289
1596 1390 790
924 901 702
1326 1027 215
1423 1288 1624
1907 575 229
1753 1373 149
1560 638 1408
1804 1702 255
993 241 1461
2000 377 727
790 229 758
1838 637 553
1845 931 1519
1349 869 1407
990 933 1825
1070 759 1191
1671 8 1622
1369 1273 1676
494 125 1503
1890 687 781
1892 1564 1486
1993 87 719
532 416 826
1704 74 146
1915 952 707
1988 1785 1668
1008 679 1551
884 268 308
947 328 1998
1956 1060 1972
467 369 1765
1552 1512 1813
1809 111 1089
1179 333 1881
1162 886 104
1773 1195 1005
765 391 416
1220 344 398
1739 289 1327
1573 810 1274
1842 1195 1821
1895 1 1239
1195 482 1714
1311 1284 823
466 263 980
1243 354 724
1831 235 423
1647 226 1548
1292 111 176
1765 1325 1808
1951 1097 1564
1073 626 1365
1564 1353 1322
381 356 597
861 458 838
564 551 181
1601 631 1595
1703 1083 227
1308 57 367
1055 699 315
1255 296 1683
1529 686 158
1785 1532 39
869 512 1014
1705 1453 1905
1035 245 648
452 160 1383
835 146 511
1522 238 683
1355 351 482
1719 380 1912
1094 499 1214
519 285 354
1578 1259 483
1550 435 1115
1941 745 1545
1906 310 1785
655 99 1399
1943 1383 1192
1857 700 792
1727 1150 406
1584 436 1654
1915 1743 574
1589 1212 1763
273 64 365
1348 791 1567
1050 565 122
1368 602 1440
1807 236 914
1916 679 1659
1588 10 428
1200 440 461
464 174 1129
1440 499 616
469 220 796
449 437 111
1656 402 1136
1388 1359 1968
1289 928 1197
1980 1068 326
1600 1059 855
1594 101 602
1091 487 1967
1776 763 1691
1431 1145 1143
1491 923 1808
1065 555 956
1374 497 1412
1391 596 27
1568 1358 1148
1661 621 1366
1006 181 545
1852 1383 260
1314 987 1439
1745 468 823
1996 144 1891
1565 722 70
549 268 295
1764 966 1751
1723 1035 1304
1310 565 1200
1307 1241 1355
1572 425 945
1344 139 1458
1611 1298 1401
1450 642 1246
1795 295 1431
1395 103 189
1986 247 72
1372 1105 1529
1878 1286 1074
1068 2 609
1507 228 1860
1406 231 328
1764 808 1424
1681 928 1610
1569 1443 1556
1797 1282 1771
882 408 1459
420 58 832
712 695 857
1404 1117 864
1603 273 323
1238 626 1955
1493 399 1760
761 592 273
515 489 886
1499 695 1701
1426 771 290
1507 849 1531
1291 843 1610
1801 1175 1313
1921 1638 200
1945 2 179
1843 1133 311
1685 1558 1999
44 37 905
434 105 1929
1636 345 1133
1375 706 1010
1847 1033 1077
1406 1138 1139
1498 294 1359
1698 1330 576
1103 1059 237
1126 464 1799
1423 997 561
240 70 454
1896 775 1637
1862 543 1844
1051 58 1743
938 298 251
1755 735 924
1360 645 1348
1953 1069 862
1953 375 1518
1100 296 1964
1891 806 1548
1179 279 663
1523 369 1746
587 504 945
1450 1072 1943
1469 1064 1608
1735 1376 999
1552 1528 850
1923 1852 398
1014 237 329
1178 795 457
1971 946 1133
1987 1871 391
1275 973 1602
1652 1369 1175
359 255 1609
1061 159 1497
1199 875 1393
1632 608 172
789 709 1475
1655 1449 569
1854 808 706
1841 695 1159
596 346 1206
1551 445 1832
1964 357 1386
1699 274 137
1921 1758 1096
1429 65 493
1720 399 1648
1499 934 287
1066 887 794
1937 97 1890
1028 917 1514
1241 640 1069
1955 1097 814
902 296 870
403 286 1688
1869 1677 1518
1929 721 1242
1115 29 1087
530 132 26
1172 152 1627
1430 301 614
1342 992 267
1271 1042 993
1086 695 1091
922 551 405
1583 1475 1740
1297 210 232
1533 234 354
1270 334 1190
376 336 1971
1788 314 1362
1292 1192 363
1435 668 1023
1226 190 440
1861 524 985
233 202 1143
1458 742 1994
1884 287 1087
1868 1528 574
1186 973 1588
1806 1621 1259
1253 162 689
1801 1689 815
1868 1723 932
1385 594 457
1801 673 1095
914 833 810
941 212 1372
792 157 66
938 169 1663
1706 479 882
1175 932 256
1963 1801 655
1247 170 150
1050 975 1430
1300 1070 1530
1802 1539 1250
1370 1330 1075
1739 29 296
1923 1566 621
1607 129 274
1398 1341 1680
1049 598 312
1552 319 1811
1426 895 2
1687 946 1907
1463 127 1744
732 10 281
1899 1260 242
1351 985 1555
1969 481 529
1114 982 480
1757 271 949
1137 1133 347
1249 362 1051
1162 131 1034
1657 617 1184
905 318 815
1014 986 1007
1885 1774 1802
1202 243 222
1689 841 440
1826 388 1582
1149 704 312
743 443 1616
1856 45 773
1836 829 1896
1049 618 135
1418 837 1116
1954 83 1457
419 115 441
766 493 1314
1188 564 1614
1385 299 830
1947 841 905
124 26 1377
1596 1126 1923
1587 567 1277
1967 885 195
1836 783 1956
1992 675 1529
1856 1696 1471
1394 1155 1881
1080 784 195
1958 936 446
1540 13 635
1656 1047 1666
1872 857 375
224 214 1980
1586 241 1621
1899 368 1778
1003 363 337
1253 23 1789
1239 21 679
1927 1912 669
1505 798 289
1476 881 75
1164 902 1945
1611 1204 1619
1419 692 1767
1817 704 494
1671 891 1798
244 26 1876
1376 941 134
1846 1753 258
1477 724 1874
1591 1194 31
1628 1547 1539
1709 410 1399
683 277 1786
1523 521 1125
609 180 72
1467 364 343
1517 767 1709
1512 514 714
1573 210 1435
1448 924 1299
1291 489 182
168 132 1095
849 20 1152
1348 1069 345
1190 835 133
1444 636 613
1947 1819 1601
627 224 55
1989 929 22
1004 567 470
1438 190 1801
801 379 1298
1758 1371 1489
1685 1570 1121
1890 1337 147
1931 187 1131
1475 6 1396
255 173 559
1778 1029 158
1422 788 971
649 66 1842
1568 552 1495
1357 1333 1882
1930 479 1008
1249 483 236
1557 1148 667
1286 20 204
704 564 1568
1525 1355 1154
1075 795 1636
749 193 1571
1699 289 235
1475 102 1950
1933 370 588
1581 968 613
1681 1627 1208
1463 367 243
1531 1478 767
1945 22 1193
815 555 1984
1509 836 624
1036 916 1169
1516 453 1097
538 250 1393
1243 240 1883
549 153 1755
1295 813 381
1756 587 1739
1586 1188 398
1872 773 767
523 2 408
1920 733 360
1888 705 1757
1179 751 344
1123 902 1445
1929 817 45
1305 524 539
1929 179 682
1663 1297 1690
1034 785 397
1737 262 1074
810 611 607
1943 1354 2000
970 632 351
1688 1171 1631
1247 158 661
1387 837 895
1980 1774 613
1359 674 180
1750 1049 1715
1858 435 1468
1706 132 1348
987 92 605
1732 76 951
1645 648 114
1751 534 1993
105 48 907
1258 714 10
1484 652 179
1486 333 1215
1688 404 204
1764 340 1171
1630 220 311
1425 532 381
1275 385 322
1355 176 501
1432 1316 414
1468 1158 1336
1641 1053 733
1834 1515 1974
1838 306 649
1573 1042 1527
769 140 1971
1499 865 968
1170 520 874
1868 1567 1759
731 410 1638
1821 1096 1909
1781 304 1105
1846 461 1428
810 653 920
826 106 976
1625 21 1074
1945 791 376
1385 1135 969
1455 1262 1744
1686 365 1324
1153 573 1791
1602 442 53
1167 612 1479
677 4 1255
1629 1599 935
1518 705 454
1603 981 1005
1124 975 649
1172 316 1937
1498 996 1677
1752 1055 1958
977 865 1452
304 205 1595
887 736 1500
1724 1587 977
694 675 392
1626 673 91
1379 368 837
1175 939 1533
1707 1442 1690
1825 867 317
1281 77 1228
392 303 1119
915 678 3
1342 1281 1530
1253 30 105
561 124 1629
1085 517 1328
1664 189 1392
1281 1190 575
1552 1269 136
1562 626 111
1957 1114 514
1296 844 1618
1408 1350 106
1579 973 1319
1910 1782 1466
1919 1279 179
1638 1340 520
952 699 1884
1641 539 896
1273 49 803
667 333 1825
1926 1909 351
1422 934 319
1989 191 1555
1755 306 1167
1586 400 660
1267 22 24
1977 658 1724
1600 295 450
1259 228 1226
623 226 685
1929 1313 1366
937 587 1863
1856 643 1275
223 156 938
1298 1135 693
1874 1098 245
1857 1372 372
1135 573 1762
906 837 722
1228 900 1730
913 77 1460
1928 641 1678
1523 764 1473
781 594 1016
1293 298 817
1880 1424 866
1981 563 960
1220 349 1006
566 10 1266
1979 1657 1480
850 421 1066
379 292 1400
1342 652 1903
1642 965 474
1702 237 1901
1900 1327 1593
1469 783 202
1803 626 602
1157 254 222
1253 1093 273
1461 265 343
1377 1358 1084
1868 360 1467
1629 528 1647
1642 706 150
1280 562 1873
1517 147 466
1802 1334 365
1647 304 1168
1599 1273 291
675 254 474
913 112 637
740 523 1427
790 617 401
1882 207 566
1107 928 722
480 405 527
1683 998 575
1042 528 131
582 360 1090
1347 247 1544
1969 753 1164
529 201 623
1983 1804 1707
1725 324 903
1378 341 768
1829 906 262
1813 1631 1748
1807 1780 749
1580 171 1290
1039 609 1452
1853 1470 1376
1895 116 598
1446 963 1043
285 65 882
1456 1094 1906
1115 590 151
1269 126 1309
722 466 409
1918 503 175
1917 1302 1885
1343 12 60
1691 1644 1881
1692 81 483
455 252 1182
1249 80 1311
1733 1654 700
1779 1261 1159
614 397 463
828 581 96
605 361 943
1435 529 658
1565 80 1404
1872 1854 858
1161 1037 763
1045 593 1245
1533 237 1957
441 136 112
1843 1795 1778
1517 184 1921
1414 1109 573
1787 252 575
1136 669 1926
1296 566 1307
150 110 406
1274 150 398
1490 743 974
1329 1179 1426
959 346 1414
1255 242 1726
1873 1224 1180
1947 794 1034
1663 221 448
1786 741 1817
645 507 843
1453 196 1846
1594 41 350
1283 895 1876
542 448 232
242 83 1132
993 361 795
1756 1376 531
1608 5 1589
1681 486 148
1244 300 1892
1610 156 1885
718 495 628
1442 594 373
1712 878 1627
976 367 894
1967 1151 379
1623 361 1021
1657 1546 1518
430 378 709
1362 37 1359
1600 146 1432
1870 347 1328
1017 90 388
1921 353 549
1140 214 1026
1845 782 1377
1916 1246 388
977 271 329
1917 1899 1028
786 333 999
1222 669 1153
1551 647 750
1893 154 16
1710 1221 736
1744 993 29
1186 703 489
1862 966 1003
581 450 404
1818 947 636
1653 1389 1929
1808 1666 810
1762 798 92
1242 625 1286
1702 1672 596
1762 1424 1584
1580 597 1355
1884 675 1242
1319 625 575
1311 1070 1709
1805 941 1796
723 336 112
1639 1264 1039
1332 170 971
1900 1061 1559
1725 604 1809
1232 712 329
1433 1328 1710
1526 646 691
1614 109 1214
1222 1014 485
1120 735 1352
1866 1731 1081
1998 1532 1632
1339 460 236
1692 36 309
1524 1371 775
496 87 904
1996 1168 1551
1825 1300 914
1717 1296 910
1533 420 1761
1879 1291 1548
1770 1376 1203
1634 1427 1137
1272 1243 342
1648 1094 731
319 125 1137
1729 1574 1063
413 202 1865
1476 939 1010
1906 1406 1388
1691 1563 482
1818 96 1287
1646 991 363
1534 171 214
1583 1256 921
1828 235 1733
1637 590 1979
1274 966 441
1847 802 531
1827 506 184
1036 446 1226
1224 679 79
627 237 1208
1405 612 501
1877 539 1730
1396 103 140
1868 1267 1782
1388 31 1683
1608 795 1581
1557 782 775
1183 77 400
1793 814 1457
1977 631 1694
803 381 449
535 134 1061
1878 818 1469
776 623 416
1140 63 1546
1515 1434 122
1999 1638 1057
949 548 401
828 78 1450
1547 231 1914
1802 1684 1830
1500 513 1034
1285 390 897
1425 199 1141
1221 835 893
767 384 1277
960 661 70
1156 1038 1811
1173 214 1831
1662 994 1924
699 447 896
1235 581 1483
1468 1211 299
1752 779 1356
649 290 230
1424 1127 549
1989 162 1027
1539 226 1467
1476 929 1097
430 169 660
969 685 289
1144 1120 1122
1387 265 182
1100 983 454
1998 1706 1778
841 710 99
977 329 1701
1186 539 193
409 407 1218
1145 602 1642
1707 667 1363
1818 563 1596
525 300 372
1181 443 445
1933 1349 1365
557 265 1924
1620 885 615
1483 1031 1372
1827 1700 1789
1641 176 1916
1575 1267 565
1297 1226 1454
698 345 1225
1566 881 1374
1795 1108 608
1887 1516 238
737 227 52
1577 516 1239
1834 196 59
1632 1182 299
1021 756 1252
1100 770 93
1210 170 1434
1828 1688 669
705 91 102
1429 142 1783
232 40 1743
1632 861 1614
1324 99 1931
1662 1536 1536
278 205 1874
664 130 1546
1845 223 139
1416 258 452
1510 1246 604
1586 1576 911
199 74 1114
1721 1463 1524
1763 637 264
1230 269 778
1767 123 551
1625 222 1198
1806 282 1159
1962 312 1514
1336 1153 146
1478 938 1468
1655 1201 1814
256 202 1528
1743 684 891
1133 96 283
1651 118 912
986 2 538
1914 580 1978
1894 534 337
1254 400 789
787 446 1243
1605 570 1344
352 343 453
1143 783 1031
1238 761 404
1899 532 865
1603 378 1710
1939 283 556
1707 33 1632
314 293 874
974 22 783
1943 221 1228
1176 1113 1808
871 6 526
1750 214 1132
1066 526 337
1382 1124 489
1089 964 1299
1369 391 1334
1494 1476 626
1325 411 1771
1833 468 228
1264 426 326
271 175 248
1683 575 1632
808 90 1756
1564 1080 1788
1120 339 1214
1778 525 574
1389 1082 1203
1366 756 1032
433 90 648
1807 670 1673
212 24 1774
1484 305 228
1305 1105 963
882 595 1670
1605 173 1870
1635 527 283
1364 690 367
1331 1161 569
1268 729 1194
1441 579 581
1885 290 90
1529 123 1290
705 214 1305
1643 295 528
1597 475 38
1639 65 653
251 179 1739
1096 457 487
1899 1151 893
1573 950 1336
1581 1549 617
1897 115 1460
1954 860 522
1461 448 953
1978 1951 1479
1968 1321 914
1506 876 1825
1729 1524 586
755 411 1235
1586 1250 201
1975 1236 1347
851 849 521
1952 1073 977
1448 42 1633
1576 63 1475
1539 876 1166
1963 1682 631
1573 1172 697
1843 1163 1433
1589 1516 1755
503 368 1932
1647 392 1021
1454 101 249
754 330 1596
556 490 1135
1077 638 1957
1959 1039 1524
1528 1245 1057
174 24 611
1126 431 1077
1654 1001 76
1766 69 540
1277 941 1679
1574 662 551
874 392 1068
1393 577 1636
1382 484 329
838 346 1750
1929 684 1384
1956 1506 1479
197 189 1628
1029 44 917
1568 153 816
1669 1205 1237
1408 221 1331
1998 1132 1561
1783 1573 1033
1019 319 826
376 69 590
699 561 1507
1875 1288 1064
1169 960 1072
1709 843 1137
1160 130 191
1249 626 776
1680 916 1636
1498 1483 1936
1686 1081 1638
1489 728 708
1896 902 712
961 634 417
1088 352 1092
1389 1231 1886
1985 299 661
748 280 1350
1427 663 1058
483 274 1100
1448 1306 1233
1584 421 387
1233 480 1568
1711 1671 755
1468 241 584
1785 683 6
1891 1533 1072
971 743 741
1695 1362 1047
1875 1760 1492
1800 477 1951
1529 381 211
1994 912 1341
1751 532 501
1750 334 1753
1815 133 789
736 496 1553
1041 331 785
1533 1255 451
1680 161 277
1722 1356 1398
366 286 285
710 708 494
1241 486 1882
745 740 40
1492 142 1873
1116 617 1590
1969 1397 1269
1028 110 915
1319 95 336
740 383 1440
577 245 409
1900 1204 1643
1852 774 702
168 33 1871
1222 739 124
1918 1773 232
1076 533 703
1861 1327 1362
1864 1297 897
1591 366 176
741 666 1767
1638 489 1179
1809 1436 644
1757 792 629
1073 492 1155
963 521 653
829 419 1701
1822 1060 1730
1846 484 1592
1923 1576 1661
1514 476 763
1318 202 930
997 430 1359
1575 1037 9
1987 1409 1485
1624 1505 336
923 86 938
1758 1520 801
91 83 1957
1603 1009 1060
1878 916 839
1997 206 1608
1872 853 1040
1485 529 1175
1470 631 1371
1583 807 231
1124 495 1867
1730 650 444
1811 405 1601
1550 1005 430
658 378 1414
1904 1685 1932
1045 30 839
1940 1916 418
1939 1207 1910
1532 555 1275
1178 698 1983
538 39 1245
1318 1131 167
1520 571 815
1102 292 1085
1335 493 328
784 520 574
1505 1208 1526
418 50 366
1928 1194 1830
1121 986 865
1880 440 1760
1593 1255 1799
610 482 635
1206 1154 597
998 955 1859
879 273 716
1978 323 1276
1641 199 416
1951 1777 184
806 485 116
1284 317 1472
1040 714 1597
1959 474 1739
1800 1541 1358
1065 848 1407
1925 952 1088
1908 7 1589
1880 318 1410
1419 1289 1517
1914 521 1750
882 183 1664
1834 518 1234
1101 801 1564
1883 567 372
1345 397 1097
934 147 1009
1805 1348 97
1815 1418 1386
1818 455 548
546 193 1801
453 24 1764
715 516 1280
1587 1357 972
1084 237 1479
1105 991 1136
789 641 1853
1323 426 666
188 150 364
930 9 939
891 780 867
647 369 1966
1071 397 148
1928 1050 1605
923 447 137
1639 492 1256
1503 313 831
1625 1277 1576
1543 388 164
1060 786 1713
1906 1486 1363
1136 987 1539
1771 221 340
1584 1583 1481
1074 545 80
1504 1004 1023
1599 406 658
1809 842 328
1727 1229 1569
1736 1080 380
1103 842 133
1956 995 564
1205 22 336
1020 533 798
621 609 463
1521 199 1246
1780 608 1373
1018 993 755
1550 582 1422
1895 189 775
1718 990 1100
1673 885 600
1968 245 567
1749 1176 153
747 566 446
1905 1445 345
698 286 1133
1991 1158 865
1833 270 377
295 131 905
1494 108 1703
1804 645 319
1802 1586 928
1428 302 1321
1386 1181 1060
1992 1798 661
1771 1548 4
1138 1102 1502
1726 309 691
1229 7 977
489 464 1904
1843 767 407
950 392 1662
1560 433 1458
1598 1466 608
1135 251 279
1373 477 1367
1335 1303 447
1566 402 427
1398 915 446
1227 1114 1651
1153 834 1346
1471 251 1815
1854 530 656
1836 1304 1271
1272 213 127
1814 1222 500
1176 18 1701
1820 906 599
1127 867 1894
992 708 863
1942 1703 1005
1384 917 1493
1687 1336 907
522 167 1738
1223 444 52
1001 640 1065
1018 681 584
1922 930 1771
1951 1869 1531
605 238 1349
1899 1255 811
1565 1391 1124
1362 57 1684
1218 295 688
1796 210 721
1675 785 907
418 124 5
1844 1519 2
1138 654 886
1768 1749 1139
1885 1757 486
1760 1448 1273
1069 618 1440
1952 74 1252
1999 1554 433
1197 489 1483
1238 677 247
1868 1645 1759
1535 1218 484
1896 1771 1884
1904 1195 1580
1261 815 733
512 115 938
982 256 1835
1677 1635 1974
1817 550 528
1215 195 938
1193 433 1581
1049 729 1828
1861 703 1262
1856 1506 868
1594 1390 1551
1144 213 357
1607 808 1205
1384 65 1305
1721 1278 948
1607 1046 1686
467 235 399
772 764 161
1494 868 443
1953 1679 1775
1972 775 1493
1068 876 96
1887 886 1155
1147 856 808
1948 1014 1095
1424 1198 163
1734 1519 1336
781 170 211
1560 1424 1234
1601 639 948
1044 301 296
1580 177 1169
1989 1668 780
1567 484 773
392 258 7
1437 1157 1530
1197 129 1735
1886 746 1806
1579 167 1357
1296 713 1206
228 173 1589
1357 457 1884
1870 770 1318
1454 868 1457
1490 324 103
1238 906 1343
1697 1412 306
1374 183 1118
958 567 1119
1127 193 254
1603 486 329
1330 1064 1749
680 596 345
1834 1569 1686
1231 821 226
1162 1098 1219
1570 200 986
1912 382 1206
500 282 1679
1497 742 628
1827 565 170
1843 1420 146
1247 463 585
1056 974 1066
1868 1694 1764
1226 635 835
1335 980 827
369 245 424
1081 695 617
1269 1014 838
1962 226 1564
958 238 766
1925 1790 1263
911 285 646
1410 1044 810
1720 1086 330
1914 1130 33
813 486 806
1762 747 1527
1525 897 1754
851 135 1702
601 486 201
1938 1817 850
1842 1719 170
844 349 1616
1615 1249 621
401 291 1255
1953 1010 316
683 347 162
1236 559 930
691 581 711
971 211 1036
1256 251 517
1918 523 254
851 118 1181
1959 1494 1574
506 438 1530
390 192 1624
860 621 767
1951 1772 1186
1530 787 1579
1853 162 1227
1805 715 829
1466 963 1742
1692 1473 475
119 115 1040
1964 1053 420
1352 1267 228
1694 363 1970
658 588 1921
1863 1533 1174
759 11 1204
861 127 907
1964 1355 1028
1954 1849 1435
1720 451 529
1966 686 395
1873 592 771
1455 133 649
613 512 503
1966 801 1712
1674 117 1317
1975 978 506
1818 1472 788
1967 1489 1845
1273 1269 1506
1847 620 623
1725 181 149
1450 1372 14
1376 481 1743
1743 202 236
658 254 166
963 388 782
1943 474 505
1992 1593 741
1423 943 1533
1918 949 1282
1279 778 72
1411 144 1444
980 10 1925
1462 1189 1005
1345 398 1500
1799 670 1094
1355 591 1514
1092 354 1914
1968 850 1061
388 331 1416
670 269 488
1769 1690 283
1423 85 411
1842 1512 1697
1504 1314 87
1676 835 762
1383 181 1928
1769 1362 1636
1477 1154 992
1574 1115 1516
192 1 1249
1675 1078 1501
1193 733 838
1981 385 846
714 128 240
993 929 21
786 730 975
1094 862 74
1167 783 1397
1891 1018 1495
1448 772 1738
1048 329 471
1850 1745 757
1533 141 1756
1169 124 932
546 483 1507
1687 1125 950
1920 1588 1216
1640 1285 1854
1415 241 1539
1486 978 1307
1131 258 1076
1919 227 266
641 606 451
428 201 591
539 191 1662
1289 134 1668
1699 1602 193
565 497 1428
1817 1353 723
1828 1600 1039
1376 166 1330
727 602 973
1940 1382 1786
1057 794 1637
918 394 1485
418 360 388
1983 1784 1639
1380 481 1382
1322 765 1994
1813 901 784
1884 696 752
1939 181 200
1917 1757 1606
1325 929 132
1858 1841 1036
1998 769 639
1933 1338 1876
1603 1351 1048
1211 581 492
1773 1534 634
1885 1265 1191
1357 1017 1271
1955 490 274
1891 303 247
1318 968 209
1507 704 744
1201 410 1005
969 572 1438
1827 367 1445
1761 1361 289
1202 335 1757
1807 1640 1814
895 435 754
1264 82 1159
733 104 943
1558 1029 1331
957 476 36
1120 925 550
1041 112 928
1985 261 1312
1878 610 37
1027 984 1595
1705 767 1768
679 17 608
752 472 434
1431 1097 1861
1251 309 1303
1124 874 840
1527 416 1221
502 153 1712
1703 649 182
746 128 1516
1207 703 393
1792 1681 1745
1864 1443 1057
1129 305 1493
970 32 751
1821 337 692
1821 927 1984
1613 464 484
1113 437 240
1995 138 1872
1421 1054 765
1903 131 1543
1053 982 272
1479 84 170
1805 158 24
1963 641 415
1261 356 1898
555 161 12
1232 572 585
1687 804 1283
1252 638 1699
873 497 357
1868 1824 1626
1483 466 169
1995 1880 1464
1250 106 198
1403 1215 346
1902 651 486
1934 1717 1771
1496 45 1052
1509 403 629
861 482 725
1215 1184 1435
1359 595 1009
1193 1117 866
388 345 1021
1776 548 1468
1702 1585 1625
400 381 1610
1818 900 1905
1101 766 1585
1288 226 1294
1643 152 21
1902 1248 680
1901 1095 1774
1646 169 1758
1866 712 61
401 328 1940
1977 1224 1183
368 75 1557
1848 985 1786
1285 550 506
1942 1921 441
1629 1134 190
1714 1236 1001
1859 1019 130
1854 1051 1446
1249 420 332
849 552 1470
1756 458 1306
1454 403 759
1701 618 514
1117 841 1763
621 332 448
1540 1431 1060
599 227 753
1905 1717 1987
1898 759 218
1287 1244 1029
1578 13 601
1441 512 858
1767 1617 152
1520 412 1110
1367 69 1870
1235 217 770
1419 996 506
1438 500 1504
1874 1351 1562
1641 553 1534
961 929 999
1547 1138 268
1486 1072 1928
1517 1057 1424
1479 1166 254
1493 407 1423
1276 315 892
1612 1527 1749
1545 1302 1701
1929 958 1843
402 114 1832
317 213 945
827 377 447
1691 295 713
1431 596 661
1076 1023 797
1299 5 1212
1343 50 655
1932 360 1063
1255 308 263
758 430 1176
1037 625 1113
929 263 1125
1992 1984 1326
1748 329 880
1350 431 526
1943 1286 978
1537 1046 86
1738 621 891
1554 12 482
1995 417 849
1797 1213 1224
1385 241 1417
1557 1087 1173
1365 1045 1369
971 761 1833
1804 439 714
270 131 792
1038 702 1842
1777 155 1121
1511 812 1471
1614 1226 170
1302 840 409
757 739 226
891 804 1257
1954 1445 1731
487 438 621
771 702 1820
1950 1606 1105
1960 1796 1416
1706 163 1462
1160 166 539
737 155 1754
1740 579 96
1073 805 742
668 304 1755
1358 648 231
1025
1773
1185
1159
694
882
1010
439
1951
658
523
222
938
135
1290
924
1073
1923
586
1633
892
1441
1853
56
440
1496
521
36
1337
1692
1094
242
1982
1876
186
106
1
296
238
1188
1255
1477
508
143
805
1889
399
1926
1207
1663
1490
1259
1874
432
1397
365
1376
771
1068
505
717
1140
453
437
1802
585
1138
1624
486
1695
929
1308
1518
1470
1529
447
529
318
1232
821
659
297
1556
192
630
1659
1514
1454
154
1629
950
1688
691
1091
1636
1488
1201
863
1244
1885
1861
1641
472
1393
975
1860
895
752
875
1568
1119
1084
1544
261
140
390
1163
973
387
1438
1286
709
727
1365
420
1639
745
731
1824
1014
715
1385
1928
86
150
963
19
207
226
1380
1664
1627
1571
269
160
87
1116
784
1937
834
1459
576
2
1536
1189
1798
1425
323
852
748
1848
374
1157
188
1844
319
625
1608
1655
370
1369
84
31
1026
1066
1645
1110
1437
528
1896
1765
1640
1709
1601
1766
1334
1597
168
920
636
789
1745
1494
1669
1335
1407
369
735
1467
1834
1247
161
506
1024
1855
858
1204
1395
1944
336
925
1410
815
1093
339
1088
1121
1353
1327
807
127
669
93
1082
1392
266
1685
1213
1867
355
285
1462
274
772
228
1293
1146
589
1404
1388
1836
1924
1339
130
969
11
1038
279
1492
1106
742
860
1644
1187
499
1690
305
1626
1673
1604
1502
1270
59
120
1595
1574
243
1217
983
1458
146
683
872
1194
116
1427
1320
1176
919
37
1035
273
281
1316
479
189
676
82
987
1716
1288
522
991
1469
343
534
1071
721
419
1912
1043
1762
89
212
696
468
1134
994
1660
8
1064
612
356
448
1497
1358
1950
1019
1911
1120
104
137
988
405
443
200
1732
389
99
263
1162
816
1927
1696
312
172
1263
705
730
1424
78
1737
1406
1304
272
1132
765
1988
1613
1448
932
1216
176
1806
1027
1545
1704
695
1583
1579
1386
115
1124
844
1181
999
1203
282
1625
1619
737
947
1455
1708
1408
1257
271
898
849
492
1999
267
621
124
1273
1221
1177
1757
1238
729
1936
1652
801
1507
1345
747
485
1743
326
755
889
1048
358
1880
403
327
1112
1979
1973
1416
716
931
183
516
706
407
1261
1210
1878
41
1939
1749
458
231
1646
1883
1078
1750
1981
328
139
1920
1900
1220
382
1453
578
359
18
1985
923
869
992
1581
377
953
308
1734
1925
1739
1252
857
1359
20
1330
634
497
175
906
469
870
456
1104
1983
1551
206
1036
930
1152
1945
1849
599
633
1898
1284
710
1854
205
164
253
1090
601
314
311
412
750
338
67
493
1051
54
482
1585
1186
275
944
410
663
1412
1095
1967
632
1087
1887
1016
1193
1267
545
1558
276
1280
806
1076
567
38
471
1728
1905
1970
1992
674
1872
1546
320
1344
1813
1894
225
596
1877
324
1620
1199
1946
1243
83
1258
1294
1845
768
1953
754
1537
284
1149
1372
438
1196
126
1984
1292
1219
1482
1174
1268
1158
787
671
900
299
1081
851
541
75
758
202
433
426
746
557
648
802
835
770
926
317
16
1118
14
1913
330
1917
1977
1172
1168
1839
1903
1302
1239
1949
647
888
552
1117
556
1542
1398
1023
968
1684
42
457
1052
1957
394
110
627
1978
1485
63
736
965
1329
1914
1731
258
441
1440
70
518
1145
1310
1975
1129
216
1131
21
1991
1701
1142
568
1471
180
1375
841
1600
1858
901
1578
1811
582
1980
498
1761
1591
553
538
1312
598
1691
262
1665
839
530
1306
301
524
1865
594
1753
1171
1360
955
1254
886
1009
948
1796
897
1034
346
974
1661
1248
619
1864
1498
979
1986
539
193
1821
360
1374
165
1875
1465
1902
744
1539
880
1021
976
1237
121
300
1723
1227
1594
1362
776
617
741
298
825
1269
1399
893
1533
726
1722
760
1151
1783
1272
874
227
162
199
796
1786
250
1649
1863
73
1092
1611
1841
811
1491
1107
1869
1548
1446
1931
334
956
286
34
224
1565
635
1479
560
574
800
444
699
1807
170
1231
804
1934
704
1615
1976
1694
347
1827
1515
1029
1960
111
637
1577
1630
1055
1815
509
1632
204
831
626
1921
1523
174
1552
1724
572
415
813
1819
793
1484
812
144
1713
1573
40
1918
1291
310
268
81
1605
195
1332
1511
210
381
792
513
1843
866
964
504
1275
685
1899
581
166
1444
1443
72
728
62
181
1622
1740
155
584
141
321
656
1475
95
1166
1588
795
1041
1566
1540
712
1525
1897
1648
1617
436
1313
739
1760
966
384
878
1508
1143
1781
1037
1190
1347
573
1033
3
1170
232
208
868
638
645
1325
357
341
1215
402
1656
818
1668
1169
1439
803
307
1402
80
1451
1060
1831
720
1042
386
1825
1426
28
624
978
1727
1714
1618
1820
933
303
244
1160
1720
1971
1047
1666
1759
980
1738
1717
27
514
843
1557
362
76
1555
774
1361
218
117
1368
791
797
1079
237
1904
1603
1553
1534
1111
718
1998
766
1133
315
1822
257
230
467
551
605
293
864
1541
316
972
1012
55
1718
511
1817
5
255
1409
1513
345
1417
39
107
1020
1609
145
421
1350
714
937
1797
4
1049
1466
332
1445
891
1178
236
340
1884
1962
114
465
1683
149
679
278
1895
819
1606
1907
1598
885
942
542
1752
1499
1947
536
1080
9
829
1687
826
1828
666
2000
1191
1842
96
1264
1866
1200
348
1161
213
17
615
751
1241
411
570
464
473
1642
1396
1503
1915
198
452
1463
559
85
1674
290
678
782
1183
1311
879
1478
565
1538
98
373
1747
1964
618
88
194
90
1245
1274
1250
1638
1069
151
1886
1000
1307
1338
588
1996
173
995
911
1763
1780
591
1202
859
1519
466
1823
526
129
884
543
1803
1156
830
1423
134
525
1225
1969
380
1180
1719
251
690
1434
435
455
680
701
248
856
762
775
1198
1651
845
1224
1103
449
1130
1032
1893
1607
322
1681
234
1096
191
1301
364
971
6
1501
790
1958
1277
631
595
1774
1672
353
280
1730
1018
1363
1411
1602
1530
1653
1011
1209
1173
1711
1955
946
1706
7
44
1787
1242
871
209
1135
233
1512
908
1840
123
1764
406
1419
118
1742
52
1698
79
177
614
662
833
91
496
1838
1367
1635
325
916
1509
1520
1341
416
778
832
1658
1593
622
66
1057
246
484
894
366
957
306
196
554
1677
105
1589
1789
217
184
640
1150
1083
1560
1056
1128
1832
670
1474
981
1450
682
64
1901
865
713
1758
922
428
962
1776
600
1770
1735
131
1961
219
1486
555
424
1930
1058
686
547
1383
836
609
1240
1791
1164
915
1305
1667
569
401
1249
463
1881
810
512
1965
1612
1610
1816
1354
798
379
171
887
1699
425
1061
1045
1449
500
1857
867
993
112
507
1576
409
1287
1767
1587
824
1564
277
1099
350
15
855
936
1356
675
1039
474
794
1394
1517
814
743
483
1436
558
363
1792
481
702
1435
604
943
1580
734
1500
808
840
1218
1175
759
1235
1809
1418
1432
1948
342
1195
1053
1703
1430
1710
967
960
1997
1755
1100
1400
352
673
1297
602
1882
1852
620
1373
990
1300
1182
1153
517
1256
1067
687
1122
764
22
1005
1906
185
827
1476
1847
1144
1357
1283
1707
986
1384
148
1799
1447
563
828
69
1768
1002
1234
47
515
1584
970
203
49
337
475
119
1966
101
1974
1790
1846
1772
1679
1524
1795
197
138
239
1751
928
711
1871
1777
1184
1808
1457
1236
1282
1102
896
657
1065
1771
335
592
940
1004
1472
1702
1206
1349
1527
921
391
431
773
331
395
214
667
677
1510
1487
1214
291
909
396
45
862
1318
951
1590
668
46
989
1675
1483
876
132
450
1505
1754
1654
783
1059
643
693
902
1726
1779
590
1570
977
548
913
949
550
1165
376
361
899
53
1211
623
51
958
461
1015
32
451
1127
1549
961
240
30
1343
903
1420
1634
1812
501
256
1862
1879
877
1480
1403
1212
1599
655
113
1516
861
1070
1528
68
157
650
1554
653
109
1778
289
1818
1919
763
1017
1348
665
1830
820
1233
1013
725
1008
544
549
259
1892
1309
249
917
152
1433
997
1382
1464
952
309
749
1317
934
1563
1561
1279
417
1643
1700
1916
1736
393
1229
907
1413
757
732
385
566
738
1405
1431
1801
229
1442
537
1315
1972
1155
1586
25
1547
33
1355
351
684
1725
1324
408
1678
413
1932
1543
35
400
156
1995
853
1460
1379
510
388
1856
220
490
1428
430
122
616
1303
1956
1686
954
1381
1456
422
817
1295
445
71
823
1705
733
1800
1105
142
1141
1592
779
1022
533
1262
1532
1246
1909
847
660
1114
1351
1851
1040
260
1868
24
1461
664
1331
1489
1567
644
503
1389
846
302
1228
1943
914
1154
1959
1322
1522
1321
288
1336
100
1954
480
442
881
719
1208
531
642
1422
1429
1253
1468
1077
1805
1682
283
692
722
1835
245
753
1888
187
1137
1741
1352
211
375
1785
1870
270
799
562
822
1922
890
454
167
1179
74
1414
575
904
1192
1582
1873
918
535
371
1050
1814
912
1251
1314
1910
10
1631
1662
1769
1756
520
60
349
434
414
179
1963
404
1003
652
998
1007
460
781
92
769
1526
546
540
910
1260
1670
1197
941
1001
1693
1390
329
201
1346
48
1621
333
1940
1504
1810
939
103
1285
1271
1990
1387
1333
883
649
1296
1657
1278
494
984
1265
1569
1030
1891
429
1108
313
235
1628
1148
427
502
1993
1968
43
1850
672
777
1326
571
23
1125
383
1401
854
611
287
1935
688
603
392
1062
1044
241
29
842
564
1596
809
398
1952
1521
1616
1109
1559
1748
1371
1415
372
681
1859
354
1370
128
1989
935
97
1794
102
26
1097
1089
50
945
597
1829
1572
1782
1689
221
1075
1340
65
785
495
1364
703
985
628
1775
292
470
1299
873
1890
190
1623
344
1531
689
1721
1226
1676
1697
133
1323
1098
1167
740
477
1614
1230
446
607
264
1378
163
610
756
1086
294
905
1028
1941
1793
12
1452
478
1712
641
1115
724
1136
661
153
182
1575
1319
58
1031
147
295
708
1788
982
577
254
1744
761
639
1223
247
1421
397
1276
1987
1281
1833
1495
1647
837
169
959
1046
1933
1006
1784
1671
1938
1837
608
1222
1113
583
1342
527
654
136
767
1366
159
1377
418
1908
1746
1054
848
1074
94
838
1126
265
77
1550
587
651
613
178
700
646
1085
996
1481
698
580
13
1147
1535
606
1391
697
629
1715
579
108
593
1994
561
1289
1733
487
723
1680
459
850
368
1266
423
707
158
462
1729
1804
378
252
786
1063
1328
780
1826
1506
488
1101
1473
304
532
489
1139
1123
788
927
215
1650
367
125
1942
1562
1298
223
1205
491
519
1929
61
1072
57
1493
1637
476
