148
-9 5211 170122
-6 5375 150532
-12 286 147294
-21 2786 108805
-18 7551 145226
-3 7633 168482
-5 70 110643
-19 3557 171553
-1 3425 161479
-17 5914 157249
-6 617 147431
-14 6941 113507
-7 7239 138593
-14 7040 142529
-18 2542 132582
-20 2588 151546
-15 3894 149132
-16 3623 113211
-15 4071 123876
-4 6661 159069
-9 853 141794
-5 7469 136595
-2 2153 116339
-4 4612 147269
-15 5212 145802
-4 2017 144288
-11 3609 131171
-5 6150 106205
-5 580 143349
-6 2156 147333
-8 1639 136421
-15 1946 104831
-13 2796 168357
-8 6768 168444
-22 749 110447
-5 239 104853
-21 1559 151721
-13 2486 117078
-16 3215 145220
-12 1515 153008
-13 5594 133011
-4 5824 125466
-18 3492 144172
-17 2473 159299
-16 5220 144954
-4 670 122785
-4 3948 155853
-8 754 141190
-4 4954 103520
-8 1359 124499
-21 4579 129801
-5 5223 161511
-6 7397 111605
-4 3012 134138
-2 3560 139244
-16 1715 169274
-1 1789 123897
-13 7388 172002
-8 7698 117686
-14 4363 130790
-15 6422 121511
-11 5269 130303
-2 7438 158545
-18 7775 129977
-21 7394 113333
-11 7042 115610
-12 1302 145692
-21 1977 110681
-8 5896 165373
-7 6031 149137
-7 535 115273
-19 2951 162054
-22 3204 109096
-11 7079 134548
-3 1151 160573
-10 881 159961
-16 1285 155788
-20 4016 131742
-8 4171 129305
-5 3342 148546
-16 2889 145542
-20 5095 146642
-16 6166 144936
-9 963 148576
-4 7326 130761
-22 381 123543
-12 2327 127773
-17 2415 160157
-5 6967 163042
-3 5486 143183
-3 2336 139140
-18 6232 161493
-13 888 110891
-11 3984 107399
-4 7398 112571
-10 7211 136291
-16 223 122004
-10 5926 119433
-10 1382 132069
-4 3797 156860
-18 5597 170781
-11 1660 120682
-5 593 141361
-15 2238 162269
-10 5725 157012
-9 6548 110260
-1 5588 150977
-20 4129 129102
-21 532 137899
-10 3555 138249
-10 4001 114018
-16 1399 103556
-1 841 153794
-21 2839 165052
-20 2700 121223
-20 5454 118331
-21 2467 104014
-10 1718 110078
-3 2262 124514
-2 822 141943
-8 2882 129643
-21 7418 130784
-15 4763 134697
-4 1458 152563
-13 420 119616
-5 6752 121172
-9 6111 125099
-17 6669 146209
-16 747 139253
-17 5623 132850
-20 3542 111696
-18 5755 143122
-1 2610 114414
-16 356 132197
-10 5818 117863
-14 873 132454
-12 17 114068
-2 6406 110231
-20 7152 133108
-14 7119 162507
-9 2712 170753
-2 2811 145452
-2 5420 160156
-17 5776 120190
-4 5938 138343
-15 6811 171087
-4 6827 112992
-4 2060 119772
