1096
-67 127 115
-33 1467 28
-23 1604 30
-70 1909 125
-17 869 116
-2 946 106
-56 330 108
-45 1600 36
-49 139 50
-16 989 99
-74 2144 117
-64 1396 50
-50 771 72
-54 1186 93
-5 710 34
-41 133 62
-27 105 43
-50 1493 114
-13 278 62
-65 1313 102
-9 1067 102
-73 1950 115
-20 365 117
-51 353 47
-60 667 101
-15 876 67
-5 1743 70
-58 649 121
-73 492 33
-20 1236 50
-70 1570 35
-41 1622 83
-16 2121 129
-42 1263 104
-65 2172 88
-28 357 130
-7 171 86
-33 727 43
-2 457 117
-14 1930 63
-8 534 108
-57 845 50
-52 2066 42
-42 582 33
-34 988 25
-56 824 52
-49 223 133
-41 265 141
-56 1706 42
-33 1415 82
-42 1921 114
-40 2098 71
-23 1704 124
-41 1102 143
-17 2102 26
-61 746 81
-15 1316 57
-33 196 47
-74 1202 127
-60 440 37
-39 363 53
-7 107 42
-2 1773 42
-18 666 34
-73 1456 102
-5 2169 62
-68 971 101
-20 224 135
-42 1871 83
-10 767 119
-64 57 58
-14 516 41
-38 795 142
-14 1914 87
-38 1177 39
-19 177 79
-64 172 136
-8 1611 124
-49 1289 38
-59 2055 135
-24 1136 23
-37 675 42
-51 1469 140
-64 1259 80
-25 1537 69
-65 637 112
-71 2099 75
-75 1894 59
-29 146 58
-40 1371 118
-48 1258 143
-9 1324 106
-49 1276 131
-34 1310 69
-33 1507 121
-48 1121 35
-46 889 30
-35 1148 29
-4 1218 60
-13 1618 51
-63 1115 48
-65 294 84
-62 1798 107
-54 1275 43
-6 2093 77
-30 804 124
-69 1234 72
-14 144 56
-22 1338 111
-42 744 26
-59 1633 38
-48 1731 127
-47 1952 40
-6 1591 145
-31 1491 61
-60 1319 39
-31 360 89
-21 1719 100
-42 865 65
-9 632 46
-44 72 62
-16 826 145
-39 586 140
-22 2158 116
-11 1818 71
-11 1999 133
-59 1597 63
-62 1123 73
-6 1011 93
-14 382 117
-14 336 96
-12 26 123
-5 1008 34
-1 412 31
-51 1307 68
-62 352 122
-5 972 95
-43 1119 22
-48 1153 93
-38 1819 41
-71 605 29
-22 216 140
-11 1628 96
-21 813 22
-18 2056 99
-3 1888 37
-45 1892 141
-51 1208 58
-39 192 31
-66 791 43
-68 1486 116
-44 553 137
-73 1845 97
-14 199 92
-16 525 111
-40 1868 63
-65 2081 60
-65 1433 135
-40 1031 125
-63 743 90
-56 949 82
-30 769 27
-50 468 49
-44 2029 137
-42 1479 28
-65 366 142
-30 1232 58
-16 1881 122
-13 263 38
-47 938 26
-4 126 58
-30 2077 62
-71 1061 88
-37 897 57
-3 1399 63
-67 1764 36
-73 2019 49
-13 731 127
-26 17 143
-72 955 124
-75 104 35
-6 2180 53
-1 1395 119
-16 2115 58
-21 13 135
-32 1348 104
-17 1593 26
-37 2015 141
-11 2161 143
-36 2011 66
-59 1210 90
-26 222 65
-26 1616 140
-18 1538 51
-15 1551 141
-46 1922 98
-62 1322 80
-1 1144 74
-11 137 47
-46 2147 91
-7 2046 136
-52 1106 136
-46 475 138
-9 1330 107
-25 1168 121
-66 909 118
-44 422 55
-37 130 132
-29 1944 117
-40 310 114
-21 273 22
-53 1378 94
-23 1962 85
-49 1475 71
-25 345 79
-46 1137 140
-31 83 134
-16 1388 134
-63 536 57
-5 1544 67
-13 643 82
-10 1462 112
-50 255 23
-75 1729 50
-24 2074 84
-69 42 77
-2 1340 41
-69 535 28
-57 195 40
-39 1250 44
-21 386 131
-33 2084 142
-45 1417 97
-4 894 122
-16 801 93
-73 1104 79
-44 1142 124
-2 995 127
-70 1623 29
-67 1602 100
-53 32 84
-48 1139 56
-69 1285 109
-14 2183 87
-34 1986 105
-25 614 29
-16 822 98
-1 1565 24
-19 1051 94
-66 1677 106
-21 1708 44
-45 655 55
-39 963 142
-29 953 60
-40 976 120
-6 1437 47
-9 848 89
-37 276 88
-36 351 117
-3 2027 53
-23 1542 75
-68 1220 86
-8 2182 81
-13 1426 96
-50 1425 105
-56 1886 131
-41 541 50
-2 2032 93
-14 1406 63
-69 1240 71
-16 1806 125
-60 2049 64
-44 2039 100
-57 1028 27
-10 763 51
-4 2096 33
-1 1465 49
-54 434 77
-31 528 43
-8 1074 86
-13 2020 103
-42 1422 63
-10 2101 81
-67 1936 114
-19 839 124
-55 2173 102
-29 2095 79
-31 580 32
-16 1107 41
-75 1205 105
-65 1032 62
-31 262 80
-17 1386 139
-8 1129 84
-27 991 61
-58 1902 118
-56 2048 75
-41 436 51
-33 566 47
-33 1770 131
-22 610 23
-29 2087 58
-46 1280 27
-53 1432 89
-56 1446 105
-16 225 53
-27 121 58
-22 1125 73
-23 726 133
-46 1312 65
-32 1180 138
-55 272 91
-52 1068 36
-16 1581 91
-22 1401 71
-23 2151 86
-36 116 89
-29 903 88
-27 41 135
-75 638 30
-18 1817 22
-49 2088 68
-26 1368 60
-8 2175 43
-59 43 75
-74 1543 138
-68 2187 112
-9 788 115
-48 1090 81
-33 1727 90
-50 1351 67
-1 270 114
-26 1233 129
-20 1823 111
-59 285 119
-47 469 89
-65 2053 66
-35 1769 43
-70 1777 70
-40 405 108
-36 977 44
-30 373 24
-64 1545 55
-62 911 108
-17 220 30
-41 688 97
-30 1519 118
-44 1431 136
-44 1637 118
-30 1505 124
-12 765 89
-45 1496 127
-75 642 129
-37 1293 80
-8 1171 33
-24 2023 64
-58 878 135
-7 322 99
-13 1332 53
-42 2104 116
-25 954 111
-16 372 135
-46 700 98
-17 583 46
-49 1679 98
-44 485 90
-75 1615 144
-29 2091 35
-61 664 39
-5 1217 133
-46 98 59
-12 836 92
-65 2007 36
-40 397 114
-13 1099 65
-33 1007 111
-16 1793 35
-57 1923 139
-35 1193 126
-32 678 82
-34 775 139
-45 1610 61
-11 1424 52
-50 844 144
-39 1942 40
-48 1973 129
-40 1573 119
-21 327 111
-33 2035 67
-7 520 122
-40 319 114
-61 952 130
-71 1400 36
-23 1267 135
-61 1017 28
-34 2013 112
-73 417 85
-71 508 26
-26 350 140
-9 2085 92
-25 211 36
-10 187 144
-57 1586 135
-4 660 124
-42 596 107
-27 850 73
-67 736 141
-73 1243 114
-23 616 84
-8 509 131
-32 1935 145
-18 442 119
-62 2016 97
-14 921 96
-72 465 50
-23 1640 141
-20 150 89
-22 1161 63
-15 563 23
-10 306 146
-28 1450 119
-56 1012 80
-35 849 120
-26 673 31
-73 1910 51
-8 1685 73
-11 447 44
-14 246 59
-49 1767 24
-53 1024 98
-33 1059 31
-45 99 106
-54 510 56
-39 551 66
-15 1956 25
-59 1584 111
-22 1266 66
-61 1511 68
-35 1085 47
-12 1133 123
-45 2191 109
-14 1791 45
-61 1548 122
-22 1814 115
-51 1813 33
-67 932 52
-64 1852 131
-69 1961 56
-57 901 134
-26 807 74
-53 1621 99
-38 1969 51
-39 674 48
-30 359 48
-57 650 114
-31 872 99
-11 1046 68
-41 1802 137
-17 1481 115
-34 1741 39
-70 1911 104
-73 392 43
-27 1966 69
-61 424 138
-16 438 90
-57 112 28
-68 1746 101
-60 136 37
-55 641 104
-66 189 122
-60 587 56
-32 2 123
-35 1968 22
-20 1630 139
-13 1607 119
-69 1744 41
-24 1474 104
-66 1235 84
-31 84 114
-65 1504 25
-19 1438 40
-72 1786 44
-25 1970 57
-35 1782 29
-32 1203 74
-53 548 137
-14 1224 38
-44 1564 88
-63 1347 113
-28 252 87
-70 375 111
-72 1489 135
-70 1825 128
-27 328 33
-63 1329 39
-37 634 51
-31 1044 125
-10 790 139
-7 86 132
-75 1796 143
-64 2123 52
-54 423 74
-35 517 104
-71 1197 44
-72 1830 91
-27 1463 69
-74 1816 131
-68 1901 130
-67 1977 126
-62 174 28
-40 854 86
-75 378 65
-67 1728 23
-5 92 46
-29 101 73
-10 1585 123
-42 1183 128
-49 679 97
-9 853 73
-48 1820 115
-46 168 89
-16 1717 57
-1 652 61
-29 1761 91
-34 488 26
-71 1270 83
-55 1760 101
-30 716 98
-10 592 102
-58 1436 70
-28 1603 114
-21 1128 24
-21 803 40
-26 371 109
-60 2063 113
-56 1206 117
-35 178 123
-29 677 24
-35 2033 50
-9 1595 122
-49 1421 119
-51 706 81
-25 896 115
-72 633 25
-73 810 42
-3 805 44
-38 2171 105
-21 735 63
-71 1711 79
-50 1080 90
-72 274 57
-9 689 71
-26 1863 121
-55 1257 41
-50 979 99
-74 1855 103
-34 1166 97
-33 1620 98
-53 138 142
-43 1652 85
-1 1669 73
-2 588 23
-48 2177 51
-2 2021 49
-40 477 121
-8 1826 52
-63 868 120
-17 183 59
-30 1228 47
-62 721 123
-32 1364 56
-39 792 107
-22 620 92
-61 1441 67
-51 20 124
-49 49 109
-69 256 81
-44 2118 111
-23 887 122
-9 1460 95
-43 800 97
-56 686 103
-51 1126 27
-29 542 72
-10 1784 70
-54 724 144
-38 38 108
-1 283 45
-51 396 67
-51 1018 70
-17 1246 57
-57 141 135
-7 476 132
-59 2047 61
-9 570 100
-63 964 120
-68 1520 124
-69 611 126
-41 776 121
-74 1980 23
-34 462 109
-74 1905 75
-12 1269 74
-1 1700 107
-4 77 143
-43 64 93
-13 607 70
-6 521 27
-35 2094 78
-11 5 103
-24 249 126
-19 428 112
-18 1151 38
-73 251 34
-41 314 105
-30 2136 131
-12 1915 136
-59 466 84
-20 67 146
-18 303 71
-47 1390 40
-53 1472 89
-29 346 51
-12 191 68
-63 1512 47
-26 714 83
-49 924 89
-5 1108 137
-56 1297 127
-56 1733 74
-74 209 88
-43 704 92
-71 1050 121
-59 264 144
-23 1775 44
-48 1665 82
-28 1613 100
-9 2150 91
-75 1442 127
-54 291 123
-70 324 48
-34 1898 40
-17 2018 23
-64 635 75
-1 1325 135
-32 1173 116
-26 1130 77
-2 1523 57
-14 959 38
-40 799 126
-64 267 134
-19 58 121
-41 2051 139
-54 1846 93
-74 1560 132
-29 207 135
-16 753 132
-30 154 125
-58 1842 109
-22 759 96
-54 1672 99
-42 1160 41
-18 383 94
-48 1650 143
-60 2103 143
-45 2108 87
-50 69 81
-32 935 44
-30 717 118
-60 1291 71
-39 259 42
-36 1554 87
-73 1675 113
-44 1265 24
-49 2174 74
-2 122 122
-48 1940 51
-24 62 141
-63 1954 138
-2 1933 50
-18 269 30
-45 557 114
-70 1278 143
-48 73 101
-72 1181 135
-53 70 36
-75 1392 29
-16 1996 65
-45 1643 143
-39 936 47
-61 1492 116
-55 228 112
-40 1627 36
-50 1196 107
-9 515 60
-31 662 122
-13 888 114
-57 1646 146
-74 567 43
-51 1891 60
-45 565 81
-37 1216 129
-63 1344 123
-62 847 125
-10 490 33
-27 1377 115
-60 830 91
-58 420 112
-33 119 128
-54 1899 62
-15 461 146
-15 1023 108
-71 1487 77
-28 1357 28
-37 487 142
-39 1237 40
-51 1118 30
-53 970 88
-34 390 66
-62 851 119
-1 1549 57
-32 2059 114
-36 1223 121
-72 2092 116
-13 2145 79
-37 185 88
-14 821 143
-74 1484 142
-41 1651 145
-26 712 124
-69 1410 138
-43 644 91
-39 364 109
-73 1281 42
-39 106 80
-49 1075 127
-22 920 88
-20 1167 84
-38 1458 66
-42 885 127
-58 480 125
-38 2060 138
-35 883 135
-47 12 92
-20 1087 72
-19 1030 115
-15 356 52
-68 1768 38
-71 1605 40
-47 2143 69
-39 1703 29
-53 1609 82
-1 368 27
-33 108 112
-38 1682 128
-10 1943 79
-53 578 44
-45 2116 129
-30 1849 22
-14 719 143
-75 1903 88
-50 1440 111
-42 1295 112
-49 980 23
-2 284 75
-41 333 100
-74 1499 55
-6 502 61
-16 1333 51
-57 1558 80
-23 1331 124
-13 1649 66
-38 2057 44
-28 458 62
-19 1574 74
-60 1021 77
-13 1095 129
-69 1451 108
-50 1517 41
-57 2111 40
-58 1567 30
-20 1027 29
-59 91 82
-69 815 123
-10 1918 111
-48 591 115
-21 1839 133
-36 1163 52
-69 1016 70
-52 1453 52
-9 190 74
-75 88 82
-58 1659 22
-59 1020 117
-51 745 73
-23 35 41
-6 1873 135
-18 1681 40
-45 770 38
-27 957 102
-52 1360 143
-33 1341 50
-65 1384 110
-17 1152 138
-39 1510 32
-35 947 37
-35 2017 129
-75 838 91
-16 332 54
-21 922 76
-33 1286 144
-74 1693 85
-15 215 76
-41 391 109
-2 399 146
-37 1110 95
-18 1375 61
-26 1949 83
-57 1078 39
-9 1423 84
-73 164 25
-34 312 71
-74 1292 122
-72 916 61
-63 205 134
-67 1127 68
-4 1229 134
-64 459 71
-62 564 52
-64 2152 141
-62 271 77
-60 994 52
-47 729 109
-61 933 142
-52 2109 64
-24 1809 127
-63 1686 23
-63 694 139
-8 653 38
-70 2140 93
-31 533 100
-41 82 22
-39 232 32
-15 1365 24
-38 1134 106
-23 829 32
-24 1497 131
-18 1174 130
-64 18 76
-8 68 58
-14 1885 31
-46 640 114
-41 913 100
-36 734 108
-44 1394 93
-2 1411 131
-10 550 144
-34 562 45
-41 929 85
-52 621 145
-22 470 90
-67 1056 45
-63 1790 67
-10 1797 136
-50 159 120
-49 1789 128
-34 206 53
-47 1856 45
-40 773 47
-25 842 125
-69 453 39
-54 1674 132
-69 1149 52
-28 1862 116
-3 1279 72
-24 2082 122
-41 433 88
-47 661 64
-53 1991 132
-14 1154 112
-20 748 109
-70 785 104
-14 781 24
-44 1780 89
-2 1569 51
-14 1739 116
-15 879 130
-30 1716 108
-71 437 145
-72 1207 108
-50 87 47
-52 1049 39
-71 1468 98
-61 355 51
-29 379 114
-51 188 130
-38 266 41
-45 484 146
-7 313 24
-38 110 107
-15 1190 102
-1 1381 63
-70 1661 24
-20 1666 126
-3 1572 102
-67 2128 39
-5 1488 122
-59 639 84
-46 1965 125
-37 2178 80
-38 201 98
-57 1248 93
-38 1697 64
-23 1723 144
-63 2054 110
-18 1086 122
-74 676 130
-2 75 88
-55 1225 38
-65 234 118
-42 624 131
-13 1698 100
-32 53 26
-54 160 32
-59 651 105
-10 142 111
-33 1009 64
-26 833 67
-61 693 111
-58 1354 23
-6 1434 23
-62 967 44
-9 1140 70
-67 522 108
-56 1880 45
-65 696 87
-68 1294 110
-36 1060 47
-66 1308 100
-17 1146 44
-18 79 146
-18 219 29
-70 441 35
-15 430 81
-23 1447 128
-22 1702 87
-26 16 53
-7 945 66
-43 1929 59
-61 1035 128
-39 184 111
-11 654 89
-10 1380 131
-35 1521 37
-47 560 115
-30 2034 136
-26 2137 66
-30 1516 97
-67 723 98
-55 401 143
-64 132 127
-46 692 65
-53 71 54
-64 1255 145
-33 1199 114
-62 1201 64
-31 793 80
-19 1336 35
-1 445 33
-50 1346 90
-29 2192 95
-49 1256 98
-68 320 63
-10 609 109
-10 425 96
-5 881 109
-26 930 38
-75 1157 89
-22 708 50
-3 325 81
-53 604 133
-46 1162 27
-13 597 98
-39 1015 135
-66 197 74
-23 1367 123
-61 1951 25
-31 1299 74
-61 406 37
-46 579 124
-65 385 88
-70 615 126
-4 1629 103
-47 1383 30
-46 543 119
-64 1788 65
-21 50 63
-13 297 68
-43 730 132
-9 782 22
-66 1238 127
-15 1260 102
-45 846 146
-17 1164 71
-13 701 121
-5 109 29
-37 623 43
-7 617 36
-51 1877 90
-72 530 67
-13 1917 93
-70 600 38
-6 1478 46
-17 711 52
-65 163 105
-61 1853 76
-6 1583 133
-32 764 109
-27 455 61
-13 1116 61
-63 697 128
-40 1771 98
-23 1535 95
-61 944 92
-29 663 93
-1 699 31
-57 860 134
-71 1975 134
-58 1103 115
-35 681 111
-58 1808 36
-12 125 96
-29 2025 128
-34 524 48
-52 348 141
-18 997 69
-33 715 64
-68 758 33
-34 1740 120
-25 1088 123
-24 1366 95
-26 1413 95
-49 1720 70
-24 1408 64
-52 494 104
-49 415 25
-30 1804 24
-48 384 83
-23 1756 43
-52 1283 38
-75 831 80
-55 229 141
-75 2132 54
-53 414 98
-33 1112 119
-44 1274 143
-70 1658 94
-17 1221 115
-68 1528 131
-44 1382 64
-23 1515 36
-35 2062 64
-31 832 44
-55 768 128
-55 315 140
-3 612 88
-72 305 35
-10 1418 60
-44 2124 25
-14 1559 65
-12 823 135
-21 1445 127
-32 783 78
-34 418 144
-8 2125 135
-43 1253 110
-61 619 56
-72 253 22
-56 778 42
-23 2070 46
-24 1730 111
-42 1296 95
-39 1490 142
-74 720 23
-70 973 27
-51 1045 25
-10 1053 22
-73 1792 102
-51 298 95
-24 1587 65
-12 645 53
-60 837 124
-23 1131 133
-49 1928 80
-57 1562 44
-14 1309 88
