99
426 469
276 422
355 461
297 458
333 477
344 488
239 495
336 506
142 539
231 546
418 519
223 585
368 551
386 553
302 607
319 613
358 600
396 583
342 645
392 613
365 662
421 608
384 681
323 814
383 743
429 671
467 598
466 627
472 644
499 503
491 637
501 874
516 749
527 713
545 725
545 671
592 782
588 725
625 770
559 610
623 694
630 679
706 751
645 657
657 649
500 500
581 559
621 577
622 567
693 592
706 582
604 534
674 545
612 521
743 530
717 512
605 499
685 486
662 477
686 462
701 447
728 425
829 368
766 372
639 421
648 404
565 450
767 270
592 410
683 300
610 362
630 316
593 348
595 318
606 263
510 472
517 441
517 429
526 351
515 359
506 336
495 332
483 320
466 289
461 331
489 465
477 436
451 387
378 255
334 213
462 444
361 318
315 290
315 314
299 323
346 381
392 427
375 426
156 325
