79
200 164
202 178
172 148
190 186
173 182
187 200
165 191
175 208
171 215
151 216
123 217
179 238
118 239
145 247
118 260
137 267
163 271
159 278
149 292
169 289
156 308
182 299
184 304
188 308
177 327
174 347
182 351
200 340
212 336
218 345
220 368
237 318
239 345
249 324
257 370
264 355
265 330
285 368
288 348
304 356
300 328
296 313
319 327
325 323
299 290
339 312
354 312
336 294
348 292
371 292
328 270
343 267
357 259
348 251
404 242
356 237
359 226
356 215
348 211
343 204
328 206
356 183
347 179
284 221
329 172
310 179
308 165
293 170
288 169
274 189
280 144
269 146
257 160
249 156
243 146
240 173
229 163
212 139
212 166
