79
486 499
305 518
320 537
240 580
275 591
208 652
425 545
408 568
360 620
433 565
396 627
458 564
372 728
469 571
390 794
447 679
447 747
493 563
498 774
512 731
525 660
538 667
518 550
587 704
632 736
551 581
587 622
661 684
500 500
665 639
664 620
609 572
625 568
652 569
545 515
700 553
554 510
622 515
657 505
778 496
717 472
736 442
782 411
567 472
791 339
565 456
799 271
612 404
639 369
545 453
572 417
554 426
613 318
604 305
595 262
588 229
529 370
507 439
522 166
497 360
488 330
459 165
459 258
436 255
411 218
401 243
374 250
458 435
343 298
386 375
338 346
388 411
375 420
309 401
395 459
483 494
205 434
169 453
405 495
