100
348 713
366 717
397 708
346 869
402 774
483 562
471 630
463 755
494 571
501 645
518 741
528 758
558 895
543 679
556 668
601 744
638 798
594 663
664 762
618 671
657 693
779 786
688 677
633 603
640 598
537 522
533 517
658 568
781 602
603 531
709 548
513 501
618 505
772 503
631 493
805 468
714 458
643 463
880 375
685 431
645 436
711 386
792 307
614 410
544 460
663 340
573 416
601 365
581 382
641 277
612 291
576 341
518 451
560 315
562 285
560 250
507 451
521 287
503 400
495 378
485 384
456 279
440 246
475 412
402 219
425 309
380 241
387 292
462 436
367 309
342 289
405 384
481 478
384 389
320 354
464 473
329 382
358 413
250 373
414 465
226 411
157 421
332 468
440 493
206 496
306 506
269 521
199 539
426 515
359 538
277 580
130 653
224 642
366 583
486 509
351 620
455 540
395 604
389 618
296 762
