100
541 691
556 713
561 690
597 737
571 638
584 646
614 679
615 649
620 633
641 640
676 645
665 613
648 584
661 583
668 575
701 570
693 554
708 546
653 524
690 518
688 503
706 493
694 477
688 467
700 450
664 452
696 426
686 410
678 401
667 399
686 366
676 347
628 376
643 351
622 350
624 331
609 330
604 323
593 313
575 322
578 285
556 312
542 322
532 311
527 272
508 357
502 299
490 288
483 325
473 325
459 309
450 307
446 318
431 316
424 315
391 288
400 327
389 334
377 329
362 328
370 349
366 360
349 357
358 380
320 371
298 381
335 422
328 436
314 446
309 459
254 466
294 483
315 499
316 511
307 522
284 533
329 540
307 560
357 558
331 582
342 590
343 607
333 634
357 634
361 651
398 631
386 679
404 683
413 696
425 687
435 695
453 666
454 720
478 678
486 675
491 689
506 689
518 743
524 711
529 693
