93
464 328
451 329
445 342
418 306
411 322
404 338
377 321
374 339
351 334
350 355
336 361
328 371
346 401
330 407
317 414
317 429
300 436
275 445
294 465
295 478
300 493
310 507
278 522
315 531
292 548
309 559
294 579
324 580
337 588
312 617
336 617
332 638
366 625
353 655
374 653
388 657
385 688
408 676
425 669
423 707
445 689
461 678
474 680
485 676
498 724
510 688
527 710
545 723
561 721
559 670
567 657
601 695
618 693
628 679
623 652
635 644
655 644
631 607
643 601
689 615
665 585
699 585
685 564
707 556
733 545
662 520
713 513
707 499
761 482
674 475
688 461
722 438
723 419
700 410
637 427
637 413
654 387
638 383
655 351
623 365
629 338
611 338
611 310
592 313
574 322
577 272
551 306
538 302
527 275
511 296
498 292
485 293
476 323
