93
669 349
648 356
663 329
648 330
638 337
612 334
593 342
600 310
589 294
582 287
546 338
541 298
528 325
512 276
494 341
471 257
468 288
453 322
435 299
426 299
422 302
410 327
401 346
360 322
369 342
379 376
370 377
336 379
318 390
348 410
309 416
335 439
311 444
314 447
329 465
292 466
347 477
334 489
290 500
275 504
340 520
294 549
312 564
293 600
322 601
335 613
364 611
345 635
380 626
356 662
407 622
412 652
414 653
425 673
430 684
448 682
461 687
479 687
490 669
505 697
525 688
552 706
563 693
577 674
604 675
609 643
616 638
670 665
655 630
670 624
649 583
695 606
684 589
680 571
676 568
707 574
706 569
696 559
676 532
700 512
680 492
684 490
710 484
733 472
715 459
683 457
718 423
683 429
672 408
676 398
675 389
643 389
648 371
