3499 5245
132 2019
280 1632
826 2303
3214 2642
81 82
406 1507
142 2958
2696 537
425 1783
1668 1596
1892 2728
3 202
7 649
640 1022
30 2766
2777 2142
521 308
2148 1455
3418 774
973 1348
323 301
2557 124
100 1231
1215 307
1082 749
480 792
2046 507
1233 3187
2577 872
2985 15
1181 1142
689 205
211 122
3377 3195
1569 2445
1912 573
257 690
1739 2549
239 1145
2589 149
1846 194
3195 3011
369 120
3407 293
623 2085
3413 2652
3076 1602
1276 3309
863 1980
1087 2511
9 115
3439 1796
1503 2595
2637 1389
1794 3271
496 3005
1152 1944
361 13
1544 416
1761 415
62 133
1910 1926
3458 2248
3244 3469
3109 391
2467 486
1304 1655
3265 975
1086 1833
1015 128
1149 506
2170 1653
3165 1588
79 3
2371 1633
1184 1922
2578 2844
2344 610
974 348
2938 3100
117 774
662 762
631 636
343 608
3307 936
1609 357
2645 3291
1236 2385
864 3337
1604 2112
1269 1354
486 630
1850 319
2256 3490
847 1354
2073 3042
2302 3023
322 1642
646 1219
3359 632
2454 80
2163 352
987 1050
2518 1692
2709 482
3015 3450
613 178
3096 1770
1357 3307
669 2026
1530 676
2105 2155
2772 445
1527 153
1548 2499
486 353
208 377
1384 77
3198 1074
664 506
249 162
2216 1797
2793 1726
227 3044
1120 2308
1098 2262
1544 2337
236 1759
320 865
1436 1901
388 3281
1828 2482
1744 1536
1888 2446
1129 1838
1295 1531
1542 778
1472 1948
41 367
7 1
1397 3054
2862 994
1727 18
1190 3041
1464 1133
1809 324
1949 771
2494 1288
747 1042
2977 1497
1964 2895
2094 2046
2511 3189
74 139
535 2492
886 1176
3416 679
1819 1878
1869 1625
2046 179
404 2152
2245 2191
1361 2469
1810 362
2861 1439
1026 175
1140 1201
268 466
3056 1984
842 361
336 12
2779 574
423 196
1305 1656
1009 372
1624 3362
1228 2244
482 496
877 1620
2888 1606
1097 2061
1237 906
3025 2992
1730 3221
379 358
3407 2558
2749 258
1041 465
3307 582
220 2106
551 489
1336 2530
2285 2251
2065 1183
2395 2721
2309 472
2947 2340
1641 3019
2825 3494
1599 54
1406 931
2142 3493
2125 1540
2188 2419
3236 2835
954 811
2405 1713
919 656
550 1467
547 858
2061 357
2348 2093
294 2874
2122 1910
1604 1830
1558 2291
2436 684
44 2536
2200 1512
298 910
477 2146
2 1
850 1361
315 272
26 91
381 860
390 343
516 225
2352 121
318 1497
3262 1522
2085 810
1377 427
695 2555
3301 2671
3009 2557
1233 1289
628 1371
181 23
2832 3418
2750 266
1265 2733
3070 1143
1570 1301
3246 3380
3479 1561
1726 394
1371 1272
314 2186
866 1071
194 3197
2513 1495
1182 245
966 948
1338 3381
1416 2553
2557 678
1293 1433
2032 1691
2667 1858
1238 669
767 342
794 849
62 326
642 472
11 169
3213 2818
3335 508
82 739
3418 1829
2697 1738
568 786
2431 3369
43 2578
3423 1432
52 242
1968 1251
755 2745
729 427
2576 2007
3196 1481
2638 331
829 1206
584 890
44 1407
1405 1935
101 2732
3356 1489
1387 1257
2318 884
3297 189
2793 1166
283 2470
3257 2925
2727 2371
701 109
1482 1539
2780 3466
3284 2692
592 137
1484 558
1720 3393
410 541
447 750
917 1216
3402 2002
576 2955
2542 2534
2628 432
960 1324
980 93
2151 85
1296 782
915 19
871 2142
407 1568
468 1917
1369 530
1853 1329
718 492
1199 1787
2672 2828
3085 786
493 2769
426 633
2335 2273
1012 2163
1484 2857
3351 3445
1229 3177
316 2863
332 700
1286 1791
363 211
1698 173
1716 1739
2543 3122
206 2984
1948 664
2734 1518
2442 1191
3365 3178
53 8
1277 930
1394 2453
3287 1658
2071 3259
1400 1278
58 1126
1643 358
2236 1178
2055 1560
2783 2982
1992 2003
1686 1368
2744 1561
2441 3389
788 638
2146 3332
2015 2622
420 742
52 1466
2634 2104
1276 1442
540 408
2363 881
348 134
808 5
674 405
3496 971
2547 2559
1267 454
219 274
3075 1849
3401 3203
1139 351
160 12
1025 762
1735 1820
3434 2736
807 1778
2778 447
1601 3277
367 784
986 933
732 175
919 16
1616 139
3127 1564
1734 1838
218 3207
3165 645
1138 3403
585 871
3367 741
1094 1172
2728 3133
242 1278
3310 839
1614 1483
117 2001
1937 3120
494 2252
3322 2558
106 1889
109 33
1972 1045
361 415
2916 2657
3159 1346
396 181
1645 3135
1669 1073
1179 2407
62 502
2198 770
2155 739
1528 216
1169 1514
2549 1690
394 525
164 2263
721 1411
899 780
2710 845
491 90
3338 1930
1247 2600
568 993
2542 372
223 220
596 3468
3105 573
352 117
2050 564
651 1126
921 227
200 213
275 1140
2030 1272
3198 2140
3465 96
639 1010
2105 961
2696 2566
1078 489
2466 2897
2621 3152
492 44
132 478
1038 2002
552 70
2516 816
2355 3379
46 14
448 602
1742 3049
797 1211
163 201
758 411
360 2014
194 2175
482 84
1630 2111
1482 1274
1726 680
3257 2376
2458 858
121 1095
1519 766
777 39
3210 1408
2742 2853
2579 1543
650 913
2371 483
3237 3339
1058 2556
768 2912
1513 788
1234 564
2867 1710
408 1662
2562 150
548 573
26 54
1926 1702
1370 2877
345 903
1326 344
3163 1017
3233 3488
189 2791
2734 1854
288 298
31 44
229 1567
451 2166
3312 1171
2021 1344
2481 1180
678 2946
1088 1870
986 1187
3145 2347
674 3306
3008 3252
232 1229
3460 2544
1460 2108
1233 1012
2447 583
143 3462
2626 2043
2455 2051
1709 1109
2869 1653
3145 2155
39 9
1841 2133
2957 1777
439 500
2581 1856
1407 1158
1201 2253
882 1207
536 424
2647 1971
915 2100
1902 859
791 55
2681 1037
2231 892
3299 1150
222 1705
774 2073
1913 2341
3252 2308
28 51
3158 767
1768 2372
547 684
549 3060
489 37
2846 528
144 1007
514 428
1967 1939
3212 424
1457 1132
869 2065
3179 130
431 1788
1321 67
381 1133
2816 2994
1874 2368
2407 36
812 1462
1314 540
1578 1394
118 1280
8 29
1639 1175
1023 453
3345 3316
724 721
2782 1297
147 2070
2430 2716
2025 1396
1383 3296
2040 2746
258 1566
211 967
3130 3436
2953 1841
3482 3442
2950 373
2780 3111
225 400
3130 2248
425 1966
163 1024
624 449
1465 112
1137 453
324 1619
282 219
2856 3206
2900 2371
999 1658
995 554
2079 7
546 593
1284 2349
896 654
278 582
387 412
343 737
295 856
943 2054
294 2356
1907 1667
1890 2742
2159 851
3298 1818
1965 1141
2419 2026
3390 2631
531 3272
55 462
137 3346
251 130
3275 2869
2874 786
1336 2579
1357 2513
1502 162
2287 3133
1460 1738
106 2500
440 200
2856 269
1489 242
1335 548
2378 2255
1283 585
781 570
46 650
3138 3056
786 792
584 1772
1998 1806
292 1774
524 1910
2617 2710
232 619
477 1023
51 2092
1193 226
1421 3277
409 2600
524 823
372 1872
2515 1407
327 2940
2 1052
1721 1186
3034 3153
1265 3152
603 2042
3239 3328
647 733
583 127
288 548
2348 1631
1291 3263
1112 1425
197 1891
3295 830
1582 1434
1436 2071
27 174
2736 2421
2859 3089
1385 2261
193 2233
1266 958
293 365
516 3343
1986 1274
484 1238
482 694
1631 166
281 316
989 2448
1496 2327
1407 2686
316 448
1127 895
2236 1768
1504 36
2222 2632
1485 2397
1743 1657
2162 178
1685 1950
2906 1837
1036 342
980 2406
2965 226
744 272
1491 2536
804 555
2886 1283
222 96
366 1617
1704 1532
2488 1424
3345 1637
2346 2455
2691 771
138 553
1210 810
3270 2134
852 1725
1479 369
129 166
6 1863
484 71
561 532
348 917
659 1352
2799 436
560 1631
2867 2664
109 1370
3001 138
598 2521
353 685
220 399
2667 1391
76 426
1653 1606
3329 232
3340 2308
2835 1165
3351 1245
2691 839
1629 547
443 342
2537 2616
651 1346
44 78
1542 3301
1860 1308
439 1754
1976 886
632 1594
1316 309
3071 3371
270 1054
110 183
98 364
809 638
2839 2304
798 363
2857 3277
710 1095
751 1017
1274 527
2191 2438
273 96
1572 3357
1116 1556
17 101
1162 140
1654 3002
365 2873
2718 3098
293 2288
1413 876
1915 2120
392 1732
253 635
2245 3144
59 566
1396 1238
1271 3088
1356 2906
1146 882
2398 149
252 3053
2619 3137
107 725
1333 1234
2548 1980
1722 298
762 1113
955 2908
159 129
2308 2688
3 1360
804 1608
100 1757
2763 3363
414 411
224 22
2643 1884
15 392
1959 2161
1969 607
1892 3263
3034 3271
66 2284
964 606
124 566
1 451
1800 2793
1522 1513
3149 2328
498 818
2864 406
2524 17
1457 587
130 794
104 17
453 8
382 140
1873 3278
1328 376
83 1913
2364 2242
899 2509
369 3473
616 1886
76 77
2512 3325
2849 1417
707 94
2219 2141
30 4
2255 144
3404 1856
45 48
393 972
2480 3390
3 125
2136 1629
2592 3230
654 573
1667 288
1183 3316
3250 462
596 1002
5 16
158 1006
775 819
650 1775
1157 241
2479 2268
2422 847
236 403
1660 1497
836 559
1918 2398
1557 2235
70 1405
426 713
2176 712
2725 3253
3209 3002
854 502
66 2373
1687 1369
1441 1126
1752 1331
1480 1048
1084 2484
1298 1786
1170 1554
3239 1230
3129 2100
376 2244
478 2374
2875 1999
633 3448
477 2138
14 815
267 1203
1493 723
2148 23
1262 271
2162 3218
2217 2278
878 616
262 1019
806 2768
2268 198
2295 1825
1670 518
2783 1343
3118 1939
1543 1866
2124 1420
2756 836
1315 167
2289 2297
1035 346
2589 3125
178 543
2671 1494
1104 861
1622 440
1794 2260
154 2538
1378 2219
1835 80
421 881
840 313
795 2172
164 2298
108 196
2282 425
2566 1536
312 316
2413 1853
2273 2806
932 3093
2015 3237
2290 1068
771 399
318 2639
1006 1693
655 1769
445 393
398 2211
374 2393
3396 3225
3252 3345
2044 1290
244 435
1883 388
2277 1164
3211 436
2453 2833
3456 1361
2072 175
161 34
1163 287
2702 1497
1116 1485
182 1220
345 826
23 454
1899 2783
968 429
2005 2010
981 2209
1827 1862
266 397
2051 2525
1459 1736
2411 854
2633 2541
613 969
2515 444
47 2597
2864 2004
3215 3043
3331 649
1503 2846
2090 1010
3100 397
3157 3360
862 2983
2872 2603
111 43
187 2659
137 67
816 1834
238 1636
1254 3357
3481 1914
3391 3281
217 115
981 792
3474 159
554 133
1740 1975
98 77
3212 609
741 2830
3385 159
2181 472
2858 2290
482 2121
2185 1877
2598 953
2031 2749
2554 384
203 94
1476 948
3248 2074
2745 1863
2994 1855
3140 2052
1021 930
2977 3341
2976 1100
579 1163
1177 659
3101 678
163 3162
2323 829
28 70
1391 2977
3114 2619
1531 1446
3434 2173
218 117
2897 2896
2251 599
1490 1143
720 2265
359 2715
2864 2128
238 54
2893 1019
274 1350
1536 699
72 45
1319 172
2301 1585
2612 2935
670 2666
877 2109
1716 322
3183 2163
1983 65
2570 1047
2743 222
722 2408
714 1747
1103 3297
1777 1970
123 79
846 588
1567 2761
868 387
128 24
1716 1839
2118 2838
2548 2809
161 927
3310 2501
422 655
3038 2542
3 100
1724 1299
1577 1035
302 102
1385 1693
69 67
610 1744
2374 967
51 255
1563 1361
745 487
2806 2524
3194 1676
1181 427
89 30
2129 1359
1561 1402
2768 2212
1663 853
2150 1703
115 658
1548 2471
1633 1714
631 2566
407 2487
1830 1503
1073 664
1388 1787
471 886
1708 1938
1086 2434
1375 1078
2917 1330
3339 472
3211 104
2551 528
736 1115
2708 2365
1937 2677
3495 1715
16 25
1313 765
2636 2623
1699 616
2601 1366
3009 2755
1198 4
1191 3359
208 485
3267 2442
585 109
2945 832
1155 1494
724 3121
2337 2808
3164 1495
140 483
827 51
232 708
388 23
301 1831
1596 1075
9 5
2316 2350
546 193
101 447
1398 122
526 25
293 168
2543 1549
81 48
1054 2388
418 2830
560 1331
2204 1392
847 2700
2507 2729
2623 2765
1813 895
659 533
723 3220
2083 35
2683 2530
1123 1392
1545 807
1781 1020
129 123
2656 1916
409 367
1180 717
3067 2979
919 3157
2132 1199
1088 496
3063 1724
1744 2631
323 2662
372 461
770 2281
12 1513
1055 1422
2968 1806
1849 2572
559 609
1922 2354
1571 267
36 1432
2342 2087
349 1888
834 272
1905 2603
989 2088
1245 2559
916 366
2291 1860
861 478
2602 2011
85 58
808 2222
1574 1089
2643 2676
2550 2898
969 833
2904 1648
389 60
2868 1762
1255 1238
641 334
2115 2408
700 315
2960 3051
2648 275
3131 3181
1954 2104
652 361
794 617
535 671
438 1579
1264 2192
1335 417
789 152
626 590
1392 1939
149 1931
1034 1776
219 253
2650 1290
1885 2214
354 172
280 3019
14 679
667 435
258 332
292 421
2000 1821
2523 839
2571 838
221 99
2682 2597
1103 1655
137 357
169 3430
2167 813
2456 2082
3332 192
1436 1254
2099 1544
944 1194
2283 2462
1023 3029
355 2213
443 965
3022 89
1091 479
2625 884
1101 935
1548 1663
2257 3127
1419 2655
982 349
3271 2501
2832 474
488 3028
2264 3464
2966 607
2761 2506
3298 2391
1417 38
1929 3153
678 1535
869 459
1656 1205
266 825
283 2476
2980 3264
1964 3296
909 533
271 371
506 362
3079 2334
1344 535
2044 3319
2481 2772
1176 1695
3433 40
2479 2554
1670 1985
1848 2859
211 271
2203 767
2156 2902
3016 2118
2684 2421
764 632
2438 2159
1551 2583
885 365
3356 3094
3352 3037
2596 454
1316 1525
1767 88
2561 2417
1278 624
1967 489
1715 3129
705 1342
62 534
1848 641
2297 261
983 408
2393 3487
1421 2401
112 1003
761 531
1942 1735
290 488
771 2173
3078 296
289 2231
3127 2368
2645 346
1338 84
226 616
2017 3082
298 1666
804 633
3393 326
2712 170
2063 997
2921 1207
1012 215
875 2159
3414 3421
2288 2660
43 883
1246 632
2463 2978
109 150
921 1731
886 1376
355 2609
1262 2922
2245 388
26 19
1216 1478
3129 1953
1532 1168
2551 3273
1572 106
2820 1693
1151 1884
660 3058
946 2435
199 2418
252 930
1799 646
2164 2498
653 370
2594 2916
877 3024
1205 2197
1934 3235
721 2400
2443 2947
640 2013
2544 2944
2462 1175
143 1633
475 1388
3323 2295
1663 3375
416 678
1668 2587
3307 2212
1456 953
3461 152
2029 1979
43 1735
3185 2826
2981 3424
753 848
864 408
798 1175
801 743
1245 2606
2078 579
2415 23
3033 2956
270 2702
1927 1711
25 420
185 1717
110 30
1525 111
887 1509
386 563
2985 2520
3383 3302
389 1369
938 1126
2954 1567
945 197
1135 955
881 2589
282 682
3284 676
690 3385
490 2934
431 3012
2048 1503
1334 3381
906 239
3082 1098
3219 2187
141 1395
396 2843
492 2894
1652 1032
2221 2533
3208 378
352 436
630 656
174 1774
3250 2656
236 1049
2559 2373
1204 57
2780 1900
2816 1020
3225 731
1150 1435
1777 398
510 3136
1173 3111
2831 1396
217 2714
208 299
3251 744
2311 1635
1306 1377
728 1380
1268 2360
3195 2495
1188 1148
2767 3017
3148 3012
2849 2286
721 1057
1013 1070
2823 1727
263 4
430 1725
2648 2613
1129 1837
670 1291
1386 990
3228 457
744 969
723 804
3064 498
524 302
2565 1763
447 2620
1516 474
3283 3286
2560 1344
1751 1367
2787 1242
2546 2860
2417 3452
1097 1171
1211 381
1640 2095
528 197
1072 1746
3066 604
1224 1319
815 1118
66 51
344 2575
1132 2558
219 245
1112 472
785 182
919 1402
1600 2414
994 397
121 2668
2852 66
906 1303
1879 2468
1630 835
294 257
1431 263
1730 2117
336 878
880 1741
1202 1005
156 435
2532 2023
703 437
755 208
2767 1525
813 2341
2564 1542
2193 822
2577 1509
3090 548
98 346
2194 381
2209 2090
60 1357
2657 1025
1013 105
743 1305
2890 659
2464 1107
220 2805
587 542
526 622
1934 1302
2646 1250
185 862
2343 3158
415 1659
2472 3184
3060 3120
1877 2248
3445 2037
391 1069
2254 3231
38 146
677 3203
2531 2339
316 1030
2337 1819
389 3491
510 743
1344 2210
1973 907
2907 2155
913 702
3339 1472
3012 387
637 746
193 3210
1275 2336
2064 803
751 2361
3071 2869
3221 3118
1045 761
1008 718
1118 2873
2856 3354
722 2
2015 1803
572 3049
1049 3410
1549 846
671 2606
2151 2502
120 3094
2329 729
1233 1450
812 2139
63 1374
494 1284
1522 2092
515 2030
1327 3075
282 1508
100 483
2038 1118
2958 2706
863 2494
182 506
1654 287
934 2291
189 31
871 409
618 2517
898 1012
239 1510
3050 2539
2241 796
345 2322
917 764
3470 1642
1347 883
103 286
753 1148
1418 2642
48 2116
21 876
978 3216
1172 281
1885 2850
2077 2027
2134 139
322 577
51 328
2198 2601
310 702
1000 2181
1765 1141
3045 743
1131 1169
75 806
3224 1198
1227 1573
3277 1514
788 764
271 2930
3488 2476
115 1780
987 1909
2417 270
753 625
2198 160
3382 3278
11 3
1978 572
4 2475
2734 3283
2698 1722
308 297
154 226
2877 209
2954 1153
2383 1221
737 2847
3212 1754
5 21
2110 237
650 1244
2899 2075
401 943
1457 2038
3 1329
2519 65
1197 631
2009 2999
1726 2621
3153 1128
206 1692
710 3057
1736 2764
385 297
942 109
752 288
1807 1434
2835 3427
620 2994
123 610
2894 586
280 457
3200 2692
850 2031
992 3477
1187 2228
3242 403
142 1515
143 219
283 850
1900 2428
658 1035
431 122
916 819
2577 3364
2543 2127
216 34
2620 1498
1053 1085
154 2307
909 2205
3245 1827
1269 1201
705 1979
566 2006
245 3300
122 471
3154 951
626 2952
3347 2085
1856 156
199 11
2968 1165
1700 746
1292 540
10 18
2887 1516
940 1990
2851 2725
1000 1229
1620 1821
861 1312
610 3270
468 1773
911 2027
3481 998
135 895
90 2
14 22
820 1192
627 1234
2135 1052
6 595
1887 2930
597 499
1393 1147
881 1798
984 406
716 1696
1591 1724
3249 2106
1440 118
737 3195
1089 2713
2301 2637
456 3356
1196 1164
2112 1295
2070 2974
310 262
1564 1063
2572 3274
3116 91
2491 649
3055 786
1540 1962
835 1189
1123 3
186 248
2939 242
23 812
3309 1236
1377 2515
1999 3081
2651 2314
2922 518
3066 668
1088 281
1631 3174
1048 2218
1798 3398
720 814
282 676
561 2225
155 951
523 1065
1632 2725
3290 40
1537 106
2107 1237
2068 1545
681 3358
1631 2959
2328 1815
1886 2126
1985 2172
134 1167
2697 112
2988 1623
950 1428
591 208
1958 1943
280 215
904 2087
63 92
660 216
1549 1933
1778 3147
816 1537
924 3067
2617 2848
3396 3367
2370 2332
797 967
2009 789
481 527
1299 1091
2510 3473
1860 731
213 2547
689 1984
2220 1587
2119 1081
2860 2227
132 209
2749 1475
2433 1382
1117 313
2501 1932
1227 1
2096 2680
3224 40
2414 378
2201 719
2662 2015
1589 1201
224 118
80 578
3412 520
2279 1413
692 3158
2549 174
333 1186
2657 3287
515 312
196 358
1458 697
47 17
76 16
2002 1073
2304 2422
224 2596
2845 3388
381 2191
2187 465
180 1881
1376 1744
3145 3063
3197 992
2330 1926
2931 596
443 1778
1185 1331
1289 1275
790 183
1286 1542
2660 2786
1621 994
1249 976
2232 3260
3048 348
1251 2706
805 1325
1463 799
2255 190
1179 1077
406 9
2768 2379
1742 2808
1058 1890
872 694
1939 1108
384 1353
3333 1889
549 2909
337 1454
221 768
2708 2555
523 1161
932 346
304 3382
278 894
1859 737
1111 1647
1128 808
2487 1582
1441 1921
38 55
3236 677
1926 2343
902 1667
281 1159
1868 1193
2012 3429
279 2242
234 327
270 2825
2584 1080
905 2685
3176 1616
38 589
471 882
2475 707
1980 3425
1986 1228
2410 1561
1854 365
1780 2356
2138 2174
884 2831
656 2042
1015 1936
3238 1310
240 350
2399 826
2460 1217
3097 269
1555 1892
614 912
299 854
2558 2627
17 261
1488 1301
30 180
895 1372
1449 2125
1383 855
1865 1578
126 100
439 239
435 452
1355 663
342 95
766 3066
2529 1016
1497 1014
766 190
983 725
1860 2257
890 2865
240 4
1592 1265
1877 891
1003 795
656 57
8 2517
2381 497
1672 833
1185 933
166 285
111 259
1706 136
374 2430
2058 2276
2936 688
1635 3279
3229 3246
999 2567
294 902
9 1302
649 775
1128 1143
2313 921
2427 2624
2365 1238
211 1836
3102 2059
313 214
204 2528
1882 607
1444 1404
138 144
1427 3471
629 2996
720 1588
2386 488
175 88
3333 2869
2469 200
1517 2426
579 3057
2556 2534
347 164
3077 1162
2022 908
887 2015
963 906
2628 3234
731 2313
2489 1206
1142 730
819 2055
2717 1690
1555 960
3384 491
2960 106
2565 3208
2694 2575
2288 2239
2331 1590
45 522
517 612
2128 637
6 120
389 568
2090 2534
1909 1125
2548 837
1795 845
2784 2284
410 114
1221 193
240 372
605 3198
1690 104
1058 808
1977 1064
845 2466
512 1710
1411 3496
1126 2854
1586 1433
850 1719
2984 1210
2084 650
3229 2262
2545 2575
2156 2493
410 989
372 1192
1993 1222
2208 2053
208 1628
1320 669
518 3411
196 1989
2635 690
1090 1178
149 1230
849 2002
1712 152
645 383
2949 1658
976 2772
2798 1223
2873 3156
1186 3173
817 4
2928 2501
2686 2774
1662 1273
1195 1039
275 787
738 2759
3157 279
2856 663
987 1900
1702 956
1825 2285
241 172
96 3400
657 1526
3464 941
333 2921
2182 3155
3467 1054
2956 3260
2989 2332
3366 1422
1301 2005
1792 193
2159 2541
2529 2480
2355 2819
890 1265
363 42
523 1459
3166 1483
3152 1553
1785 991
2760 3325
2922 3070
359 796
3019 330
1089 3306
473 2880
258 393
3257 1762
713 2641
2300 1049
471 671
22 1652
397 103
1977 248
208 2256
2604 1518
2444 838
3221 1157
2678 2249
2059 921
380 328
1096 2503
3023 245
1558 3240
234 1282
1555 2363
1873 1091
1275 1450
2933 3194
319 91
2622 1271
180 1387
3116 3095
888 2991
3313 255
2118 2019
1907 193
2321 1259
1977 814
1356 1671
162 146
20 16
165 64
110 2920
3287 2198
2229 2111
794 3080
1869 2195
1793 666
729 2179
724 3210
133 1847
74 113
3289 2012
1562 507
1646 1913
3079 196
617 394
1386 162
2205 2278
2607 2014
997 3228
3084 263
1610 650
426 459
801 929
234 2717
83 23
1252 812
100 207
877 3
319 2484
1771 3025
116 4
3116 2989
797 732
2817 669
848 2233
2971 905
507 2545
1341 799
678 461
755 1723
946 480
2850 2595
2670 2298
990 564
2488 712
904 405
1842 1038
378 137
1447 1676
837 2333
2134 2895
1305 1939
3253 1887
3407 3084
394 603
1985 768
164 75
2365 3027
881 3017
1493 298
2862 3028
771 2395
910 2100
464 433
63 141
2980 2154
219 1569
3262 1549
1412 1180
579 749
1024 780
1199 507
1819 2555
60 2144
1193 1320
403 2511
1080 1925
1104 2607
576 2189
1268 1211
56 46
1908 2932
490 3209
348 657
1840 1018
856 2339
3103 689
3389 2332
1340 650
3291 1393
2451 1901
789 709
132 174
1776 2380
512 2851
1881 2905
3447 53
3252 1342
17 5
2948 1694
384 154
830 1749
2806 3498
448 1935
1361 1832
1116 115
807 84
1882 2539
2395 1545
2862 3329
498 1038
2250 1475
13 285
1720 721
973 1483
2505 3332
1784 1778
1238 1306
3263 904
265 1596
968 1734
2490 3249
3033 3269
3080 1973
3056 3332
272 669
1803 2420
524 114
1148 2026
1344 1969
2548 2829
2326 1048
1719 617
3018 1614
3110 1702
271 1713
2831 3426
448 2687
41 36
1240 1421
214 2653
3022 2765
2594 3080
2955 813
22 200
3315 1791
206 113
838 1389
765 168
1291 3033
743 2898
1518 777
25 539
2875 2840
2278 726
26 1131
120 254
2471 2004
265 251
460 802
2508 1554
1757 454
50 291
1148 1853
868 1420
2289 666
2352 3305
1031 669
1957 2157
2972 166
1522 117
228 725
3176 193
3034 2686
1250 2253
604 219
848 295
964 1014
2822 467
48 329
1606 958
991 19
548 2487
816 523
1677 2051
2347 726
1641 2
3350 2580
297 2690
2369 1410
3116 3439
157 120
1771 195
187 699
1132 1045
727 61
252 3375
915 3314
2569 932
2006 2404
494 782
757 641
43 79
203 1673
2680 2964
1318 529
1573 3485
359 357
692 633
2688 188
8 13
577 3280
1424 1209
1315 2394
225 175
468 386
977 930
928 733
579 1919
1952 2123
915 1690
3270 466
1610 2910
62 279
669 583
1300 136
108 1361
30 2357
616 2769
174 3024
3190 586
1915 3098
2027 3226
2235 2246
96 1109
1692 1554
3239 1383
2172 3037
2942 596
1502 2329
10 23
2518 1860
1543 1404
907 2151
2129 423
3486 160
1130 555
3439 1275
1390 528
881 1550
2881 2088
1220 828
3230 2641
1445 2532
419 413
2116 2673
922 2066
1610 2795
504 407
625 2289
730 3106
2477 170
513 163
2376 140
2717 2592
3119 1952
994 357
887 1016
2872 3399
2 3061
3399 2067
895 3112
2334 2232
3223 2593
1422 2610
2207 1857
1726 1821
906 1414
1097 3088
2469 531
2522 2161
1402 1019
637 177
402 1916
1743 2939
2797 649
2683 1034
434 1541
732 749
994 439
4 10
299 830
3312 2604
2079 15
521 1732
1330 501
2988 2699
412 1063
2993 1013
1659 1768
833 1611
274 874
702 2577
716 2539
2171 202
2506 1343
1634 1505
942 1067
3142 2223
136 4
2101 834
470 302
3045 2685
1947 995
2807 616
600 483
744 832
124 675
1750 662
1394 1469
1334 1903
907 726
1141 1531
2917 2948
247 152
350 2378
1072 1974
449 495
300 1948
1760 414
1696 2828
649 1577
217 289
152 131
2689 1591
696 373
3237 356
3216 592
97 1958
155 687
3306 2429
2996 803
2191 877
2958 1981
256 2936
3340 1717
3473 1458
3287 3322
1728 2213
3317 572
3377 1431
1223 1755
1198 2654
2294 2279
975 369
140 3092
1457 1823
1442 1895
780 3353
158 71
1730 127
1521 3450
2817 3235
1174 624
258 499
721 1351
2333 107
2902 1203
2374 834
3175 2505
805 2649
3428 2117
1576 2109
648 2274
1633 2501
3484 949
1796 1026
2859 702
1375 1482
1 4
2000 2254
15 11
99 382
1402 3199
743 1560
3030 223
3258 1595
1753 831
1585 924
2320 1557
1546 2900
809 719
718 2369
480 791
143 2789
515 1844
898 279
640 910
3005 2218
842 255
639 259
1872 1605
1960 1463
700 86
1214 1957
2559 3014
2455 1947
1451 732
337 535
2723 1455
823 1170
2446 2695
410 632
2534 1480
304 1416
177 1648
1450 608
538 852
3406 251
794 1703
3241 2337
127 147
620 1460
3304 1425
2804 1420
172 960
2592 1257
1888 1763
724 1168
1322 1876
193 496
719 1254
1856 3154
1728 779
560 2693
714 521
2466 2017
359 401
117 86
2811 1863
1812 768
1400 3160
3158 942
2023 36
95 820
41 614
1887 1139
52 1279
3417 2994
152 2891
1769 2427
1286 3461
221 3087
303 1583
3211 2071
1524 1069
1354 3487
52 476
152 168
1640 520
858 672
2811 742
432 338
32 37
3011 1327
124 3039
1670 3454
243 979
34 42
187 2594
846 2486
1268 3199
680 637
1770 894
110 598
55 297
968 1464
152 408
2544 2166
985 955
32 45
2990 2597
1503 3392
1298 393
1157 189
716 1028
749 772
716 2671
2845 1329
701 3150
521 2084
564 477
568 735
1285 1424
141 1462
371 3168
1791 333
30 331
1610 1152
1380 1859
119 36
1797 1729
835 1389
2 6
2051 1635
821 3087
2441 2312
1833 3000
2158 1352
1508 2212
1940 969
108 26
12 1138
1156 2057
1658 863
3424 2797
1930 1646
1987 835
992 1448
465 1714
477 129
568 2157
600 2256
2306 816
2651 2206
1920 2472
1317 414
246 2258
365 1954
1616 223
2378 3129
642 2613
1050 1209
2011 3300
1276 2755
284 252
3428 674
1429 563
1606 2548
1457 489
2375 1173
2941 1197
564 3007
693 1646
946 2261
1779 443
2500 123
465 1632
1696 2981
391 1230
2457 1325
2226 408
1502 2726
274 425
2102 175
343 251
171 2033
905 1624
2052 271
1295 1226
3442 1525
1173 67
1802 2665
293 1590
2164 531
3385 89
2186 214
1960 2178
780 3131
1827 810
3441 1443
309 35
432 940
62 530
435 2882
518 2705
3452 127
3342 2919
2304 3204
1301 1338
2113 2145
1136 634
2027 1202
2748 97
1279 2845
1415 176
506 507
2730 3108
1568 2684
687 786
969 1684
75 2131
1510 3235
2986 2
848 2011
2389 1897
138 1842
3206 16
205 3143
2415 2855
224 258
633 604
2168 3143
2762 3113
2264 2715
1786 1819
2962 261
3243 409
1856 1298
3000 1996
2154 587
523 380
508 150
2663 1218
773 637
865 1265
393 909
645 3021
1251 929
703 2464
1689 3386
3483 1403
3495 1267
3213 1144
1695 1587
325 839
1397 3292
2857 1398
3033 3040
1111 685
1565 2790
77 18
52 409
1659 2526
1562 606
1081 2700
572 27
86 533
1438 1238
1548 397
1143 1487
54 1995
171 1939
279 785
2485 973
837 3052
1399 509
3222 1069
1288 2108
628 2167
3344 3295
480 291
726 738
515 2737
3040 660
1329 1873
2868 2070
455 1923
330 260
3010 284
762 1072
151 45
527 2735
1506 1298
1746 28
482 2562
1155 183
2057 1761
1308 1808
692 1601
330 355
1935 286
1297 42
499 1151
1155 63
216 234
841 1197
3455 3392
2235 3138
1637 150
2184 1189
21 2465
2879 2517
607 55
1941 1616
242 340
70 2079
2749 3376
137 693
252 96
472 68
421 1791
5 944
2345 208
1391 182
2731 3351
1010 937
843 718
1123 1925
1679 1390
1411 1900
1218 3307
71 80
2130 1686
2598 3428
94 333
2358 890
61 460
583 2195
572 1267
788 2424
908 1558
403 2789
1559 23
1005 898
182 1100
2180 1606
1096 2656
2614 2304
3029 2250
2561 2764
1462 2792
614 631
5 3
146 256
1701 192
671 3043
2704 896
1557 925
800 1377
1091 1071
186 429
462 1001
3497 3360
994 1241
638 443
3036 823
1955 1000
1959 1369
1376 891
959 2612
1194 2692
593 1662
244 118
1877 1928
517 648
64 21
1309 785
660 1773
298 1543
2149 1104
182 132
2316 531
1677 540
920 2957
808 3480
200 980
259 58
126 2568
2123 2656
1045 2293
1629 1834
422 187
2159 2784
2381 2026
711 631
3261 2067
1678 1278
1677 2059
1392 1901
163 90
55 2089
4 14
2457 2987
77 938
2521 1539
194 160
1529 895
346 434
1824 1096
2924 2908
2307 1125
1885 1865
2206 294
2091 2979
124 3103
887 217
3489 3051
3202 285
90 778
2340 3379
85 904
2400 2658
1851 2272
883 688
2283 161
402 311
1946 856
1797 353
1961 32
553 1623
1521 49
7 479
1843 1831
1306 197
948 3127
1957 3423
300 93
1527 1800
591 1982
3493 1613
1163 823
2058 1032
2399 1995
1185 855
2605 3442
269 3123
1659 1880
2461 387
3437 1863
1609 1160
967 3041
851 175
683 682
1222 1344
118 698
605 1647
2001 969
457 2737
195 935
446 2758
1388 2179
1831 1686
1841 3179
61 546
1419 22
2333 2323
2083 384
2611 2084
1174 2366
193 2830
2918 2112
455 331
1153 16
2049 862
3214 492
1570 1876
2507 2178
1068 3405
1583 1299
980 1311
73 373
462 999
2731 2807
2453 114
1643 206
190 48
2618 4
270 2324
1634 3455
3006 2612
2866 1324
1639 2935
418 172
2223 829
551 1018
1272 143
2336 303
45 433
1975 1522
2692 1524
923 2120
698 664
306 395
3395 34
660 981
283 77
1746 3124
3373 2005
3390 69
61 71
2832 2146
967 1259
2278 573
407 186
194 2961
3070 2143
629 252
2390 2911
2990 605
2355 554
417 493
58 262
2601 1017
3141 3463
157 2035
1592 2115
2176 2288
957 616
232 1136
2477 2884
831 132
250 934
318 1373
2833 3191
2063 1389
1525 1481
3495 719
956 1718
1960 2304
209 1160
506 2168
2778 2779
2143 1021
1576 2658
730 939
2268 1153
208 941
2326 1133
1533 1668
5 320
2317 646
287 1209
1953 1075
1930 194
471 318
661 356
2449 1702
1396 1576
3157 2049
2768 1082
3411 2588
1453 403
3286 793
440 2618
2431 2225
2355 1847
348 3219
880 1093
2235 2756
962 2678
1815 986
3146 2462
1877 2160
39 433
1342 3116
1375 2154
646 483
691 1122
678 2586
2127 1153
1170 1165
2801 433
604 1629
2290 2372
2579 639
1917 2422
3014 1185
476 2775
1771 3274
3093 3170
2572 367
2669 1098
216 2375
1750 554
396 1737
130 26
1772 1817
2039 1688
813 2091
1027 488
2270 3093
2076 2125
2752 1324
1319 2392
217 1516
35 2212
48 3243
1495 3318
706 2338
341 279
62 167
801 32
1645 2620
261 695
597 1470
2202 1629
2916 2825
568 576
125 198
3041 634
155 130
1419 899
3121 1486
1357 3459
131 6
680 1208
2836 2167
1864 2527
2050 602
63 134
1150 2329
3262 3421
172 69
3048 2236
39 730
2346 1713
349 430
821 454
3046 1136
911 65
2822 2927
2682 58
2474 384
988 614
670 740
3124 2593
2112 3399
1442 1311
43 2687
990 1711
996 1288
2652 259
223 404
2064 3191
136 185
63 1403
1667 394
2271 827
1766 1435
2439 3478
446 136
2236 2696
1802 2703
721 408
945 3477
1995 2496
337 245
190 487
317 298
1086 102
2047 3098
925 2718
1156 825
2235 2733
818 2964
1274 2495
1466 1044
2691 760
3454 471
2871 186
1261 2043
3338 2491
21 1200
3387 31
3355 1773
2028 84
2992 101
925 1081
95 74
1757 1951
302 322
1705 3445
2124 2227
593 623
239 411
105 1894
731 509
803 587
1940 924
1267 2915
98 2709
1382 1514
58 270
1156 1607
1285 3411
2212 3383
335 81
2024 3232
2837 823
2798 2313
3290 3029
2156 2617
1087 460
2650 925
1982 1904
3254 135
909 3193
1213 311
1668 3203
439 1267
573 821
915 1811
327 1950
218 195
2662 1694
1602 946
3153 1570
1411 2057
1254 3302
1435 500
2459 1887
1997 32
3096 722
1805 957
479 720
1644 323
3132 2994
68 27
2217 765
904 1376
1778 2770
2772 2328
294 833
135 220
77 368
968 3255
199 2075
305 192
1914 662
2009 2970
535 691
639 1758
1839 3131
243 511
2335 3286
181 1849
1604 1539
3472 310
450 107
730 1228
1634 2536
3294 2865
2143 800
1600 1089
338 261
157 3087
460 1032
219 1258
3076 1022
1758 2289
2280 2602
1437 1087
3430 949
94 1848
141 344
337 579
1974 2794
3419 3192
2643 2353
2656 825
1134 1500
1642 2738
1352 1715
543 2701
13 1844
891 63
235 105
687 748
1472 149
1075 467
2176 3376
1633 2390
3348 873
759 399
2485 3189
1712 2627
75 50
3033 2062
1074 301
2435 1863
285 2315
86 97
105 39
1391 2389
2979 898
1814 2963
1157 3155
950 1534
719 247
47 638
2546 2049
309 324
712 564
2470 3472
1051 339
1342 2141
2693 2210
2359 3003
3089 1833
2943 36
1517 503
3338 1678
1128 3223
4 792
111 405
2024 1381
441 2931
1376 1918
584 1775
191 2775
618 686
540 866
2887 1914
1598 3227
357 992
1203 1851
485 2770
721 952
1861 1256
3453 1368
99 19
857 2247
591 2770
3444 2179
1033 520
370 1626
541 3078
438 497
253 955
1232 1248
278 88
2036 596
1116 3343
319 2387
349 817
3206 1959
718 3211
570 596
1807 775
2753 1338
872 1143
839 3269
867 2297
524 3096
39 1294
1403 3480
1790 1292
444 103
245 2034
46 1530
2634 255
2351 2585
1711 1670
460 2460
1050 1150
2219 2280
230 779
477 908
261 474
3128 2919
665 248
598 2427
2494 1893
3135 2911
1995 978
347 2765
961 1587
1463 852
1665 2001
1094 1780
284 306
3118 2408
3170 1999
1888 3414
1337 776
49 21
3423 12
304 776
485 1871
212 43
1861 2250
2056 2497
902 1279
3249 1727
2823 2988
583 1524
1072 2919
1664 2008
346 987
2062 1210
395 1307
199 1332
2927 178
594 621
198 736
3253 1724
2283 42
362 268
1340 2868
2535 1781
58 45
642 1833
265 3429
2729 2281
2335 1686
2658 1446
609 3273
325 2774
3201 409
103 204
208 205
186 36
2819 3293
366 112
2600 3139
3067 584
1782 556
2459 239
59 11
1725 856
1904 2078
9 398
478 734
1577 1900
2633 1073
2975 2287
771 1051
670 290
195 615
870 541
2748 3119
3419 3187
2125 2320
36 1304
867 537
391 3328
2590 920
571 1607
1477 2396
1877 2076
589 3148
3 8
2865 1425
1638 1372
65 16
2353 1398
2852 1320
2403 38
2655 1088
1788 3079
2114 2317
1516 1018
2020 986
1652 3031
309 103
4 627
277 1358
479 622
361 2035
1152 1183
574 515
1573 288
364 2377
3279 3060
1242 618
2546 518
2174 1543
2208 2296
2309 3177
1892 463
933 2094
3420 1479
1808 1874
2347 512
1477 356
1828 1794
525 565
449 412
3192 1555
887 839
1103 594
1191 1845
1131 239
2057 2865
386 2266
935 1748
281 45
1193 1345
126 806
161 1616
668 1028
2752 1990
2502 604
2772 293
2355 828
1080 347
3008 1105
2312 2274
30 962
2968 739
1339 346
3025 2334
63 86
427 1004
3055 1741
2793 2489
2832 3151
2903 871
3272 2317
3095 2152
533 3326
1486 1186
1544 623
2564 1616
14 1458
962 572
1242 1278
1285 1689
861 3117
1036 2447
2449 86
1963 1376
1324 1378
2366 1097
305 2200
1401 1591
67 2776
2766 850
1158 830
106 104
2137 1583
1330 1815
2269 2849
2199 721
1039 678
3167 218
374 43
767 551
3182 544
1905 590
2085 1159
864 1452
123 2594
93 81
465 113
1966 1903
1205 1218
37 50
668 1009
1755 1157
1588 1867
1455 906
1414 1996
987 2573
553 2092
3060 1356
1217 1253
229 34
544 175
3498 1700
1449 106
2778 2789
178 12
414 1893
3360 433
260 32
3046 491
1989 667
245 182
939 3352
1099 385
714 3148
2936 2795
601 1123
416 920
519 2238
2259 2480
1521 3431
335 1792
3360 3258
2731 3368
5 1011
2011 1976
1691 590
532 567
234 439
810 255
174 1816
143 1019
2113 157
715 185
626 1340
2310 1330
164 410
1054 595
3134 3
774 2018
2345 2086
138 706
554 476
1942 3359
33 19
364 2644
1548 1080
1983 2382
2947 281
600 247
2528 1533
2256 2379
665 655
1084 930
1826 708
497 641
3318 1747
556 1366
236 1235
3177 1966
1303 3215
1228 1635
2573 3022
2824 91
339 205
1374 2995
1349 3104
673 893
1818 1544
837 206
645 1461
2215 1168
513 517
233 2504
515 1105
646 1855
1134 778
726 448
1742 218
275 705
1355 521
534 3331
2475 2250
1067 2380
1951 2599
620 1308
32 27
1685 1699
736 3004
227 3458
3163 2694
65 349
2188 2108
1547 1433
2492 2052
1430 110
858 285
1837 1166
556 3268
2507 2758
3103 1842
97 875
1173 87
1238 1841
188 155
1214 730
199 933
2375 2038
630 735
3167 2814
580 1488
856 372
1448 690
1048 1184
538 210
2732 419
79 88
3135 3268
1402 2497
2715 1592
2156 1265
336 1915
145 121
2842 919
71 296
3136 2015
1354 2301
1090 1037
102 114
1345 2138
449 372
198 924
3463 3280
931 548
855 575
556 167
1126 1101
149 498
798 2053
894 2505
1938 2370
2654 1119
1535 1634
770 667
1520 988
1056 2103
1858 27
647 1467
933 1225
2018 644
2772 3383
1579 2003
386 1272
33 1273
2218 2774
184 2056
3205 2362
1208 915
1433 1796
992 1988
3232 1142
1708 1753
932 1262
3387 2105
1778 2995
3388 1185
274 3151
893 150
280 2765
1376 1825
911 1804
1891 2259
246 351
1703 2739
1016 3195
1824 1303
147 3336
36 153
1223 1218
436 1371
1246 1247
517 1146
38 257
948 62
1098 1119
2318 2287
1232 114
12 7
2435 2086
703 2253
1060 2473
231 321
1408 3059
956 736
3354 924
149 1869
2701 2486
1684 2568
413 559
2540 2173
368 887
1300 1836
307 1918
3320 696
1552 365
32 2826
2884 3137
76 2652
2322 89
520 2043
510 342
133 365
894 2939
2069 2788
568 2421
953 831
72 304
1608 1970
1110 291
1865 2077
2520 1459
1797 2868
2116 3073
2550 735
794 2801
2878 912
899 494
127 8
3465 1494
1763 1878
549 2423
530 677
3497 1870
3396 2425
1727 1658
31 30
1427 3491
1827 438
1991 110
1147 656
2592 3047
299 998
1188 79
213 150
212 1445
2217 2323
1886 3325
1700 2927
236 590
816 2771
776 853
107 1745
1924 1881
1932 374
1861 2699
1554 3
7 24
372 2299
408 2630
566 2264
3429 934
3300 2519
1250 671
1115 2622
625 539
1481 234
1407 1261
378 1294
1303 3126
1676 3161
1836 93
960 1694
2377 2913
601 2937
2083 355
3210 2794
235 318
2074 32
196 469
1764 1658
22 2568
2495 2630
105 2593
88 179
945 351
57 62
1217 787
1625 204
701 1368
3232 1013
900 2587
2942 3265
425 45
231 3167
715 1642
53 231
1950 2443
617 672
1670 2314
1216 2229
1108 575
1055 1084
2244 272
584 358
508 2883
1952 1356
791 1264
143 148
1488 21
2269 105
257 967
3119 256
959 399
267 2023
1000 904
726 760
471 2700
2870 1008
588 1830
1940 82
2776 743
2065 3303
2661 195
2283 2513
862 1550
995 1718
424 2923
541 2813
2598 861
1189 2261
1409 973
3344 2942
1017 2412
1662 2823
2958 2796
186 2361
2492 2043
442 2128
969 2559
681 3138
318 2376
1766 2998
1931 1026
1039 1575
1593 535
2413 941
1054 1546
1783 424
2152 2054
3364 220
3083 3304
2319 1814
2632 2559
146 2552
628 3026
1110 2416
1473 346
2756 2881
2153 618
852 901
314 210
2224 2703
2275 281
1650 696
651 479
249 2782
3342 3274
1094 280
1220 1511
2406 1710
544 2801
361 558
1126 2483
2065 1922
1973 2572
999 1665
581 149
1003 1164
3004 878
364 1404
845 744
1901 2093
593 1276
2554 2961
2221 1706
2098 1162
779 2069
290 138
716 45
1261 3477
582 192
2234 1158
2123 2261
1496 3440
774 1342
2927 1149
811 63
1674 821
857 327
3312 60
2305 1429
468 3012
203 236
916 3350
2847 1229
174 1803
738 1627
239 293
1891 305
3309 2522
97 176
72 865
1205 74
470 1281
2597 2469
1093 1707
2363 3374
708 801
1630 1637
2811 2283
2987 1578
417 841
143 59
902 2531
30 140
403 555
2104 153
10 849
817 1165
3247 2553
1534 2577
2733 2956
3425 2540
44 509
2610 2796
2394 100
23 1364
818 884
2450 1259
1460 368
967 2575
3413 2610
427 302
1215 1963
82 102
41 1976
400 1682
287 14
491 1565
1872 2897
2339 2936
570 307
2754 1857
386 1857
2832 2473
70 135
1540 993
2367 1741
267 643
3226 2812
96 70
1073 1257
1114 756
228 125
2208 317
968 2335
292 1394
209 2917
2900 1392
2117 1802
2463 2461
90 547
2552 2239
1056 2408
292 217
1272 171
3175 1744
864 449
1679 2707
754 1034
381 1512
478 2409
588 149
2941 2660
156 3107
2952 3174
3327 576
210 381
3270 86
2180 2136
1581 426
1892 187
2129 3086
1097 161
2519 1461
1568 1864
2967 3264
1649 320
719 2034
1448 2165
986 868
2963 516
4 187
1421 3288
1464 1891
995 914
3146 459
2304 448
1930 3383
205 2966
2695 842
176 662
287 2136
563 844
2237 429
1048 1661
1879 650
1389 3099
1031 1310
1261 33
2364 2270
505 372
1644 2239
324 889
109 237
2276 2886
1049 1301
543 996
773 1198
360 76
3256 141
2985 995
91 670
545 400
438 185
2696 3128
28 20
402 1271
413 1443
527 1861
1514 2318
2642 1376
3276 1291
1077 842
3498 3466
3407 3065
2332 810
2973 1080
2660 246
2147 144
2974 100
2475 2436
52 177
2450 135
1520 2083
606 2246
829 85
10 634
120 2889
935 3308
3299 2927
3170 2059
2002 2802
2893 2303
349 671
1127 2140
1527 1503
2640 167
1676 1023
2923 114
1878 1782
2813 831
398 2938
1645 92
3015 1945
1824 2544
647 2293
1191 802
838 132
1516 2908
961 906
1907 2047
2279 1792
2655 1125
446 754
2672 2731
1972 432
780 1492
2619 2306
1508 3310
2373 1655
3032 2919
1473 197
922 780
2465 1230
214 3162
3053 1701
670 83
2073 1145
9 36
731 805
618 1378
1976 735
1447 446
3 1
507 1804
3328 3008
28 87
1255 1362
389 290
1262 1113
2270 1563
3466 1908
1906 1629
1619 1327
1237 3232
2751 2261
2738 2178
2159 2138
944 1507
2120 1885
267 218
1549 2745
3316 1809
1850 2874
1483 2279
2856 3026
1426 386
1427 116
2000 484
1511 831
618 476
72 94
2532 3068
3218 3205
2296 3443
2634 1102
3330 2378
663 134
1583 1008
2901 1539
1627 2517
1941 701
515 902
255 2827
2084 2597
192 66
1363 1175
2431 2827
519 427
1789 199
3484 797
1435 2814
67 84
603 984
2296 2678
168 43
281 1935
1878 3330
2333 2944
1898 941
2679 2581
1850 2869
153 2672
2848 1485
1748 2799
853 362
2731 3334
1259 2124
894 1714
2228 3001
3284 654
285 1287
1044 28
1709 1806
2187 3420
1767 1436
405 2970
465 1285
1899 929
2873 2269
3057 2261
34 122
205 119
803 791
864 2067
2819 193
1548 2982
313 3374
3473 2513
1261 2597
1026 3011
387 274
571 3189
2086 1193
561 2007
2804 232
1402 3203
806 2876
904 258
548 1327
3088 742
1551 853
672 936
3178 735
259 312
1256 751
52 103
2642 2104
1486 2665
568 873
490 2681
1805 1596
3415 3261
1044 1794
370 273
2595 276
154 132
405 780
2 2021
2308 43
765 3259
607 1359
2723 3361
661 2027
450 2070
3009 2656
1622 2401
1860 940
709 497
3079 783
2574 159
1079 980
260 763
2647 142
2236 2870
3089 2073
1628 2955
3041 1472
1482 2037
1444 2829
647 161
2042 1037
536 586
2082 1354
1333 1381
3202 1003
3091 2545
2803 1375
3035 1844
185 3072
2321 2764
375 273
2914 1372
2252 3193
1227 2711
3122 108
950 95
17 38
285 1018
2068 2926
1410 230
2910 2735
1231 1455
1679 735
1889 1316
1017 358
2603 1986
3392 2602
2773 2592
2607 645
2910 855
1802 1642
1608 1574
3077 846
1020 2617
1055 910
149 129
98 132
1245 2714
2402 2386
950 1382
1964 420
1572 2781
3129 2801
2851 1265
520 560
1003 877
2535 1425
997 18
418 1243
1652 3028
636 1287
988 542
3285 1743
2087 2882
1689 1695
2881 1560
2616 3324
779 610
1166 2196
3092 731
173 1992
2512 463
1612 270
1197 1336
767 1883
1379 1153
1408 799
738 793
970 273
1186 45
3208 1123
388 3291
598 2683
3429 3323
1002 3320
1037 489
437 557
2588 1800
1209 2563
295 190
142 2736
571 418
1688 467
3013 2260
3139 1040
1166 2085
2831 125
640 3217
2869 2818
2989 374
261 1468
1029 580
2233 3169
201 605
756 2397
845 1334
1547 1675
467 209
1897 1472
3083 3353
189 301
1116 2184
1222 1255
442 438
3135 2212
3391 1076
311 282
506 2396
494 364
1359 559
1994 1952
727 3322
233 179
2674 1990
1896 122
3289 250
1505 479
421 2611
1629 1989
215 1798
3467 2802
397 1405
813 65
704 1154
2149 2175
1152 1999
505 2798
2223 3036
603 1224
890 2159
562 526
644 303
1080 2017
703 1050
264 142
1258 1398
3131 2626
2491 1149
2439 1034
990 1048
130 214
575 449
407 458
2457 1584
1175 737
516 116
171 1263
142 132
37 57
1129 204
2101 837
360 391
52 14
1286 515
2794 1342
599 290
2853 939
2241 1645
2815 558
13 269
2198 2437
200 2384
1245 1354
1027 146
2262 361
219 428
247 3378
1968 2588
996 3165
1156 176
374 2313
132 475
3431 3014
3471 1262
3397 1970
2863 2969
934 3282
1046 25
888 3294
1057 428
914 438
1382 672
59 2081
549 1212
1001 1471
719 1199
1265 2097
3142 1304
2885 140
534 2858
49 717
3443 3387
868 879
2873 1006
1852 354
246 135
307 681
95 978
210 96
481 285
1605 3372
1153 1441
2749 395
2506 2615
305 1509
1616 1762
453 1032
67 27
684 3396
3446 3379
2822 1229
549 311
1662 2354
1154 1397
1800 2140
2362 458
434 1720
838 2096
612 697
1239 128
3365 1545
949 637
2273 1580
578 2912
2234 3166
1120 288
2100 3096
2076 294
665 1657
417 38
3334 753
2432 865
1322 32
1665 3172
2810 1693
2440 173
2684 1896
1584 1683
173 67
1964 337
1287 2564
2111 1096
1335 539
1060 983
1525 732
116 3422
1136 1420
502 3366
2891 2925
444 2041
1685 2444
1331 1569
1891 243
3412 1189
100 723
1439 2552
2806 2778
1109 2621
13 741
1623 731
1943 1764
1190 962
1119 1563
59 2557
2993 2527
1064 55
5 121
138 3491
3091 443
106 307
466 1947
336 2302
1567 1525
162 1680
682 3115
324 2800
126 2353
786 973
3049 1689
1278 2972
251 2359
2169 1239
205 272
576 710
730 344
509 611
579 2818
1111 3492
563 2113
2442 2683
221 353
1276 2080
1178 3079
193 215
792 1605
1339 2664
263 2240
12 197
1657 2075
1030 3286
859 735
447 1096
2188 1905
31 894
3219 668
124 7
1342 630
1152 1615
579 3029
91 998
2473 2763
2537 1893
918 861
929 1098
1412 624
3249 2925
2357 1315
2722 688
557 1832
139 420
2353 22
2204 2391
36 303
1867 2352
3321 3134
121 1066
2510 1403
2930 171
1107 10
473 311
1183 2010
306 3175
1499 150
682 2196
329 444
900 353
1996 1491
1290 1916
533 1162
2324 869
1470 835
2933 1478
943 2990
786 1697
2076 2354
1826 638
871 2477
2908 3479
1464 3449
270 863
44 1207
2947 283
919 1240
1102 867
1525 1651
2172 2303
2821 1380
130 692
2017 1566
2601 3141
801 1270
3419 170
1089 738
1014 248
2279 1069
762 363
323 1437
1061 757
495 1290
2183 887
1558 2591
400 1007
383 294
1449 1232
1555 3057
1323 464
2277 570
2846 3399
1719 2058
3083 2245
518 164
2724 1642
407 456
118 17
2757 1166
3370 569
1356 1259
2949 516
417 283
482 550
3242 2578
898 256
2868 3224
3272 63
2713 2043
1046 201
2997 995
3476 1567
1126 3255
2382 94
3223 1678
1226 2902
3418 2765
1198 1623
128 138
3368 1252
1708 480
18 40
2919 1286
1580 428
847 772
1899 3213
29 542
2199 1614
612 3366
337 437
2741 615
1312 867
2384 90
79 628
1908 625
12 43
1974 3491
463 458
1293 810
1208 884
3393 1414
1084 1740
608 892
2921 337
1302 2429
96 2484
1495 77
3450 1113
61 112
1222 1486
2519 3435
947 945
2962 2856
3400 2118
301 2016
2646 1360
925 287
2605 2212
18 232
2068 2786
620 188
1523 618
457 1633
1000 2958
131 230
3299 192
32 2625
1175 2394
822 770
73 66
1937 1424
1492 2249
3009 1461
1538 1334
594 114
357 1558
1040 402
1586 397
3391 1834
637 2016
471 2452
3162 272
2532 2
78 783
1230 3201
2063 1965
1048 736
1513 3314
2578 2218
3302 1471
1109 1739
2108 174
2951 1717
11 769
2534 2104
3300 1844
609 835
799 188
1226 575
2401 3186
926 887
1873 1065
3107 1536
1094 1533
547 1214
621 940
1418 2723
506 851
1389 2344
2506 3289
193 2224
2542 3344
240 1144
996 2243
941 494
535 937
1047 979
1190 732
1501 1260
1563 309
129 2580
1012 3299
30 276
2164 3140
532 379
946 1446
1584 857
1391 2015
1277 430
3252 976
5 35
1116 396
1685 509
999 2458
897 481
3432 541
2109 1985
2550 1735
286 178
580 261
763 1076
525 2238
345 26
698 1139
222 914
1553 564
1217 51
2374 3060
73 386
2529 723
1137 2592
2220 1127
2395 3109
728 337
852 2840
141 2929
1343 1145
2814 2794
1650 1756
2654 874
2778 2342
3254 401
2244 2902
1419 2907
357 1418
1306 2324
239 100
1629 1929
2582 2041
53 3034
316 1106
580 1414
3162 2845
19 2
2318 369
490 215
2751 913
3393 2213
54 131
448 1806
2991 390
1435 1500
1774 2229
1392 407
3413 2413
1228 1503
378 501
1814 987
1729 1373
1294 835
19 63
2975 1487
498 25
397 1821
1052 3089
2116 2287
2005 144
2143 215
439 503
3303 2095
918 193
673 446
1859 2310
1729 65
13 34
2177 1229
455 2359
2342 1182
842 913
1673 3461
2914 924
551 533
824 1673
1217 857
296 1603
972 3190
2329 1991
200 666
3278 2484
1734 1074
3120 1046
2347 2884
2967 925
2719 2655
3134 2375
2085 2261
1576 882
779 2312
1705 1542
2250 2599
3412 1589
1587 3371
398 560
1439 581
2026 3438
973 3024
537 190
1059 692
679 2702
3131 1079
2403 2105
159 288
3222 317
2657 367
445 3349
2325 71
2492 1462
1190 432
1213 2729
139 184
2827 1279
1867 3427
3404 444
334 248
443 1829
75 3409
1295 1911
652 1917
3499 75
889 339
275 15
1639 1911
204 971
2603 1864
1500 2232
1072 2958
202 828
3354 1507
3261 1933
121 2608
1076 1475
296 707
2760 2148
1655 3042
197 999
1597 411
2834 1631
350 198
899 1802
1187 3071
1040 2371
14 2425
1360 1262
171 30
2866 1046
413 668
32 688
2039 802
2743 3279
672 503
18 640
402 441
2161 68
1666 72
53 2892
2500 1071
1496 350
539 1385
1164 1556
1621 1061
289 958
1584 3018
1141 197
2206 2257
2182 1330
3472 3042
2525 603
2568 2954
579 3109
2690 3010
1612 1007
560 2708
277 1937
2045 1931
3132 2014
805 1121
1620 1129
1915 1482
2304 2854
3192 557
878 1971
570 2190
704 69
2907 1728
1410 1273
880 660
3018 1254
747 322
1792 3298
1181 2216
591 601
3318 3138
324 2290
1441 2539
3394 2477
1503 2211
2285 2519
212 1498
491 213
2432 538
3188 1717
1215 2748
828 1367
1411 911
3216 157
2647 2731
1486 1487
3457 2502
350 521
2110 3190
1423 1398
1495 1987
1321 388
1664 842
780 3424
1217 967
3039 1702
28 413
61 44
3314 1834
7 243
3408 386
302 1125
2177 2354
797 2416
2382 3032
195 142
1567 1016
1755 1652
220 625
461 800
858 1853
2889 2622
160 268
1043 579
2841 958
77 266
1863 1484
783 1858
580 3116
751 281
648 1152
541 199
2350 1975
3266 659
1349 1022
2567 1208
2332 1983
2230 225
3045 3016
258 795
1613 30
3475 1928
950 1275
1796 1984
1269 1388
705 1733
394 14
1400 1918
2966 1793
2245 447
2060 777
474 732
1037 1105
2490 1171
1561 3106
2286 135
2675 3216
164 277
2051 3171
1152 1983
154 453
976 252
27 16
2267 1703
616 905
3025 1556
328 1229
918 854
252 1260
1048 3311
343 1062
2681 882
2292 2217
853 614
2556 2734
683 1491
1982 2486
2725 3141
520 292
1137 1461
2119 2381
561 3258
1825 1824
2351 1915
3062 662
1106 42
2708 1252
1024 1222
2623 2360
77 191
363 2608
1397 2255
2973 1555
2724 623
1420 2383
1538 18
181 1806
3074 1767
26 2450
1236 444
3488 976
2620 379
2261 2070
2706 2122
248 3437
3069 2207
3002 749
1801 1004
569 219
762 1956
287 2629
2896 1930
1708 486
212 756
606 98
1937 2192
2997 1471
1822 1380
250 116
1187 1217
867 1875
2183 250
812 1037
1528 3278
179 424
2812 1324
232 1165
1372 1618
135 1309
1607 2014
473 3361
10 107
1312 2581
193 149
399 512
3055 1944
74 29
2201 3251
2810 1018
2114 1931
522 3490
62 3177
2604 728
367 533
1350 3020
1119 1981
812 2478
2675 2428
3327 1744
2376 2740
1774 3065
2508 1800
2848 3045
931 2478
3462 2538
2533 666
3451 3237
3233 3084
943 1053
2730 1415
2386 1993
1333 567
1904 1412
2234 2253
138 156
350 1166
824 8
864 3045
2079 2578
1562 2012
202 897
3070 3146
2585 2690
1068 423
569 1598
2209 3293
1740 1766
1013 2044
2747 42
1770 2464
2675 1422
3063 317
3465 2065
2271 2340
2421 2514
821 1020
590 2315
802 2882
1341 1210
958 540
107 170
429 1245
2549 2665
2040 922
2948 372
3377 2049
565 2314
534 888
741 2785
511 1365
2815 1501
1325 165
665 1021
1683 2627
1056 603
1283 1239
294 1948
1371 1258
995 1092
682 923
1338 642
2762 1119
1717 450
1816 3134
1083 997
1692 2560
531 181
1674 2883
1360 2888
1738 1248
191 2783
1919 3088
376 159
2319 1665
1945 677
2622 2230
759 1401
488 2593
468 2004
356 197
1004 1920
270 1763
2033 2391
2619 1233
1103 3180
2377 62
529 421
2246 1762
1681 451
2470 368
537 1474
1223 1831
297 325
217 227
1434 1289
17 60
218 42
1595 1465
2999 1096
186 2006
159 416
2112 135
272 366
1545 3244
1124 552
1185 2720
2654 1173
1954 272
2384 3087
1492 1999
