109 223
82 26
16 43
57 50
54 18
102 69
78 34
90 42
19 7
81 96
17 62
31 63
13 25
44 82
30 98
57 53
38 100
18 77
41 23
107 107
61 26
10 7
63 38
99 13
6 41
34 7
90 102
3 12
23 56
24 4
17 52
83 102
108 91
80 38
20 54
11 98
27 69
14 61
83 106
63 70
40 80
19 28
6 6
54 12
76 21
86 70
7 28
24 26
107 25
70 78
31 17
28 90
14 86
19 63
19 30
12 38
74 98
67 109
72 13
7 5
48 24
44 49
28 31
22 59
21 5
51 68
78 62
45 45
32 33
66 33
42 74
94 17
12 77
37 79
62 68
74 25
9 3
4 3
20 49
9 17
5 51
98 34
28 8
106 101
15 45
107 43
9 49
5 60
11 24
26 29
95 51
11 5
54 7
55 1
55 20
2 1
39 96
26 3
34 93
72 3
54 21
67 27
27 4
63 99
71 92
21 44
32 6
35 32
12 90
5 1
79 66
4 15
37 94
61 85
86 81
22 104
71 34
48 28
84 74
13 50
5 19
27 14
75 45
5 8
24 64
35 15
81 12
99 106
37 16
83 61
36 19
7 16
15 48
9 92
2 19
79 78
29 51
94 65
82 51
47 11
33 42
16 108
81 31
55 7
23 9
5 57
71 27
34 100
87 67
41 108
45 6
62 88
58 31
109 11
54 99
74 27
97 95
108 79
5 22
87 79
69 92
53 107
31 39
73 47
80 9
3 1
103 94
9 55
82 85
8 18
30 90
71 101
34 96
61 7
61 88
104 6
3 85
29 15
30 49
109 31
2 31
12 6
70 67
38 67
20 6
80 44
1 6
88 4
73 101
16 6
29 36
72 17
60 9
61 35
40 32
56 31
47 107
73 5
45 21
13 6
48 87
103 16
73 31
67 69
30 43
26 22
11 34
42 25
6 14
88 82
42 91
57 65
13 89
52 96
98 105
29 52
39 107
8 53
58 77
23 60
46 44
78 19
11 29
80 10
