2991 3788
1793 2315
2032 1600
2317 1275
658 1706
1127 2212
222 1303
744 686
735 2183
2549 1921
1800 1288
1300 479
1362 228
907 1320
985 2827
128 938
405 102
730 703
10 13
653 2795
219 1528
1477 2279
1351 392
2240 2727
2183 1519
1018 866
1273 2446
450 497
1537 2004
1958 2658
568 28
522 1766
1501 1602
1403 1209
240 2075
2932 1591
1297 752
526 2345
2909 1414
885 638
1738 969
2958 2316
821 463
618 1014
2722 2538
1117 809
2166 1287
2916 2642
1128 319
2973 2902
722 2640
1012 1253
1093 1926
634 763
1404 2467
2590 2742
615 384
1921 2038
1031 1835
1442 1078
918 2664
44 65
15 1136
1490 846
473 2099
781 1301
277 555
1532 1597
371 272
482 694
797 2606
1116 613
2087 502
1848 2315
546 1223
1222 631
641 1363
1550 1444
2729 445
1358 214
553 1202
93 1565
1832 537
1602 2270
216 383
56 38
2872 65
2592 402
1842 347
694 2907
569 316
2436 8
1130 506
1773 1978
164 294
212 1122
300 1092
40 63
1465 215
1599 1338
287 1118
2490 2553
2415 431
1957 648
1140 2447
551 1547
1708 2536
2424 696
49 116
716 1492
1345 2936
511 1166
688 747
2487 2514
896 1963
249 151
1899 366
1523 44
2770 397
2190 1860
156 345
2881 2553
1183 2177
2206 2753
555 720
96 92
1660 2288
96 752
544 1917
1410 1039
46 1312
468 151
150 57
86 176
643 1148
1624 2304
2928 1639
526 357
1082 33
321 271
1325 451
1097 1137
915 220
587 2714
1003 2033
1828 740
2689 1369
5 2
82 1462
309 8
30 121
342 1074
2708 99
52 1063
924 2900
1509 1421
1891 2326
649 1670
482 582
1883 1786
2540 2555
1183 774
2247 1311
686 117
30 527
68 1093
1203 683
90 1752
639 1662
404 187
2943 853
434 1491
376 2301
44 1807
1445 453
1709 441
842 1199
92 2294
1004 1092
2492 1413
2550 425
1945 262
1943 2603
1797 761
1533 2220
1675 1139
164 421
37 2
868 352
779 214
519 468
124 2255
2040 2264
2254 22
275 2469
1563 919
1138 8
966 2472
47 272
845 1489
155 45
894 2684
2515 2084
32 87
459 2874
246 2252
2922 594
1630 530
1029 1546
1137 2210
401 1188
1891 2215
1507 732
2563 88
1581 825
2649 2463
1190 1336
550 222
882 2096
313 2554
810 2873
2986 2280
330 1719
2036 2893
1969 2877
1977 1013
908 881
195 182
463 432
2306 2035
2899 600
1239 669
33 1557
278 2317
103 159
987 2715
1457 1533
665 2009
35 53
2935 1324
457 2908
123 1047
2258 1209
722 344
142 950
126 219
648 143
356 2328
9 2482
1446 2236
1817 49
30 378
115 2658
765 236
148 2442
298 693
856 175
275 2224
2207 671
1320 1209
2560 188
192 2750
47 1184
1059 2849
2361 1095
673 270
2496 2029
2475 104
2522 1880
201 1645
320 1078
2172 2281
1386 347
2613 1623
1881 67
27 784
74 23
2069 883
690 82
2604 2008
2463 663
2639 269
823 2419
835 496
2949 1586
613 1710
1525 1084
818 26
139 1022
1773 2494
40 1667
1134 1031
2548 2771
1308 610
1809 1216
1380 2876
2023 1723
369 263
1286 1738
302 335
1030 1255
1281 827
1 16
2782 922
2088 1989
1993 148
773 986
159 286
717 2684
261 985
75 82
2271 2203
963 756
228 1871
1497 1168
526 2670
87 406
25 417
250 948
729 2299
926 1328
162 2115
800 2490
412 711
384 311
154 1451
1030 618
1957 2840
76 235
116 1506
208 1833
1857 125
132 292
1625 1837
272 179
347 1131
2143 1009
712 1109
2498 880
1 2000
448 2360
933 1344
2947 1416
745 666
513 723
864 47
17 119
2456 772
117 31
365 321
1558 799
1399 1090
2228 577
230 243
1335 1988
450 1653
2781 887
310 286
381 2882
999 2488
1004 302
1078 2371
2612 1274
630 570
138 174
1110 499
1776 1228
151 2245
345 358
1209 834
605 1200
418 537
529 352
2101 1674
702 655
2619 2201
755 239
904 718
887 1591
639 2036
1271 2052
525 126
2093 1112
751 1811
1657 850
1502 2797
1040 1259
1003 694
2078 2379
2707 91
439 1383
2362 521
1456 1298
46 464
198 426
1181 851
2097 1827
1825 1686
29 14
1372 2279
1468 2704
168 624
1310 1273
1034 449
1734 485
16 25
201 25
955 1728
1512 894
1592 2201
518 424
1537 1164
2476 160
2592 1888
175 303
618 2428
1963 2650
39 32
1716 981
160 2869
2188 1454
2344 1595
1411 1950
715 2557
285 1585
1528 215
1772 1040
254 206
321 2311
2098 797
100 2385
244 885
124 256
360 2132
1356 435
565 1623
2290 648
337 2256
1159 2782
960 642
1392 1722
729 1802
440 1133
1665 1093
2704 661
977 1692
2041 2901
1155 2926
1369 876
528 2081
2349 1121
647 268
1080 2791
818 2163
621 2229
1824 729
1341 2473
361 80
1066 2758
1254 983
718 1621
1227 420
1529 1041
301 2077
2060 1587
2900 1743
443 362
1578 284
1609 852
211 56
2891 2838
2030 1649
964 135
340 1397
1928 142
295 294
1191 2229
670 1491
1214 391
2401 687
114 326
204 407
1677 1546
555 2508
1232 452
187 1767
1152 1011
411 778
2854 840
136 194
2901 944
2390 290
65 2479
2815 2219
394 544
1019 55
2184 2559
1698 1273
225 153
7 4
1923 2548
1756 1185
1665 100
2913 2676
2209 815
2560 1248
2052 594
141 193
7 2629
1850 94
290 775
260 1543
2524 561
1893 660
1816 1313
2002 1770
944 752
2887 2822
1499 407
474 2121
416 824
59 1737
415 1959
1355 1220
732 2462
1085 258
884 2749
2480 624
2633 2547
163 2784
1989 2947
1891 1010
278 896
2058 621
1575 1184
2099 398
2307 963
474 1341
1217 2761
860 1096
1224 2154
94 1951
102 248
1094 937
1763 1275
1015 1144
124 738
71 1773
32 739
2160 2089
1272 2587
2009 2072
183 1124
1015 518
50 348
96 146
2618 196
1458 2500
258 1384
1802 926
2486 2436
90 1009
2204 608
747 679
2196 1554
1626 91
537 832
2556 1263
1012 424
2687 2145
2684 2580
656 421
1238 2987
344 265
1483 912
942 568
1624 1000
2048 1791
829 965
1229 2413
704 1265
95 29
2582 1229
127 4
302 996
2477 1820
219 360
2415 2464
2343 1886
1489 1681
342 51
378 382
2215 1844
2635 1660
861 680
1761 2323
1391 856
148 354
1499 39
1234 1227
1271 1289
1943 2199
793 723
279 498
1060 2731
46 8
2276 780
1181 1889
1179 337
216 35
1478 214
429 1467
244 223
72 240
2371 471
525 2530
1064 337
2431 437
1234 1540
971 1526
2543 1646
747 78
2503 2628
1257 2925
830 864
1083 1242
71 90
2796 189
6 2483
500 913
902 2168
122 685
644 2625
511 1500
1285 1302
504 322
2146 1672
3 403
260 10
312 1899
2065 1545
923 503
431 2101
2522 2779
1504 1131
948 1054
2598 25
25 1848
700 2109
743 2252
118 100
444 2527
341 259
42 1749
533 550
2089 1749
733 392
1922 1228
53 757
2270 370
29 32
1340 1
1432 1668
1418 558
498 1031
1824 2855
501 819
65 1205
348 943
198 154
2821 946
2098 2254
888 457
520 671
1 40
778 1013
2780 1944
2321 2334
2242 2975
956 988
363 215
2162 1835
341 1072
1596 1421
2131 63
1697 1731
1917 2743
1235 1864
1237 1795
504 329
379 2286
32 125
369 921
541 512
1427 624
1509 2435
1947 2057
126 288
1587 2126
1916 1450
162 1165
1359 1017
790 2411
2268 1655
2576 1106
2533 1585
150 2533
83 2968
1613 2900
972 821
608 27
2736 2502
61 275
372 1452
2035 1018
1555 1568
1354 918
2713 1559
96 1333
362 1895
2750 2683
2504 1673
355 441
1086 767
828 1936
669 365
2488 2827
2401 2430
2008 189
30 313
2986 1543
978 2718
332 305
440 399
239 701
496 2474
159 253
1574 518
401 19
158 1114
87 1313
56 1169
242 2768
411 931
826 1342
117 1746
1327 1873
531 68
6 455
216 1112
2505 1895
864 621
145 953
119 758
638 1078
2116 587
2412 2067
1115 901
499 517
28 325
2835 2303
2432 2858
1616 872
764 1879
2958 2851
2208 2623
209 22
274 1535
277 2721
632 603
1250 2856
564 360
461 21
795 920
1402 832
1734 1792
1990 1453
1345 2726
2338 2841
1636 1715
303 353
2213 477
57 78
1223 411
996 1644
271 171
1326 2976
2809 666
1287 2826
1578 1636
2621 2240
1309 1519
285 641
2763 1466
1877 1460
1230 353
1440 1680
724 1361
2807 2902
412 2337
2851 887
649 2535
428 2579
793 945
181 146
2790 820
1707 566
893 1665
2014 768
2565 1159
570 2239
185 2132
163 233
2160 2883
662 369
2830 2973
791 2044
1705 1498
2819 711
1162 1560
10 241
677 377
1277 1753
557 414
2703 1613
248 771
2215 1697
2633 1163
707 683
755 2169
172 915
2363 1777
2223 675
902 143
2599 1486
124 1219
216 666
1782 1174
30 1774
571 1053
1018 2560
1651 2915
1729 227
501 705
2395 680
280 2775
400 269
268 236
18 15
997 2088
800 2292
2072 211
296 2218
1559 2665
2016 396
1967 679
1864 988
1743 723
67 1075
2217 2708
2201 61
2162 16
1353 828
157 123
128 12
1288 2962
1080 2225
43 192
652 2553
1802 2134
2848 139
871 1097
1104 581
72 45
2736 115
1804 481
1831 1386
352 1330
611 646
795 559
8 189
790 2404
1759 1950
2725 1350
810 14
411 2145
999 736
489 329
529 2950
1806 1327
28 2277
181 1794
54 901
190 2153
129 761
251 46
530 2920
1584 214
755 2391
1625 1477
171 2571
305 133
593 20
1494 1015
202 318
2442 2231
1997 522
1201 1171
1025 2872
1869 1859
714 603
1493 2161
123 293
84 175
546 135
1399 1564
994 2605
908 561
1851 1177
950 2403
972 1584
1317 833
144 1048
1162 973
611 488
3 2
951 2289
265 992
532 185
212 731
319 297
2076 237
166 153
242 65
2241 2620
2380 1243
632 1438
2218 1315
659 2468
1038 1006
60 456
629 1430
2957 480
1651 1470
505 684
992 2984
345 982
742 2187
1848 1293
1434 1273
2574 2074
2859 1679
900 924
86 315
353 1686
2627 180
100 776
190 565
131 133
239 383
256 1521
217 1887
2521 389
1911 2804
738 833
1365 577
120 1912
620 1431
1648 291
1635 97
1172 1141
469 91
254 1567
2103 1056
2025 859
47 2054
895 373
838 541
673 1841
605 786
69 655
1822 1474
2727 973
2020 583
2709 1500
1308 2282
2484 2580
2764 8
1261 1790
2265 369
2267 2007
704 911
306 225
1415 2688
754 2433
692 1545
1913 2661
412 1042
1632 68
1 153
2878 2588
1830 2296
293 783
273 2551
1268 684
1385 913
202 184
2803 2351
59 2374
1967 2668
1129 811
1844 1619
1982 487
1774 1161
689 878
1663 591
334 439
2721 1910
397 234
138 476
2397 2905
2396 2730
1819 59
262 176
2377 2429
482 460
910 2499
2366 2678
2332 450
2242 2147
110 629
1335 539
1992 2537
252 279
665 1111
1082 648
304 242
1391 2857
206 311
1381 508
855 778
2593 291
71 45
2695 1093
706 2200
1011 531
467 1241
1700 55
1288 2884
2842 2267
1680 1108
2805 1182
2185 106
261 971
847 2192
302 808
1289 2122
1163 642
1339 630
1164 16
805 532
2112 2950
188 289
68 32
817 2728
2343 1605
418 132
546 809
109 297
52 2475
1342 2197
2124 269
2410 80
82 135
1058 988
1242 1426
440 900
2054 1091
1768 2378
2228 935
1960 1611
498 1322
497 1508
2347 1784
442 450
351 1654
976 2655
113 312
1585 1854
430 1370
641 2655
83 448
100 29
2066 2746
2138 777
175 651
1463 71
1561 1363
622 405
1115 186
1572 1541
1840 2734
2974 2526
1720 921
740 2518
2120 762
122 126
1304 1170
2175 2110
1602 49
449 670
1901 1900
2967 1712
445 332
2135 2130
83 1994
97 71
2773 642
2379 1636
2637 742
2601 1821
2100 1156
1292 2696
1933 2518
2754 1906
482 918
28 128
1421 715
1182 1953
2365 583
279 894
419 1266
2965 2265
2057 2246
195 96
174 660
20 2
2954 2258
683 575
313 734
323 1590
178 234
278 72
577 1201
144 74
20 927
995 357
200 236
118 228
21 124
198 623
224 398
1880 2384
2021 732
2953 1191
932 952
1190 2829
631 271
1025 1893
914 1071
657 1205
1549 531
1403 661
1278 1532
1121 2628
1521 1943
661 1121
380 361
2952 946
966 143
1334 1619
1661 2867
239 359
1938 2766
2409 293
1 909
226 82
549 2989
317 2463
501 917
761 1830
2828 1149
198 2491
2047 1747
465 764
1350 1314
620 255
755 2656
531 1409
1018 2791
1032 1961
2408 2145
1284 2278
2 138
935 1045
2757 984
664 1374
1130 2110
327 207
540 136
420 2402
2484 240
45 321
1285 855
423 374
24 3
261 2237
55 203
1063 1176
1575 1918
2208 2298
1923 1885
1338 445
1468 132
15 1542
597 1392
22 652
2483 1832
190 130
400 1235
688 406
891 2367
916 111
2890 2597
378 1261
40 1089
1324 1102
109 277
719 614
1056 152
447 861
2082 1882
699 735
1554 2044
147 317
862 1496
2955 1656
543 588
796 568
1195 2394
1024 2800
2016 2748
68 1759
149 563
1961 1654
1661 592
2965 2258
1436 2591
2544 2788
1420 2659
465 457
6 1954
1042 2171
2558 1284
1518 613
2018 18
2906 2151
859 588
402 780
219 959
2453 1976
373 2127
2616 949
1596 1925
2716 2414
1859 674
45 6
2642 85
1157 26
399 213
2348 2201
1245 776
401 457
132 88
1485 1464
2285 1179
1421 2182
1977 2945
2010 2405
1102 923
2192 193
28 64
442 2685
673 1659
712 1713
483 2627
146 1119
1543 1303
375 1087
939 25
928 1437
561 413
912 1836
104 240
1386 1200
399 2377
954 33
981 137
2545 1515
2743 1994
1152 1984
126 156
1570 2304
2451 1874
2713 2289
26 420
2309 812
2406 808
2834 383
243 523
1814 1135
285 1210
970 681
2614 496
1947 1324
2978 1786
320 2647
151 38
1589 431
858 637
2167 61
1369 2565
537 1674
968 1150
984 688
60 2814
1593 1878
62 261
2640 2862
155 993
411 2378
1834 1191
11 551
178 44
94 1748
1668 2625
1068 244
2090 2189
1298 1377
855 2880
560 2388
797 1554
345 679
1788 288
1063 1902
2756 120
856 1418
1634 1718
841 130
589 1975
1454 48
1240 394
536 2156
1667 2454
2047 587
2636 403
2371 2887
2590 1102
222 103
639 352
390 989
2415 448
54 59
2160 1130
1768 1109
1147 260
1394 327
90 396
431 191
61 80
1019 1472
93 84
564 2133
1678 1606
1005 275
2364 2741
300 1341
2241 460
1544 366
505 195
2299 2036
204 446
28 134
717 65
49 1607
1744 243
339 275
1642 1771
1586 1843
966 969
658 2198
339 1184
1682 1652
1576 384
2765 359
689 1081
890 851
164 179
1376 1824
2798 659
1168 1922
43 829
440 473
2838 125
1555 2144
1638 1263
1806 1946
1983 795
1437 2360
2841 2191
2078 385
1563 1074
295 364
1751 1218
1711 940
2555 2607
1805 1852
1472 1876
1170 374
2811 2912
237 453
1629 2416
1345 612
2215 1681
1139 1486
1440 2953
2899 1618
1944 1373
307 1088
1003 1637
1324 1940
2325 1105
435 1021
590 1459
1143 1580
74 585
2939 825
1289 1443
2870 1180
1538 345
2891 1238
1182 1566
383 1170
2799 2038
824 1621
340 301
444 48
2367 1284
1805 2760
38 43
21 12
769 889
1386 641
182 92
2432 620
2259 756
892 354
1827 1308
299 1562
362 636
1247 1117
2355 1166
2608 1055
2889 454
421 1880
102 122
9 322
946 1323
523 156
49 590
1400 1752
1948 788
2194 2190
2622 2524
907 914
862 1187
2542 51
2011 87
2964 562
1069 718
1526 2798
1160 1519
2579 2718
1810 758
114 186
1588 994
1385 1598
950 2502
1724 1389
637 56
1366 243
876 1123
718 121
1059 824
25 2547
449 119
450 961
88 955
970 2561
2046 1262
411 1436
1616 450
1246 1755
2274 720
103 139
201 976
2583 2125
2921 1280
804 470
2272 2399
1798 2682
859 2966
915 2801
1400 1089
1517 576
784 988
97 2235
2231 1180
2287 1888
1161 938
1264 1151
1847 2186
5 6
538 298
2 9
2830 272
960 1652
335 547
2227 2316
2478 2292
2736 2303
1067 91
535 801
769 1288
101 2634
379 284
210 853
2895 2083
798 1328
949 2845
289 467
2820 1627
675 2169
552 349
926 242
1392 2272
1477 2827
1971 500
2043 635
876 1615
1890 2790
721 1159
970 1556
1888 713
1477 521
210 115
1734 2958
2643 2851
565 2803
439 1001
595 1509
1498 2380
917 2024
109 1571
457 334
980 610
2562 2298
1577 1327
1315 166
1656 1621
591 1995
1 152
1213 2318
965 866
1349 1332
2012 1962
2632 205
174 300
279 2712
1505 904
111 65
277 558
285 536
2870 1440
284 1896
1348 1228
2427 788
2397 716
2001 1963
1522 1389
300 857
697 800
2772 1134
1894 302
744 922
1226 53
212 73
2174 1817
831 715
1700 568
1625 2396
1999 1863
798 97
61 1612
1050 323
1007 1452
377 581
1659 2927
1788 1868
475 208
2930 1043
2783 2410
400 566
718 2571
2815 553
2421 843
1142 1515
396 928
2038 2803
668 1435
825 695
185 837
1762 175
2258 2307
640 549
76 2589
2161 234
1253 568
1384 2157
8 52
47 11
397 1479
1306 1965
2722 2951
2214 676
253 2789
2139 720
688 773
1690 159
1058 1780
1714 994
642 1200
962 1248
998 109
497 1669
1806 2847
2037 1127
1735 162
125 205
264 282
2923 1851
1549 990
1539 1057
2855 2004
191 1008
368 20
37 41
1627 439
1149 1475
469 700
2753 37
1004 2392
1802 2668
657 327
2438 1206
2364 2311
871 1785
1541 205
599 2216
2738 2534
258 2578
1532 2086
412 2529
886 2012
2109 2991
1575 1745
1 220
628 358
2387 1682
2869 632
639 2079
352 1611
2215 2279
446 895
2110 1253
2484 2109
30 586
1088 1116
1555 456
1787 617
744 1605
682 1592
522 469
2785 2369
1404 307
2104 1373
60 50
186 287
1830 121
2833 995
1020 1892
1664 1160
2078 2617
1390 338
328 1300
222 1371
410 40
2697 1067
1519 1938
2130 1889
434 668
610 1640
5 230
2794 2548
2437 1088
1042 2336
194 842
1204 17
1055 1003
5 120
1033 4
670 1305
392 648
1502 286
33 4
1070 2326
122 2954
1008 1524
1461 975
1897 2342
1340 571
645 1869
66 595
2010 1720
1120 1286
1583 1784
2295 2559
760 2291
1840 186
2066 1779
2613 2451
362 156
2871 1500
1024 2592
2495 1832
231 14
2471 2209
534 1310
616 63
197 2781
100 163
1530 65
378 1513
599 5
1151 520
874 2060
161 154
1050 1643
1425 2114
1043 821
25 539
104 320
2105 2507
1769 394
845 1168
553 596
1425 329
178 308
2233 255
258 36
2597 292
1939 634
2956 427
210 215
383 1010
956 693
8 1509
2495 350
2567 1512
2414 666
2861 1606
481 226
1270 1111
66 63
7 748
1832 2751
2888 2850
2434 2475
1862 241
210 565
149 1039
868 932
62 377
2775 704
206 734
201 2853
1612 1433
1309 564
577 2317
717 1761
1791 1583
808 2735
366 1913
1379 16
152 218
2919 665
1011 1614
2409 2106
172 148
197 946
1183 260
987 1020
2018 2085
27 2170
281 231
962 2423
184 124
257 898
1107 681
236 419
2262 76
1046 772
2940 1608
2273 1527
1698 1513
2071 1791
919 541
2683 1995
761 954
1238 729
504 2709
2418 2256
1187 1107
1059 2521
104 123
2939 864
2910 1182
67 101
89 110
623 2461
272 834
178 768
140 55
1274 632
147 947
428 577
141 1239
1900 1661
635 661
1274 2723
1673 352
1967 921
641 1257
1730 1467
201 1168
207 172
632 1088
1223 2327
783 1024
266 20
117 1004
329 925
2350 42
2768 6
774 446
1218 2680
391 186
36 751
762 516
724 2985
517 2706
2694 1693
778 1083
2208 2769
2979 2921
1154 472
2428 979
31 18
1396 2502
2312 629
23 200
238 171
2648 10
2390 2832
1888 2510
2692 2341
877 1927
2839 51
596 132
2111 203
356 171
398 1404
3 23
2203 663
1964 2807
2049 1496
43 102
1383 1662
1354 2142
2158 1189
1420 1987
1938 639
1520 474
2477 2934
843 2809
2172 1582
1100 477
29 36
822 1484
956 2675
2263 1683
2353 971
2468 157
2459 1341
2354 2139
338 1538
191 224
93 2693
2107 2222
1096 1306
1283 843
459 421
1439 2778
175 1028
228 436
19 1997
1766 1617
104 280
1657 1676
2705 348
826 634
2488 33
438 1620
1235 2219
2034 1892
1781 1343
351 297
460 59
1098 124
2513 1854
513 396
344 866
1584 2068
2506 1881
1378 470
1076 425
250 1577
2232 312
562 391
1375 2520
1069 381
1046 2025
550 603
27 67
536 1040
760 823
1937 1176
2439 801
939 973
247 1552
2898 1678
983 2481
434 179
154 9
578 557
1201 321
190 501
83 860
255 1156
545 542
292 707
726 229
978 1198
2257 888
1803 1326
2041 1283
1438 2195
2059 119
516 452
689 112
2522 1082
2196 2653
997 93
764 522
1495 768
196 1252
2000 1260
1250 821
2405 1718
511 2969
1273 477
913 1352
621 217
617 2641
1739 1283
815 502
575 788
2187 1099
102 221
1997 1247
1847 2566
332 1178
535 1487
460 2262
22 28
2086 357
1453 1708
2990 2658
1812 877
2098 2959
306 486
1 11
611 2388
266 2512
1296 582
167 709
508 1813
1689 19
429 1754
91 21
559 351
1146 380
725 368
1022 1641
636 2389
1432 1079
235 337
1193 1704
1608 348
2426 1383
725 342
2886 2598
2422 801
2335 222
22 27
85 6
2220 279
910 853
502 941
130 1590
2616 1320
283 165
2938 2512
1016 1453
53 188
165 109
2067 1023
648 1256
1625 1696
2440 1634
87 512
14 142
225 1603
423 1420
42 49
127 2375
1037 271
347 353
882 2810
1501 1475
364 813
801 2372
22 21
880 529
934 564
2037 1046
2249 395
346 300
183 1321
1980 263
10 15
2934 720
232 506
1679 463
1617 990
472 836
35 33
1182 2592
1401 113
2321 159
980 22
531 55
191 316
2685 1091
158 572
467 1853
502 592
2090 520
1306 1763
1142 146
220 402
515 1969
506 1815
2541 2188
1513 2821
543 2094
591 193
2118 1610
887 489
126 131
2667 2270
387 240
1764 379
2843 2056
87 2142
2816 1122
278 2280
515 90
2569 1877
2700 1092
255 1628
37 149
229 2946
2029 1546
199 352
2897 863
101 197
265 1222
2611 1660
2110 1044
302 92
2811 1936
1466 1649
1111 69
1321 1889
442 2680
189 1035
1140 399
32 2747
1918 752
350 103
1988 1521
1854 1024
2737 2345
521 309
2039 2382
2251 2584
1167 2191
559 741
1231 1981
1897 2240
49 107
964 501
283 2157
93 298
1967 643
1642 505
13 2822
1126 370
2861 1674
212 347
943 2121
1216 1170
83 1380
1238 1466
348 1127
1593 329
179 1251
1335 685
1093 2263
2270 1834
2220 2005
1042 2719
1182 530
327 710
26 712
1293 2672
1461 2136
467 704
732 454
32 73
104 15
1818 2190
2372 998
477 562
424 184
1105 1456
665 137
459 542
936 425
95 355
1511 597
2267 1945
1302 1725
1091 2674
1613 2543
2256 42
1407 529
1931 1913
1217 148
510 2676
213 983
2630 2537
1929 2645
475 2487
1419 2644
2380 2179
8 7
150 416
75 34
69 99
1070 66
40 2113
2046 1362
2904 1936
388 2961
2808 691
1822 2963
583 3
2941 2075
1986 1124
1258 792
2104 2568
291 331
2297 2752
352 758
69 2378
1413 1610
572 600
1185 2072
2712 463
217 99
1041 2707
854 765
71 1180
1966 80
466 39
980 1894
1382 677
2452 1011
892 2449
926 1820
1462 2283
92 33
649 2647
1200 1929
1318 2911
684 2751
850 312
232 1364
2683 713
1193 837
5 2071
1614 2044
2320 473
515 617
230 2064
2497 537
1009 1278
451 146
2092 1524
311 2563
2304 1745
2079 987
49 2248
2944 314
897 160
535 132
1230 883
324 682
2 10
894 2107
647 1361
2138 730
892 2890
309 968
1280 2172
525 2221
4 787
1306 2540
214 1736
881 1174
2920 2397
1230 1516
470 1989
2657 2061
2400 721
1034 1006
2296 1370
10 158
2951 217
472 117
953 2588
1255 683
1942 644
462 2763
1962 695
1446 443
161 2523
767 300
654 138
1693 1635
2106 2105
2613 2846
270 195
916 1805
1158 2774
131 290
2689 862
994 295
350 687
1299 738
876 303
528 385
1312 1991
2080 495
483 1017
1009 1080
2773 542
459 2103
162 155
1811 1898
1160 934
954 2759
1576 660
410 2074
2825 227
1758 1635
89 105
245 437
1372 2820
138 708
647 729
542 113
1150 1796
1256 2095
2493 2824
454 2249
247 530
10 601
938 1849
257 154
235 1919
167 330
1908 1809
2337 921
2702 198
2312 1429
965 1534
1527 475
182 560
403 447
2366 1495
184 2860
1413 1721
114 91
2062 2128
1416 1241
2780 1010
185 1876
2544 1084
574 449
1695 2155
2485 18
558 2537
413 398
1826 236
207 1197
334 1112
1597 2039
12 183
48 4
8 17
533 1748
2744 1752
607 531
1866 656
2916 2280
642 58
1316 1349
318 117
1364 2323
245 92
2330 2026
2765 1706
576 331
1904 706
770 573
2683 643
1861 1040
816 1473
18 323
1123 1243
785 1177
1822 483
180 1717
877 501
1413 1167
2466 1887
173 1757
1281 1444
668 844
807 830
1962 1648
818 2533
753 905
1217 1343
1564 1949
977 953
42 1152
1021 2112
133 883
1581 2519
11 26
499 1023
433 61
1003 2755
730 2102
1501 1351
724 2384
1213 185
171 199
836 1246
3 208
910 2988
1437 2308
1088 1464
584 145
672 590
459 524
118 366
2977 525
2226 1410
1470 1178
1070 1207
1569 955
454 1498
287 2865
442 230
1775 956
1988 1764
899 2013
2674 833
785 1422
919 1393
2933 1913
559 1672
2275 2238
2037 2538
394 698
2317 775
1573 1440
120 1691
146 778
1479 334
74 1543
1103 931
1890 1467
349 341
39 227
431 1801
1352 1253
409 5
1933 2325
1163 2189
479 761
959 2350
599 2813
778 1271
1732 1304
560 2658
1915 1411
1146 1046
922 635
529 845
2 1206
1301 2528
252 165
39 2622
870 190
2459 465
907 365
759 1105
1160 1332
1575 729
2550 745
806 216
939 2552
1167 214
347 2564
386 1515
1934 809
2972 2821
1685 582
1368 1204
1047 432
17 487
515 816
832 879
967 698
1368 2879
1580 1632
2460 1379
2260 1544
1784 1388
880 1057
928 1840
425 872
612 399
870 2976
856 2073
1848 2135
1305 1357
33 957
1353 1222
459 2941
263 2250
2393 1146
2931 1061
1039 1291
1375 755
2246 2334
197 1884
76 790
2003 1842
1875 397
51 471
2319 549
305 1139
70 263
1667 2357
853 1093
878 1143
42 1818
375 339
253 1646
2253 905
1808 972
2186 2943
1177 1373
2324 2787
2522 2766
1760 1430
305 673
2944 1479
1926 2710
629 874
483 490
1044 1221
1919 1452
422 146
691 603
570 1551
2501 1005
568 2959
226 1405
1333 1618
2745 161
21 38
1975 2185
2472 452
143 32
888 1345
2895 1875
822 513
2288 559
82 951
2437 2971
1154 1395
2516 691
1398 945
2021 2384
2152 596
781 640
2479 1555
2706 2852
1584 1911
2123 1471
728 558
1670 1246
392 884
1850 1019
1085 2676
23 237
283 1272
515 2039
1220 2894
2854 2534
1698 1857
1474 299
1331 288
1116 2499
1249 2381
442 602
123 789
2443 1047
1215 1874
1141 748
958 320
811 78
173 1748
350 508
1434 2048
115 1060
484 2593
104 1976
1237 2382
1737 2513
1217 1778
101 1392
2533 807
893 1376
398 937
2085 736
2609 2053
634 1311
2781 1681
1042 1557
1239 2914
1971 320
309 1415
246 678
1204 1768
1906 808
6 12
1741 2130
65 115
2581 2422
2158 2624
491 2020
78 108
479 476
2682 1075
1722 230
298 427
382 814
2640 133
63 381
1460 775
1040 2043
65 109
504 2896
2149 1355
2417 636
1699 1237
2818 2036
29 34
1429 216
2679 546
162 949
1389 841
1275 682
169 373
416 2681
390 511
676 1337
2425 2419
1450 1031
503 2248
1387 469
1554 18
570 746
2724 43
1019 1284
2755 1643
2033 2335
2562 2641
2576 536
240 429
2103 2198
931 730
2306 2740
1701 1049
1187 1629
2654 1403
619 509
1620 2342
1294 1032
828 377
49 213
1296 981
1548 961
16 168
1930 975
57 55
1175 356
1173 2855
1279 1334
620 1073
654 1633
755 961
1686 1638
2265 652
740 2721
1441 124
1026 493
990 710
1832 2208
1195 2839
2141 143
1407 1607
1919 1569
2951 358
667 599
136 548
274 239
2411 264
642 2302
2666 229
2579 2552
742 288
592 1209
792 369
591 791
2643 1889
2345 261
1153 925
600 1079
186 247
2820 675
2721 747
2554 874
1470 1132
2810 2647
188 336
488 116
1374 1281
1909 1446
356 1570
1004 2582
234 1924
43 2924
2650 427
2159 76
644 633
824 1419
141 50
1674 9
575 1844
811 1660
207 626
285 129
593 2390
1836 407
2109 925
220 1553
1965 2059
488 706
768 67
1666 1472
1088 2874
1655 1750
257 1733
2722 853
399 664
276 2980
764 851
882 618
2660 965
824 1357
116 1306
345 891
59 2652
1101 392
1621 2439
954 2608
133 264
106 1025
1219 1071
268 1843
540 1587
1482 103
29 81
1267 396
167 72
1385 2201
2960 2077
1935 1109
605 148
1536 1261
2802 510
193 2917
1230 403
385 232
2458 1834
1751 464
743 1237
699 569
2511 2480
576 598
184 912
1514 531
1026 1461
1024 1106
685 1061
70 106
2666 2869
1727 94
2288 2439
1188 1765
2331 169
1005 1695
64 139
2536 1396
431 1687
606 555
511 2227
2966 544
229 28
2016 1957
1740 1667
767 518
903 204
1418 1797
2199 268
2948 1995
1037 1044
1101 2249
839 86
134 394
2127 2804
2056 1018
1171 768
652 782
572 933
1486 1376
418 1408
626 1449
343 341
1775 932
206 1346
849 724
2974 2067
345 524
917 1370
1914 1120
2898 176
177 8
2351 644
213 386
2283 2903
252 2697
1135 2134
2279 1669
1447 702
2596 1624
1108 761
458 37
2386 2273
1293 805
391 452
130 27
1016 1595
46 145
575 132
92 1510
954 2534
2646 2560
2202 1798
1776 1626
930 2173
1660 2026
1846 1056
448 1108
1267 2826
633 115
3 4
1985 969
2982 2251
2346 345
1356 2150
11 76
118 438
2577 2617
2776 2497
1384 1870
727 737
124 614
344 1703
2062 457
1779 303
407 1231
2352 2140
67 84
650 168
328 142
2269 2224
731 2137
2539 592
684 769
361 1900
1754 1998
2720 1997
848 1078
2500 1747
261 1327
1555 2287
2663 2261
1786 1173
1133 1155
42 357
2525 2057
2204 1255
1962 294
942 2027
1586 67
1852 2714
281 2363
94 44
1323 2211
1863 1815
556 325
2383 1997
2739 212
113 96
412 84
466 2003
1545 1113
2101 2396
247 1423
2426 1170
30 185
2007 1571
1469 1034
195 1458
78 579
468 2339
488 1747
627 2698
2663 2983
1266 224
920 2055
111 273
1039 1583
570 1554
2129 609
1695 1905
1249 104
1960 2877
2610 2765
1996 2573
2148 847
2359 348
495 179
1604 454
2724 483
885 2863
196 154
1002 333
153 430
1911 932
33 148
1872 1783
508 2792
2438 947
649 1972
1378 423
43 112
2885 2729
491 304
554 216
130 1622
505 906
1865 1257
47 979
2882 324
1897 721
1429 2781
256 269
2290 2450
2311 465
1276 805
309 1091
754 463
393 238
439 802
1455 903
1046 1865
498 1067
1253 628
573 350
388 42
1372 253
399 2786
1833 2042
69 88
1396 232
663 370
690 2083
1130 921
155 164
107 333
881 496
534 322
80 103
2975 348
981 2370
284 148
308 716
645 513
1476 2084
715 2866
2063 1325
328 991
2526 2292
1903 285
559 840
1477 819
812 295
981 1676
1896 2615
622 1829
2550 2582
2918 239
1658 625
1778 36
2489 1713
9 14
169 1077
1162 698
852 115
1974 1749
2222 2336
2338 316
610 724
324 146
170 696
414 104
1224 1565
1282 2952
1449 528
1715 2329
1367 27
638 382
1220 10
89 14
654 797
2050 1770
198 1480
1882 242
622 223
2691 1977
1825 2837
30 1280
28 77
2962 2
2525 54
343 781
1167 2767
299 1361
1439 1104
1090 356
299 279
1315 1493
2024 718
374 21
1560 1838
674 30
415 597
2912 216
2711 299
1158 398
392 94
2313 737
1620 1648
913 1839
609 817
2127 871
2203 2939
187 2344
224 239
2303 68
232 80
1388 812
929 664
971 1973
2577 1929
544 697
1916 2151
2206 1916
470 2017
433 2320
1619 2056
807 643
65 1027
363 618
842 1056
1523 191
2404 1669
296 146
869 403
504 803
483 2158
2870 2348
2184 1207
1453 991
709 2836
1314 759
50 17
2327 519
1172 1194
13 58
1302 1998
211 692
231 1231
408 79
540 2272
1339 513
1873 1082
2546 2478
1165 2413
2873 2117
139 1777
83 27
2499 2495
1678 1042
2972 600
603 843
38 44
2182 2322
180 1932
62 58
2234 2823
636 749
98 435
292 2874
2594 1812
2570 1337
432 21
52 2572
646 2091
974 1799
248 281
126 1600
1528 2725
170 83
2266 2308
1224 227
1801 875
2269 322
845 1802
119 2040
274 155
1084 2141
2937 898
2932 1709
1461 1582
81 428
393 392
580 2217
535 2472
2333 668
1114 1421
1803 203
2425 353
864 2301
395 187
2686 450
201 1292
1373 264
2877 2417
570 24
867 814
322 847
2244 1600
774 1987
83 238
1466 687
328 658
1383 1806
69 137
174 488
2026 2266
2825 622
59 372
1920 1450
594 206
357 939
2314 1229
1070 1479
2933 914
1027 1752
215 415
2051 1232
2580 583
2019 2662
52 334
610 403
1228 51
499 2051
1740 2297
370 1754
533 152
1647 85
2059 1278
281 1062
1628 2465
674 1914
1742 225
2649 2764
2236 143
2070 1650
873 294
470 549
35 1414
1494 1823
2324 1633
53 214
1047 2170
361 370
2125 962
1833 2313
204 31
1277 369
38 1443
2922 2165
550 2094
766 553
613 216
2234 388
158 736
574 2314
2850 2250
1853 2516
255 28
1818 1586
2531 1857
2094 2942
2591 2929
173 116
2967 785
1982 383
2626 87
276 1282
1530 2241
1025 1448
2415 639
84 279
2181 1661
1693 753
2300 1272
769 1347
295 502
291 265
643 329
1334 1083
2205 1945
34 759
1448 812
1292 2176
1125 695
1635 1346
676 210
382 1099
1650 782
455 1186
1618 735
386 2730
1428 2045
1325 1325
1543 482
2457 795
2243 222
1970 1839
2 19
2130 524
1813 2643
307 200
2147 1871
1742 1818
323 1789
609 431
494 33
978 233
1190 625
153 514
173 756
1307 18
2639 1171
1867 481
2378 2601
2777 2321
2195 1247
2509 1253
2920 1280
2759 146
1773 2573
2319 2717
527 2006
674 830
237 1418
2341 1431
648 1488
411 33
497 1196
604 1095
438 893
1105 1487
669 555
426 1249
258 1212
999 1669
207 1185
2477 2595
1983 2238
2607 1859
2887 2565
991 2981
1444 834
1114 2293
2909 632
604 524
2019 134
517 2872
805 1457
2741 1764
681 424
1424 858
2612 1973
1360 740
2183 1283
743 343
85 1726
544 1594
105 470
1783 1236
2588 1160
390 54
2719 479
658 2258
2113 786
2599 2169
216 1052
267 20
865 860
1183 1481
247 2376
1697 1552
2178 2452
475 1265
79 250
2821 1118
2398 208
584 1135
132 171
312 2970
79 86
2832 1866
2373 1829
2957 2757
26 1132
2046 10
962 700
135 2772
1601 803
875 494
1641 2231
1859 761
1287 23
2033 2764
100 301
26 477
1979 1625
2638 1158
1853 1692
721 1318
1225 1053
2812 1292
2578 2310
1821 946
553 30
491 1671
1744 1372
24 147
307 314
496 260
142 485
359 625
19 30
1996 1667
897 1032
2268 2701
1007 283
130 740
191 181
2335 1394
671 1656
1503 83
1696 2179
2193 385
1314 2295
2721 591
1469 522
653 214
408 1845
2055 2409
1173 48
1552 2455
2977 1087
484 60
429 1485
1211 526
1440 1391
2863 56
580 206
560 1191
1941 2677
2061 1095
321 2493
60 828
2022 2208
750 1029
322 634
1271 2005
1110 1236
624 52
1476 378
1579 539
571 63
1625 2935
221 1200
960 350
1679 2441
1112 2481
503 1723
1058 2162
536 1326
1085 997
1344 2109
940 418
2291 238
677 794
587 364
975 594
627 58
1 2780
2627 1719
935 1279
987 211
399 2762
1820 1959
339 509
930 236
2714 1932
1772 578
134 246
1139 1189
1833 1135
1813 1817
1780 893
2586 1457
1369 2967
2369 1623
444 2445
187 478
740 848
104 187
1229 937
34 1066
298 2293
676 1135
462 335
2091 2443
1179 2936
2868 2750
292 567
1941 482
1017 2473
2140 190
369 1417
760 666
2617 2831
1233 114
897 2310
79 871
1417 1559
2420 2981
702 401
67 713
467 675
846 79
1537 1400
1794 2105
51 30
389 347
905 1316
1304 1303
1185 971
1483 1688
772 385
14 543
703 174
240 2013
1503 2504
1771 2492
1432 1955
1257 2793
570 1793
522 101
1683 1633
886 421
1036 107
259 198
387 1041
169 154
855 1947
2331 1275
513 1119
935 420
382 1145
2658 2792
291 1016
291 974
777 314
1526 2470
268 2631
803 862
493 332
76 2748
2517 2283
1282 1847
1770 98
134 1319
1795 1000
2855 2588
1298 1134
2622 2164
1342 2817
46 1956
1354 2055
1539 2875
2594 634
1639 226
1349 958
2230 831
520 232
1906 1067
656 1885
1983 1806
99 367
2216 66
2182 1754
276 198
529 799
1736 2008
1000 603
2652 2355
753 334
507 4
130 1113
600 2022
893 2019
58 1195
715 141
2053 1958
2217 2734
899 581
1714 1523
1712 958
2699 465
548 695
649 642
581 1218
1412 598
2575 96
2444 433
1269 242
1631 357
635 139
2085 2178
2235 495
1413 325
2837 2688
46 55
1499 2028
2006 387
325 1606
1106 529
865 1858
1850 2358
1262 1251
2294 900
454 10
497 2600
306 2244
1328 1628
1411 966
69 68
180 6
1891 1507
604 1939
2636 231
1208 853
164 1120
1552 2117
1960 911
1065 850
1798 479
659 249
836 663
2232 594
1244 646
1655 319
265 64
1122 1918
1260 1001
688 1832
2455 2379
2806 2314
70 31
611 1952
2813 2866
2503 969
1014 2200
1886 351
840 1263
1464 1613
2532 2158
1617 612
480 232
499 48
2208 1820
1799 1025
52 223
1120 2983
2275 1102
79 31
2673 1378
483 267
1057 371
1386 372
220 1684
1694 1602
1743 424
2811 1701
340 503
2017 2892
456 1406
844 2971
81 1966
962 724
1014 2940
676 2093
1968 1436
2530 1485
116 129
576 926
2415 2651
1540 2122
2180 1141
1030 1651
2690 1320
996 1192
1216 708
484 1852
2602 725
1844 1964
828 2660
2102 2669
2879 2096
1958 1212
1933 854
500 445
941 2000
1410 2165
2334 2671
19 2534
853 1049
1109 1295
800 1148
1304 1641
1769 2448
2596 1860
1667 2108
1215 608
619 896
1272 1431
672 785
820 396
170 1702
2732 730
2006 715
879 2015
2019 2200
1621 2735
1375 1643
206 338
2613 2984
136 34
1006 785
295 727
2284 1397
1580 52
29 61
433 373
159 2381
2867 2476
175 206
2733 1293
2864 969
770 2101
166 937
220 1910
2925 1586
932 2902
1290 202
2773 1365
901 1051
2251 2764
977 1741
492 144
419 2305
2235 1439
2 1
1907 1502
1132 1329
267 2844
121 2311
827 346
894 1197
863 588
676 779
777 1687
1634 827
1004 2800
98 67
193 510
1474 1100
62 1084
1632 180
1250 2431
2217 586
995 2377
224 376
1940 2587
2154 1117
1038 1493
2385 509
453 589
1896 212
2074 2119
78 2268
1236 1474
434 750
1395 1121
2374 652
1455 2251
1433 93
295 1149
2164 412
2407 2106
1084 148
1981 2031
444 1442
912 1471
960 671
1789 2530
415 1531
2496 519
1862 2070
1255 672
2585 1158
2306 905
2434 2260
698 1856
1428 591
106 822
1801 2630
2382 2257
550 1921
2340 1273
1152 1855
1758 2123
1857 2864
2368 901
1855 760
42 38
429 721
158 425
1021 1992
1860 188
104 329
474 228
1783 1969
1023 1809
770 594
2911 2947
960 838
1239 2261
680 585
2610 270
2111 2420
2915 1732
2102 404
1894 1296
2356 1582
54 11
1274 2625
160 13
