500 100
90 -269
-560 -255
495 -671
874 451
196 -355
-921 -868
668 400
-631 866
0 -312
268 -214
397 -341
515 450
-50 434
-353 607
-153 -601
488 -730
231 184
-834 -503
-160 437
146 760
50 792
-247 539
895 -294
567 712
-575 -406
592 -883
598 732
-412 72
727 -24
47 310
706 826
-399 886
-235 993
102 997
292 130
-962 245
840 553
362 702
144 187
882 285
-576 -7
332 814
951 306
27 -826
-882 -893
-126 49
348 -86
976 -212
-651 -721
782 -812
130 703
4 272
-183 185
74 718
469 -680
-138 -105
725 287
-412 773
-113 384
-717 557
472 -734
-8 563
471 681
-68 119
-136 602
-183 -869
-947 343
-554 -916
748 633
-653 -142
-620 519
35 -505
-169 -416
734 -502
680 165
-240 80
-258 674
37 731
938 -993
27 261
-273 763
839 -268
431 -859
809 -888
183 -872
641 657
-267 54
34 369
-960 354
705 -383
-590 896
-409 -431
-207 -430
-123 325
167 -841
-134 -539
-871 -513
-495 138
-682 475
964 -465
-59 100
530 602
-180 585
-782 404
824 -882
987 -891
9 -849
51 353
347 761
-797 -517
-237 154
126 -561
-231 -231
-329 -861
153 -432
992 774
-372 -469
43 -461
-127 -990
-753 -58
566 346
770 371
525 -95
-579 -327
-581 804
-717 -109
-105 -39
442 673
471 675
-605 -895
660 -856
494 -343
-221 -642
747 -795
350 783
725 -887
-464 591
816 390
134 -409
-944 806
-67 -124
-126 -964
-232 -692
234 826
-551 218
-100 -434
-511 -10
0 -908
131 687
273 718
210 -378
-751 -821
203 878
995 -719
-155 -984
744 926
685 440
289 -788
471 947
344 28
293 -906
970 121
219 -143
133 868
299 -632
-88 4
-963 86
-54 -169
59 778
-309 -340
71 637
553 420
828 368
-731 -641
-311 903
-578 -854
805 -89
-764 824
-442 814
510 -475
-272 585
-896 728
151 -702
-644 -290
592 755
112 -90
171 828
636 866
458 292
-462 -428
116 -955
-236 -520
-570 225
-329 254
-393 628
669 511
-391 -216
-793 -907
989 -137
-18 563
-603 -9
-393 878
-417 599
-507 -660
109 -191
219 30
828 -275
-911 -913
-886 -314
-205 710
-108 475
977 302
587 175
-1000 -6
806 258
657 -81
306 416
907 979
-704 -796
710 -944
735 -653
642 -569
-26 -635
-416 756
482 -581
-878 883
521 857
-151 -854
709 -117
-717 749
802 844
364 637
44 852
276 843
-622 -542
530 189
670 636
-130 550
615 605
-458 -502
-512 725
-833 815
-648 -12
626 319
-679 355
724 534
866 -128
-115 -841
548 -644
-248 -669
-261 585
842 799
-317 398
120 -517
-501 -921
766 -851
945 858
-879 910
-777 -403
-3 -656
390 563
772 -112
615 -246
42 55
-884 244
-86 869
-457 -517
431 305
-901 -636
560 132
388 167
788 661
773 -497
933 76
-901 970
-470 1
366 974
672 -479
-518 -246
917 391
20 -780
22 471
173 -729
688 -28
424 -497
204 225
-157 -169
-6 879
205 -999
-236 -796
552 34
-874 642
946 242
-768 777
-825 26
491 895
563 79
-14 378
750 -132
371 192
13 105
956 22
-176 605
-211 -944
474 -499
906 -692
866 400
-902 366
-659 -779
660 362
532 979
242 870
-1000 -800
-943 -531
312 -794
-155 -264
224 -411
-156 371
583 -116
-917 -668
-722 -476
639 -728
356 -937
829 809
-461 701
-620 -632
-299 701
733 -187
-216 420
178 -586
-599 330
73 -130
728 -100
809 437
-810 708
-363 127
368 -495
18 898
720 -479
866 -335
465 468
221 870
306 -204
-709 -169
-982 544
78 -594
67 979
-292 -589
893 450
557 -314
627 98
198 573
-291 -954
-742 -541
-834 870
-887 -290
-825 -762
-730 314
326 -497
647 -533
147 -858
-369 -647
744 -362
862 281
-59 536
-388 -353
192 75
280 -419
-748 -407
344 -93
-675 -923
229 -502
-892 -415
-578 858
635 -498
257 -847
911 -328
761 282
981 538
-542 -623
-228 322
397 -472
-66 -848
391 883
-83 360
635 -592
-953 580
360 -508
-532 529
901 -970
-530 320
-147 728
-561 -882
-5 820
240 656
722 -127
851 -21
655 -873
-331 48
-376 -1000
-282 538
253 -164
214 -396
-33 -890
-478 252
748 -632
-840 369
-367 -725
-669 711
-570 324
-500 -848
542 -855
242 646
-831 -744
-821 563
-585 -743
-688 -871
314 -283
-182 -767
-27 -267
68 270
-698 -44
503 23
-854 911
822 -536
270 -766
513 704
-181 -30
-959 -744
-227 -919
380 150
-48 696
458 126
67 -756
492 -999
-927 395
-109 440
-464 488
-377 911
-408 -23
-530 -566
-538 -815
696 -908
530 339
246 727
880 -346
-73 235
-946 -650
226 -217
0 26
-458 -513
-460 -368
-489 -195
-139 267
183 -982
-324 -416
266 -798
739 -798
-732 -10
-837 751
-77 993
-757 -69
-892 694
-503 -996
-256 341
-702 -367
-583 822
426 318
-335 559
-505 -594
-751 -495
-624 973
669 697
-461 82
933 -258
-927 -658
-42 -464
-27 -88
29 -499
-814 -977
561 -954
625 -918
-200 98
416 -239
647 256
837 909
-571 -202
-808 935
-65 -465
-677 547
-706 903
459 -999
632 -346
739 -345
-641 613
-832 632
444 617
-851 -239
-241 516
-194 896
