500 100
615 -678
-755 721
-803 590
881 882
811 -539
571 -761
612 -998
508 -878
-678 753
651 960
-565 790
778 -776
658 -668
763 -979
732 700
665 -588
991 925
865 -795
885 -716
526 -964
-585 -738
790 -831
-789 -952
595 517
520 965
698 -789
742 638
-590 -711
984 -644
-710 -840
583 794
808 -882
697 -887
-517 634
-510 -809
-861 713
668 902
-964 -525
762 -864
734 986
518 500
-792 976
-671 -836
921 766
774 721
528 765
-697 681
-752 -962
-535 -855
939 -518
-542 524
-953 -596
852 -936
-921 -885
518 -973
782 936
-930 -622
886 658
600 -617
507 859
687 984
-722 691
779 -951
-746 -618
-565 -590
-505 712
792 -549
-903 830
-941 502
-604 -594
502 667
620 -653
-982 -629
-758 -769
777 677
626 738
-762 -910
-600 907
-576 796
-565 930
745 -531
-749 -750
-631 -761
-804 832
842 -587
778 853
528 503
-908 527
-909 638
937 -955
-813 -816
-567 -785
-945 707
-952 -664
-535 953
-634 876
624 524
618 -607
-819 -929
-958 691
738 947
900 543
901 919
-547 681
-568 -850
-504 579
-698 -572
558 -782
-613 -710
643 924
851 -991
569 -566
-557 687
-878 -863
-693 -871
703 594
682 789
-638 683
864 -941
-520 -864
954 869
796 658
858 -985
717 556
-996 -926
999 -906
732 825
-978 638
-514 -529
995 752
-535 -673
988 808
-560 816
-829 -907
-929 -838
629 -990
-514 983
-977 -635
601 606
-696 -903
-852 -665
570 -814
581 -559
-650 802
-608 -1000
675 742
577 -839
-560 821
-965 -737
-822 509
-575 517
853 723
631 -525
729 830
847 645
635 554
-534 -558
986 -838
-889 -813
-534 -796
-991 756
-650 985
-929 -762
872 -556
656 915
-748 767
-839 870
653 -948
640 950
-846 -721
-997 -856
526 -970
828 -893
-910 820
995 -901
603 -688
738 -608
570 747
-870 881
-630 774
-998 730
682 -543
732 -852
873 -746
-795 -955
-939 937
871 -790
-630 -683
-908 -616
590 713
895 698
724 931
831 967
-695 538
861 -887
-819 503
-671 -564
504 938
601 768
-562 -568
976 591
-525 529
996 -840
-576 -937
-835 637
-767 -970
850 887
704 936
-861 678
669 687
871 -901
-844 684
630 -760
-610 755
768 -559
930 629
885 691
760 747
965 611
-780 -904
906 -798
906 940
-808 662
-833 925
610 -632
836 829
707 -936
-650 583
618 -961
-611 -691
893 748
-980 985
964 -760
523 837
-923 -568
992 -915
539 -647
568 -711
646 766
825 561
601 -776
-671 -656
643 808
980 -925
875 899
618 905
864 684
960 882
536 -652
-659 546
-599 -810
949 810
815 -642
592 -978
704 756
792 -841
-752 853
-711 538
-809 -859
-843 -809
-679 -845
-756 -536
-649 933
829 739
972 527
-590 735
724 -601
920 -771
971 -874
-898 -825
-890 -877
-855 548
766 836
-872 -659
631 -612
878 549
599 -997
-760 -848
-934 -691
985 919
-751 561
-792 632
742 739
-820 529
596 755
866 561
837 633
-770 913
-641 -577
-522 783
507 764
671 -585
-799 -1000
582 587
949 -884
-501 892
-873 -665
942 -951
925 735
738 -818
559 958
860 -695
-644 -710
-964 880
879 -645
938 -540
-831 -837
976 574
-555 -708
-814 -683
-630 -506
688 -688
-625 -992
-636 -925
-998 561
-775 -683
-575 -581
-777 728
-629 -880
827 813
-831 -648
-749 -579
702 -651
640 528
846 -784
582 -971
927 923
582 957
936 693
547 937
933 948
-554 -550
-779 805
787 -591
-941 730
658 -815
513 943
-532 747
769 -760
665 -638
655 -562
572 944
695 888
810 875
-637 -950
-918 832
523 764
546 -653
716 763
-822 -894
-698 -882
-874 -738
772 -653
904 -632
748 -905
-501 652
-828 -750
-750 -564
522 783
888 864
511 763
962 -552
-605 934
-798 -700
554 -700
-502 803
-706 -793
887 -539
-944 -774
-730 -643
562 704
945 -684
642 -867
-678 607
-603 850
593 919
770 -775
-870 -976
-805 708
978 924
965 -787
-841 -509
-969 -531
-955 -838
-622 590
614 -930
-674 869
546 584
-948 -811
-590 -786
-802 -826
-834 -518
815 830
-981 559
-687 692
858 602
-747 -759
-870 -567
783 -886
739 -833
-878 -954
-999 -877
-526 638
-879 -723
512 -896
-765 -677
-776 906
538 847
-928 -591
-789 698
-954 -506
565 724
-872 953
-519 -541
842 968
575 -656
-884 -592
516 -905
-940 500
766 852
940 -990
671 -685
-799 547
-838 653
741 -887
626 652
-762 684
-546 617
-983 -664
700 -567
989 888
-690 831
719 -566
-751 590
846 615
-918 886
527 -663
-922 -554
860 -870
985 643
-655 600
921 649
-599 -709
-564 987
839 660
-644 715
-659 658
879 677
-580 723
-709 643
-505 -801
764 734
-726 941
-984 -634
-976 -913
-814 505
756 -794
-654 -592
542 -539
-869 -639
-737 995
-928 -988
767 688
650 577
-922 803
-706 651
-552 -970
953 -826
-521 -760
964 998
-806 710
989 720
694 -903
-624 679
-561 789
929 -631
600 -500
990 -884
509 -511
830 -666
-502 -820
500 945
746 -589
775 679
661 837
630 -782
947 -755
962 -787
586 -874
913 -623
710 852
-842 -873
-535 -832
-626 -627
-626 838
-845 903
878 820
547 -983
592 640
763 910
