1000
81 30 41
40 5 31
0 55 55
29 37 5
61 56 2
90 70 34
22 88 73
46 25 23
96 31 25
75 23 60
11 45 87
67 14 93
86 25 64
91 61 19
36 22 35
77 46 98
11 60 98
3 38 18
5 5 86
86 33 83
24 89 95
42 12 84
7 55 85
76 10 62
61 53 3
59 46 2
61 58 61
47 53 21
37 65 24
84 79 48
43 82 22
24 26 19
55 94 47
10 55 4
54 36 40
18 13 17
99 3 95
10 34 81
43 48 99
19 38 41
89 86 90
38 92 85
28 95 81
55 48 15
100 27 67
11 73 54
54 83 44
6 33 77
52 37 89
58 63 62
55 82 21
21 61 42
51 76 26
1 94 5
33 20 79
34 26 6
89 48 39
53 97 9
48 46 58
42 91 58
46 100 56
18 18 95
36 87 6
23 3 100
92 33 47
38 4 40
22 61 99
8 61 3
16 10 4
60 52 78
8 58 1
36 61 83
35 71 80
37 77 96
67 67 62
59 19 85
5 66 37
65 42 19
83 62 4
14 72 37
10 5 43
65 18 82
57 98 14
5 100 52
51 72 5
74 86 76
59 96 91
38 8 35
13 17 1
20 73 83
45 38 11
69 62 92
82 47 46
2 76 15
91 74 34
38 42 11
73 4 82
100 68 14
81 64 71
98 55 70
100 61 33
20 98 70
84 90 1
35 64 17
81 79 13
64 38 29
85 93 63
79 12 10
56 80 4
45 70 62
52 22 97
77 28 9
42 67 14
51 46 69
82 55 91
93 54 6
63 38 11
74 29 63
49 2 81
99 58 92
66 92 12
3 75 98
10 33 56
19 41 36
26 2 42
93 61 47
97 37 34
25 24 95
30 94 18
83 81 21
45 39 23
56 61 7
82 77 39
76 9 32
7 29 86
44 31 91
7 68 97
55 94 1
97 7 12
15 72 4
2 72 59
10 72 100
34 9 32
73 7 6
38 68 94
97 83 99
99 92 73
69 91 72
12 98 95
42 25 39
46 60 87
82 45 77
9 67 78
37 17 62
29 25 59
5 92 68
12 71 89
25 76 48
16 48 34
61 29 41
67 56 15
40 32 40
65 77 89
8 92 17
16 81 80
81 16 88
70 15 34
95 22 15
43 54 4
50 95 41
90 67 82
49 86 5
0 20 21
93 81 97
31 37 19
44 26 6
4 84 60
16 39 79
85 33 65
6 57 10
93 8 68
8 87 8
91 77 63
14 63 94
69 77 100
66 19 66
17 78 67
7 52 70
68 82 88
76 23 47
52 79 8
38 13 28
15 81 30
84 69 3
25 43 87
16 20 69
53 86 23
45 83 96
82 87 30
24 84 57
53 80 34
70 67 75
43 19 26
6 68 91
53 3 4
14 59 83
73 67 79
20 18 1
4 47 1
7 78 53
57 66 7
52 60 75
34 74 94
71 52 15
28 13 37
68 47 78
49 18 95
41 62 75
91 86 32
55 2 71
82 65 54
28 96 15
4 99 34
78 12 26
7 83 47
36 93 63
64 81 11
62 59 95
78 12 41
100 54 94
91 2 12
14 12 58
34 14 7
98 6 75
66 20 11
19 23 85
95 33 26
77 88 1
58 90 100
63 97 5
34 59 57
65 83 43
13 42 34
57 28 81
70 25 2
11 72 92
31 20 6
26 20 90
49 42 78
50 20 90
85 96 27
32 81 7
87 37 36
2 1 3
91 86 25
53 66 72
55 83 24
2 20 12
81 3 94
7 95 21
51 34 61
96 100 18
15 100 82
78 100 69
0 68 90
34 29 37
53 22 1
19 90 69
2 64 93
37 2 41
59 83 100
93 91 57
61 6 25
89 8 11
45 54 78
6 90 7
49 73 97
46 59 25
23 8 13
88 98 54
30 65 81
46 26 68
37 29 63
15 73 20
77 91 2
6 74 68
52 71 98
39 72 57
75 63 74
34 44 71
95 59 36
79 29 41
99 26 64
36 41 40
56 43 8
53 90 67
84 93 54
75 96 31
97 87 65
50 22 86
97 40 45
64 82 82
43 86 20
76 77 73
54 31 99
46 18 82
38 6 39
10 22 55
13 68 39
7 72 10
37 54 52
72 83 63
99 41 62
63 73 6
10 38 38
11 97 8
100 39 9
91 22 82
18 75 3
32 10 75
97 82 93
8 67 44
83 56 97
27 39 58
52 27 3
99 99 99
19 15 33
95 82 27
75 53 41
55 80 45
97 70 4
74 73 98
65 70 12
67 95 83
62 46 1
33 17 14
32 77 66
0 32 79
11 99 88
83 39 80
27 56 28
55 93 15
47 39 84
13 9 61
33 34 86
26 92 27
37 87 64
31 3 8
33 55 85
99 91 5
34 64 3
94 62 11
34 10 100
34 38 11
16 88 96
61 71 58
98 83 39
71 75 75
49 48 55
25 61 69
79 69 11
19 77 96
36 69 53
37 87 8
54 18 72
61 12 61
31 90 6
90 72 20
7 13 96
70 29 55
90 14 81
66 15 25
25 65 34
96 74 56
14 19 22
83 45 78
51 26 61
63 43 23
45 12 15
30 86 56
37 73 10
84 30 23
19 77 72
75 91 13
29 81 85
54 70 59
74 98 45
56 92 59
2 100 54
100 89 76
33 29 79
10 87 38
90 47 68
79 4 33
11 30 40
48 77 79
65 34 26
63 47 47
12 55 55
21 99 3
67 43 16
43 58 83
16 96 54
46 69 58
38 3 52
70 59 36
74 76 22
19 53 6
54 99 95
90 63 36
0 42 24
94 73 33
80 32 67
16 5 23
95 52 21
50 45 96
28 75 45
14 60 30
77 75 10
36 12 28
99 92 60
47 88 38
75 46 17
88 7 40
66 68 37
1 52 5
1 97 39
78 3 72
86 7 52
15 19 12
81 40 43
77 83 58
90 98 72
69 3 81
24 57 9
52 58 41
96 80 66
13 28 46
53 100 79
22 84 76
91 35 47
81 14 29
32 46 61
58 86 97
51 61 95
5 74 9
77 46 25
54 8 62
67 12 75
100 89 96
8 31 78
61 34 14
38 100 15
11 5 82
79 67 41
76 84 67
34 98 65
37 62 67
21 57 20
89 21 73
100 90 10
15 28 37
62 44 84
10 33 33
12 25 45
49 60 88
40 31 94
17 69 21
38 55 3
75 52 73
32 43 54
49 43 41
77 21 90
39 85 37
74 3 72
23 100 5
46 38 10
28 1 34
52 29 5
66 89 30
51 39 32
17 2 33
85 70 9
9 67 98
84 24 17
9 3 8
28 88 81
99 77 4
89 84 47
47 68 48
41 20 71
20 73 91
22 97 31
77 23 24
2 96 76
32 60 75
61 88 67
15 90 92
71 86 34
13 94 70
12 33 57
23 5 33
42 65 78
33 39 73
61 95 87
28 95 98
93 94 28
23 7 57
12 24 3
60 68 69
31 32 20
17 6 40
58 36 22
31 47 82
91 59 33
51 36 99
98 42 24
84 58 56
81 4 75
50 96 59
48 19 14
66 30 100
34 72 48
67 45 63
46 13 17
29 72 80
92 7 98
75 56 53
86 54 55
7 84 22
52 91 16
28 12 87
42 93 80
31 11 98
39 12 84
100 37 76
46 65 73
84 1 80
80 66 44
35 22 38
19 71 93
2 57 53
65 81 74
22 41 17
75 33 74
94 13 95
58 18 38
100 97 2
100 18 7
99 8 69
59 98 12
0 30 70
55 98 32
80 5 56
23 79 47
7 84 93
21 63 84
80 25 64
85 85 34
41 88 72
39 81 80
70 42 40
72 69 8
1 45 6
2 77 57
95 23 15
95 11 94
18 66 28
21 84 62
66 43 12
12 88 91
98 100 65
65 77 76
47 12 95
44 7 12
62 86 17
6 74 32
80 78 67
74 32 16
37 3 58
69 82 83
90 22 23
60 83 20
57 85 91
75 28 25
51 65 58
73 32 97
80 94 17
35 97 48
91 5 25
24 24 77
29 21 13
23 76 96
0 2 42
52 56 84
8 100 13
50 22 62
79 88 11
2 94 46
43 47 33
51 32 31
19 59 93
97 18 34
35 55 45
28 53 36
82 20 52
31 9 89
67 77 35
79 40 83
16 11 38
83 89 31
63 93 100
85 73 67
55 84 13
14 78 60
50 36 93
64 76 28
82 89 7
60 86 100
100 47 93
75 37 68
84 26 67
81 13 32
6 36 66
10 33 21
3 66 73
19 57 99
9 100 8
29 75 87
48 52 2
95 53 33
45 24 7
98 87 25
62 67 78
9 72 95
6 37 12
24 57 38
84 98 25
28 2 36
1 42 57
22 2 57
30 44 90
25 25 97
12 65 66
55 37 9
52 68 11
60 81 83
49 47 74
75 79 54
87 40 57
90 69 60
92 4 28
57 76 73
44 65 58
28 14 70
56 91 37
53 89 74
31 9 91
29 2 60
33 12 86
10 36 76
39 43 22
62 48 83
7 54 41
39 5 38
72 68 30
42 73 40
81 64 70
43 41 16
88 58 41
13 69 20
16 97 9
88 55 34
1 81 66
44 27 57
58 85 42
79 7 62
34 5 87
7 52 33
97 16 13
90 58 66
87 12 14
87 37 39
3 82 67
83 21 71
47 71 80
18 22 25
93 73 87
54 12 86
56 82 23
59 31 96
1 23 28
65 39 45
99 35 58
97 44 60
18 75 8
97 24 78
56 48 75
15 14 85
16 54 82
44 60 67
50 66 61
100 1 1
24 98 37
60 4 61
82 98 10
97 44 64
95 21 59
60 29 94
69 74 98
64 96 55
48 16 37
32 47 87
100 31 47
51 61 55
34 99 40
20 14 88
93 37 34
4 11 83
3 19 75
71 28 4
36 54 38
11 99 92
90 24 63
89 80 48
60 57 42
78 92 39
63 53 74
38 4 1
19 54 59
6 54 76
79 20 6
93 5 46
75 40 70
56 65 95
3 22 39
47 32 85
93 24 72
5 98 52
25 93 2
49 22 17
73 9 85
71 59 9
79 13 6
61 55 7
10 37 85
72 15 93
99 95 91
61 11 97
7 34 65
84 74 99
24 1 68
4 90 64
13 63 44
84 79 64
65 77 35
27 61 19
100 35 40
40 29 7
12 3 26
17 17 24
54 93 10
65 19 26
2 48 25
16 81 32
34 29 29
66 90 100
44 95 98
92 82 14
28 62 38
72 17 12
14 84 31
53 92 12
95 85 81
17 53 33
40 58 61
25 85 66
40 79 88
10 34 82
19 8 1
33 35 34
87 21 91
72 84 72
94 11 37
16 79 40
27 86 68
48 39 20
1 54 73
29 90 66
59 60 85
61 65 100
5 47 9
26 91 40
91 24 30
79 37 2
32 74 85
71 83 38
82 2 69
56 84 29
50 82 26
4 25 17
95 29 87
41 98 74
52 72 19
47 88 70
29 35 24
6 12 13
75 93 5
23 60 91
95 92 84
94 54 91
64 70 73
55 3 20
100 28 10
25 68 86
25 60 20
97 88 98
39 42 75
36 86 34
8 20 80
35 45 55
12 83 57
79 87 63
23 89 93
60 98 27
82 28 71
37 21 1
5 77 17
15 81 62
14 58 26
57 41 42
60 24 94
12 85 59
5 85 97
75 36 52
75 30 25
19 7 99
34 21 80
96 10 58
23 35 44
2 86 38
35 62 33
100 45 18
87 20 40
8 90 85
41 35 64
55 71 19
6 97 77
76 47 70
95 20 58
86 92 88
17 63 22
85 7 21
31 15 100
55 77 36
22 4 96
29 21 89
30 15 68
4 17 11
100 17 30
30 5 55
73 35 23
87 5 14
27 65 77
46 54 18
38 31 43
31 8 81
4 64 27
25 55 35
62 17 11
53 5 47
0 34 29
76 82 99
78 28 15
38 91 22
55 68 37
94 6 97
50 58 100
18 57 73
86 15 32
28 58 46
65 91 93
18 61 15
20 62 88
54 53 91
8 34 45
35 57 4
54 7 5
30 74 67
26 57 61
94 29 61
1 13 64
17 75 28
21 60 67
80 74 70
82 35 76
34 15 71
19 32 19
42 4 54
62 17 79
2 35 88
67 89 59
50 27 13
62 24 38
17 89 70
70 44 46
59 72 79
82 42 37
63 42 23
38 18 74
16 20 13
96 95 29
57 76 70
35 73 75
47 1 94
22 21 46
76 21 60
42 33 100
17 26 74
77 76 20
21 6 39
54 69 77
6 56 93
16 74 2
4 62 87
31 83 25
0 57 27
79 26 26
15 70 53
43 81 99
20 46 39
34 68 35
79 6 30
100 91 18
53 28 74
69 44 38
1 69 27
0 39 48
100 31 11
42 62 90
100 89 79
91 83 54
84 71 12
83 27 46
14 81 78
16 58 27
23 7 3
82 94 57
13 64 55
42 67 86
73 100 14
100 60 84
58 12 24
13 55 55
14 65 87
23 21 97
93 85 66
8 44 91
97 10 91
15 29 66
8 64 34
8 7 32
67 3 26
93 26 48
67 1 56
91 9 77
66 96 69
26 26 94
1 95 53
67 48 15
57 75 18
7 13 7
96 2 72
61 38 36
56 35 42
67 73 45
20 39 43
43 99 74
88 5 55
25 23 43
74 83 52
8 47 90
10 32 14
56 1 93
14 36 81
48 64 69
6 53 79
20 60 5
57 14 13
67 83 21
29 42 62
98 22 42
44 88 41
22 14 70
16 93 89
68 23 60
20 24 95
7 62 58
44 35 57
54 6 54
