4233
1 2
1 3
1 4
4 5
1 6
5 7
4 8
3 9
9 10
10 11
6 12
10 13
11 14
11 15
3 16
3 17
6 18
6 19
16 20
3 21
18 22
16 23
18 24
17 25
6 26
22 27
10 28
8 29
21 30
15 31
20 32
18 33
21 34
30 35
27 36
1 37
2 38
26 39
19 40
30 41
35 42
8 43
6 44
33 45
11 46
17 47
44 48
13 49
20 50
11 51
31 52
32 53
16 54
10 55
1 56
19 57
39 58
14 59
53 60
58 61
14 62
6 63
12 64
48 65
46 66
21 67
14 68
47 69
11 70
60 71
18 72
40 73
63 74
63 75
41 76
12 77
48 78
13 79
46 80
50 81
25 82
45 83
72 84
34 85
80 86
73 87
58 88
77 89
35 90
18 91
2 92
23 93
67 94
48 95
22 96
26 97
37 98
53 99
22 100
70 101
69 102
77 103
74 104
81 105
92 106
21 107
98 108
66 109
98 110
70 111
99 112
18 113
50 114
42 115
5 116
116 117
36 118
101 119
101 120
86 121
37 122
109 123
40 124
71 125
117 126
4 127
85 128
19 129
129 130
38 131
103 132
125 133
93 134
93 135
58 136
109 137
106 138
66 139
61 140
66 141
96 142
33 143
24 144
142 145
70 146
33 147
142 148
118 149
113 150
38 151
66 152
150 153
130 154
136 155
137 156
80 157
63 158
36 159
91 160
97 161
57 162
162 163
121 164
15 165
87 166
89 167
71 168
68 169
19 170
61 171
121 172
51 173
83 174
73 175
33 176
123 177
102 178
19 179
128 180
2 181
151 182
71 183
19 184
10 185
54 186
22 187
137 188
181 189
109 190
59 191
9 192
13 193
188 194
115 195
147 196
96 197
87 198
149 199
132 200
109 201
178 202
166 203
105 204
70 205
189 206
131 207
171 208
171 209
59 210
106 211
185 212
81 213
27 214
143 215
111 216
192 217
42 218
95 219
100 220
62 221
41 222
222 223
5 224
208 225
169 226
207 227
7 228
65 229
88 230
62 231
171 232
58 233
108 234
198 235
146 236
46 237
115 238
107 239
148 240
230 241
145 242
209 243
168 244
9 245
28 246
177 247
191 248
83 249
194 250
66 251
136 252
36 253
24 254
230 255
246 256
12 257
72 258
152 259
30 260
79 261
140 262
187 263
196 264
249 265
153 266
111 267
203 268
244 269
157 270
31 271
2 272
67 273
31 274
48 275
173 276
231 277
43 278
67 279
107 280
80 281
126 282
129 283
15 284
179 285
35 286
188 287
188 288
111 289
288 290
226 291
89 292
26 293
151 294
12 295
219 296
130 297
151 298
97 299
196 300
8 301
246 302
30 303
103 304
24 305
80 306
134 307
181 308
171 309
293 310
9 311
218 312
298 313
266 314
178 315
132 316
33 317
43 318
199 319
132 320
214 321
87 322
73 323
318 324
277 325
90 326
103 327
228 328
283 329
197 330
213 331
41 332
143 333
214 334
165 335
128 336
102 337
74 338
11 339
117 340
131 341
222 342
81 343
104 344
29 345
276 346
244 347
118 348
102 349
82 350
188 351
338 352
333 353
256 354
200 355
68 356
102 357
221 358
7 359
202 360
199 361
84 362
106 363
162 364
354 365
9 366
6 367
261 368
301 369
98 370
14 371
262 372
293 373
26 374
12 375
297 376
3 377
374 378
241 379
55 380
260 381
119 382
109 383
177 384
226 385
33 386
338 387
26 388
55 389
333 390
131 391
273 392
186 393
296 394
96 395
103 396
277 397
367 398
324 399
306 400
247 401
192 402
358 403
237 404
156 405
283 406
302 407
126 408
308 409
165 410
373 411
18 412
294 413
329 414
187 415
241 416
170 417
294 418
18 419
336 420
223 421
413 422
163 423
85 424
293 425
405 426
224 427
15 428
268 429
334 430
414 431
172 432
250 433
314 434
345 435
417 436
351 437
81 438
186 439
295 440
153 441
293 442
161 443
219 444
413 445
183 446
350 447
87 448
228 449
407 450
187 451
256 452
186 453
181 454
169 455
260 456
396 457
50 458
63 459
101 460
460 461
8 462
338 463
41 464
38 465
257 466
255 467
189 468
196 469
210 470
297 471
366 472
326 473
449 474
232 475
406 476
81 477
200 478
378 479
42 480
370 481
134 482
356 483
393 484
304 485
483 486
77 487
325 488
271 489
195 490
341 491
162 492
439 493
37 494
187 495
57 496
290 497
321 498
113 499
102 500
295 501
390 502
400 503
187 504
90 505
298 506
318 507
292 508
162 509
442 510
254 511
418 512
331 513
61 514
206 515
364 516
110 517
404 518
17 519
445 520
135 521
261 522
80 523
322 524
357 525
251 526
367 527
162 528
104 529
398 530
528 531
185 532
97 533
445 534
233 535
179 536
289 537
178 538
433 539
516 540
467 541
156 542
90 543
239 544
369 545
169 546
358 547
354 548
461 549
493 550
233 551
349 552
474 553
117 554
213 555
410 556
450 557
494 558
445 559
324 560
399 561
112 562
282 563
244 564
99 565
302 566
392 567
292 568
44 569
219 570
197 571
515 572
68 573
467 574
532 575
250 576
59 577
276 578
517 579
318 580
95 581
343 582
259 583
123 584
236 585
192 586
144 587
401 588
40 589
141 590
508 591
402 592
388 593
263 594
265 595
152 596
174 597
305 598
212 599
12 600
39 601
343 602
190 603
384 604
406 605
356 606
66 607
38 608
508 609
486 610
505 611
137 612
377 613
519 614
596 615
596 616
551 617
68 618
300 619
529 620
581 621
442 622
578 623
255 624
424 625
237 626
290 627
275 628
378 629
97 630
97 631
212 632
453 633
355 634
229 635
215 636
396 637
283 638
301 639
145 640
113 641
8 642
20 643
412 644
638 645
308 646
40 647
516 648
535 649
383 650
171 651
213 652
78 653
617 654
494 655
208 656
149 657
240 658
189 659
367 660
412 661
630 662
370 663
55 664
297 665
653 666
26 667
558 668
136 669
644 670
585 671
636 672
60 673
554 674
145 675
525 676
591 677
292 678
184 679
571 680
8 681
413 682
28 683
91 684
125 685
615 686
520 687
374 688
197 689
339 690
178 691
639 692
101 693
265 694
512 695
211 696
289 697
132 698
488 699
302 700
658 701
673 702
558 703
495 704
664 705
507 706
303 707
497 708
672 709
321 710
311 711
116 712
316 713
646 714
207 715
423 716
472 717
625 718
51 719
650 720
290 721
308 722
418 723
688 724
356 725
88 726
713 727
607 728
300 729
554 730
186 731
460 732
498 733
633 734
458 735
323 736
418 737
213 738
34 739
556 740
353 741
194 742
493 743
622 744
351 745
246 746
301 747
681 748
680 749
198 750
619 751
301 752
289 753
223 754
283 755
104 756
536 757
661 758
524 759
461 760
67 761
576 762
524 763
709 764
43 765
689 766
690 767
144 768
138 769
652 770
715 771
382 772
138 773
135 774
196 775
405 776
248 777
647 778
468 779
597 780
169 781
226 782
737 783
333 784
421 785
535 786
285 787
766 788
203 789
331 790
386 791
565 792
3 793
114 794
512 795
547 796
378 797
293 798
289 799
482 800
483 801
413 802
215 803
96 804
15 805
279 806
575 807
499 808
57 809
268 810
315 811
107 812
24 813
518 814
286 815
417 816
259 817
294 818
376 819
34 820
204 821
366 822
115 823
511 824
726 825
324 826
591 827
259 828
325 829
261 830
391 831
442 832
444 833
354 834
617 835
407 836
220 837
817 838
308 839
820 840
493 841
108 842
398 843
470 844
178 845
556 846
13 847
353 848
472 849
37 850
669 851
831 852
685 853
577 854
442 855
346 856
156 857
56 858
347 859
332 860
804 861
800 862
421 863
652 864
95 865
786 866
194 867
238 868
501 869
609 870
416 871
571 872
245 873
726 874
213 875
2 876
563 877
357 878
259 879
164 880
755 881
51 882
76 883
881 884
339 885
667 886
537 887
166 888
723 889
756 890
695 891
388 892
784 893
374 894
421 895
752 896
302 897
177 898
511 899
750 900
386 901
183 902
136 903
446 904
832 905
848 906
52 907
774 908
838 909
85 910
587 911
191 912
550 913
843 914
419 915
159 916
273 917
903 918
562 919
528 920
193 921
640 922
421 923
679 924
449 925
190 926
421 927
829 928
733 929
854 930
421 931
615 932
859 933
349 934
201 935
749 936
465 937
332 938
142 939
373 940
294 941
727 942
527 943
68 944
290 945
925 946
571 947
421 948
275 949
695 950
824 951
175 952
818 953
740 954
128 955
637 956
339 957
244 958
373 959
724 960
763 961
450 962
741 963
228 964
290 965
259 966
789 967
606 968
958 969
488 970
417 971
932 972
872 973
784 974
338 975
562 976
473 977
481 978
71 979
912 980
739 981
969 982
614 983
810 984
296 985
646 986
525 987
916 988
667 989
419 990
569 991
132 992
794 993
141 994
888 995
261 996
230 997
970 998
444 999
654 1000
679 1001
559 1002
304 1003
381 1004
139 1005
632 1006
487 1007
796 1008
899 1009
987 1010
503 1011
151 1012
951 1013
608 1014
938 1015
506 1016
236 1017
602 1018
970 1019
678 1020
704 1021
325 1022
385 1023
688 1024
1022 1025
596 1026
840 1027
484 1028
906 1029
124 1030
722 1031
202 1032
382 1033
72 1034
319 1035
672 1036
26 1037
588 1038
492 1039
539 1040
712 1041
520 1042
418 1043
993 1044
211 1045
512 1046
13 1047
42 1048
683 1049
335 1050
615 1051
660 1052
768 1053
920 1054
849 1055
585 1056
84 1057
663 1058
64 1059
827 1060
846 1061
649 1062
893 1063
449 1064
207 1065
523 1066
514 1067
893 1068
268 1069
331 1070
839 1071
214 1072
159 1073
462 1074
556 1075
524 1076
667 1077
1052 1078
375 1079
445 1080
123 1081
115 1082
565 1083
789 1084
642 1085
944 1086
953 1087
424 1088
726 1089
1089 1090
459 1091
101 1092
768 1093
779 1094
492 1095
765 1096
1025 1097
723 1098
914 1099
286 1100
796 1101
1034 1102
475 1103
799 1104
346 1105
396 1106
401 1107
11 1108
460 1109
753 1110
745 1111
690 1112
400 1113
620 1114
537 1115
621 1116
717 1117
432 1118
831 1119
1117 1120
387 1121
955 1122
567 1123
133 1124
366 1125
1088 1126
194 1127
1022 1128
285 1129
793 1130
267 1131
962 1132
1049 1133
1049 1134
489 1135
661 1136
185 1137
995 1138
729 1139
93 1140
684 1141
671 1142
259 1143
1070 1144
278 1145
15 1146
418 1147
371 1148
477 1149
522 1150
196 1151
815 1152
376 1153
1066 1154
890 1155
576 1156
1026 1157
318 1158
1144 1159
991 1160
1129 1161
896 1162
521 1163
996 1164
962 1165
892 1166
998 1167
193 1168
825 1169
502 1170
225 1171
348 1172
736 1173
1086 1174
46 1175
746 1176
959 1177
151 1178
203 1179
398 1180
100 1181
923 1182
236 1183
690 1184
866 1185
578 1186
2 1187
369 1188
195 1189
320 1190
1109 1191
556 1192
1037 1193
743 1194
51 1195
1037 1196
391 1197
536 1198
897 1199
776 1200
1188 1201
471 1202
784 1203
806 1204
779 1205
404 1206
433 1207
10 1208
859 1209
1069 1210
966 1211
834 1212
78 1213
64 1214
930 1215
44 1216
268 1217
26 1218
1090 1219
212 1220
885 1221
423 1222
61 1223
594 1224
979 1225
305 1226
551 1227
959 1228
334 1229
709 1230
892 1231
666 1232
921 1233
119 1234
77 1235
423 1236
214 1237
96 1238
450 1239
1050 1240
875 1241
682 1242
1119 1243
249 1244
920 1245
314 1246
786 1247
968 1248
1086 1249
111 1250
217 1251
620 1252
217 1253
247 1254
832 1255
659 1256
383 1257
333 1258
701 1259
60 1260
162 1261
1081 1262
538 1263
441 1264
358 1265
394 1266
611 1267
1096 1268
215 1269
554 1270
845 1271
914 1272
823 1273
204 1274
928 1275
339 1276
1002 1277
1116 1278
799 1279
911 1280
900 1281
885 1282
775 1283
668 1284
1057 1285
854 1286
328 1287
596 1288
83 1289
323 1290
322 1291
145 1292
768 1293
568 1294
197 1295
712 1296
229 1297
189 1298
247 1299
955 1300
265 1301
627 1302
45 1303
1176 1304
693 1305
94 1306
416 1307
488 1308
569 1309
494 1310
834 1311
507 1312
327 1313
624 1314
1089 1315
997 1316
683 1317
736 1318
386 1319
990 1320
145 1321
445 1322
413 1323
499 1324
201 1325
1265 1326
631 1327
242 1328
1121 1329
1216 1330
370 1331
1281 1332
670 1333
798 1334
376 1335
64 1336
103 1337
219 1338
354 1339
791 1340
1199 1341
679 1342
65 1343
1329 1344
1014 1345
839 1346
790 1347
634 1348
1295 1349
17 1350
746 1351
56 1352
983 1353
466 1354
820 1355
381 1356
1154 1357
910 1358
375 1359
649 1360
241 1361
814 1362
893 1363
1044 1364
949 1365
1311 1366
1207 1367
499 1368
405 1369
1292 1370
124 1371
908 1372
20 1373
275 1374
152 1375
186 1376
597 1377
1239 1378
119 1379
595 1380
214 1381
655 1382
867 1383
1227 1384
653 1385
142 1386
114 1387
1193 1388
1275 1389
386 1390
1201 1391
469 1392
446 1393
884 1394
272 1395
1037 1396
676 1397
1100 1398
496 1399
182 1400
321 1401
1023 1402
948 1403
1052 1404
78 1405
1048 1406
1341 1407
785 1408
29 1409
469 1410
1056 1411
32 1412
1380 1413
114 1414
1106 1415
1169 1416
1183 1417
727 1418
1076 1419
116 1420
122 1421
728 1422
568 1423
880 1424
1010 1425
43 1426
1129 1427
1181 1428
653 1429
619 1430
197 1431
1300 1432
564 1433
422 1434
265 1435
1382 1436
690 1437
1036 1438
92 1439
256 1440
145 1441
355 1442
322 1443
84 1444
86 1445
1268 1446
1379 1447
1014 1448
720 1449
379 1450
343 1451
241 1452
1005 1453
105 1454
43 1455
658 1456
463 1457
1256 1458
519 1459
154 1460
1370 1461
926 1462
257 1463
593 1464
1184 1465
1058 1466
371 1467
92 1468
366 1469
882 1470
533 1471
671 1472
1204 1473
761 1474
228 1475
344 1476
379 1477
1294 1478
1102 1479
568 1480
1286 1481
184 1482
629 1483
56 1484
999 1485
745 1486
467 1487
307 1488
879 1489
1430 1490
556 1491
628 1492
557 1493
1405 1494
1250 1495
893 1496
730 1497
922 1498
136 1499
906 1500
778 1501
1036 1502
736 1503
997 1504
1361 1505
363 1506
339 1507
863 1508
1190 1509
999 1510
894 1511
278 1512
1431 1513
546 1514
72 1515
727 1516
1183 1517
1361 1518
891 1519
1259 1520
297 1521
744 1522
51 1523
1190 1524
1162 1525
1237 1526
1511 1527
468 1528
1478 1529
13 1530
44 1531
930 1532
1380 1533
161 1534
1482 1535
1499 1536
684 1537
294 1538
1285 1539
1019 1540
340 1541
242 1542
742 1543
694 1544
493 1545
187 1546
986 1547
1062 1548
527 1549
769 1550
15 1551
391 1552
861 1553
1483 1554
807 1555
720 1556
1353 1557
906 1558
834 1559
1199 1560
1320 1561
1111 1562
1045 1563
637 1564
1118 1565
958 1566
1288 1567
854 1568
1307 1569
885 1570
689 1571
16 1572
535 1573
1197 1574
884 1575
831 1576
539 1577
286 1578
1457 1579
1211 1580
895 1581
1441 1582
630 1583
879 1584
603 1585
1314 1586
579 1587
917 1588
326 1589
321 1590
1196 1591
116 1592
1462 1593
32 1594
1448 1595
1481 1596
1570 1597
414 1598
136 1599
1320 1600
924 1601
898 1602
526 1603
547 1604
798 1605
405 1606
380 1607
1234 1608
748 1609
1142 1610
226 1611
833 1612
318 1613
1401 1614
1480 1615
1036 1616
97 1617
330 1618
360 1619
452 1620
762 1621
1524 1622
143 1623
667 1624
827 1625
494 1626
910 1627
758 1628
508 1629
180 1630
1026 1631
178 1632
1372 1633
1002 1634
132 1635
269 1636
847 1637
37 1638
127 1639
460 1640
1064 1641
665 1642
269 1643
68 1644
260 1645
12 1646
737 1647
942 1648
597 1649
630 1650
319 1651
1182 1652
1339 1653
758 1654
243 1655
454 1656
1275 1657
156 1658
427 1659
1420 1660
617 1661
512 1662
287 1663
857 1664
287 1665
534 1666
448 1667
1336 1668
108 1669
320 1670
433 1671
655 1672
1143 1673
171 1674
1014 1675
1449 1676
65 1677
952 1678
1148 1679
1325 1680
957 1681
1062 1682
623 1683
1642 1684
622 1685
1587 1686
172 1687
670 1688
1369 1689
1578 1690
1217 1691
1156 1692
1602 1693
1429 1694
1156 1695
888 1696
910 1697
1602 1698
1627 1699
1141 1700
481 1701
498 1702
925 1703
1458 1704
370 1705
383 1706
506 1707
1537 1708
940 1709
1024 1710
242 1711
1247 1712
391 1713
1116 1714
46 1715
478 1716
754 1717
545 1718
726 1719
1499 1720
597 1721
535 1722
493 1723
1360 1724
497 1725
1447 1726
456 1727
214 1728
82 1729
1 1730
1145 1731
645 1732
1152 1733
220 1734
1115 1735
430 1736
1253 1737
928 1738
806 1739
863 1740
1344 1741
362 1742
645 1743
1476 1744
1560 1745
470 1746
711 1747
437 1748
1291 1749
1460 1750
1028 1751
578 1752
995 1753
1202 1754
532 1755
1318 1756
608 1757
1380 1758
324 1759
1070 1760
87 1761
709 1762
1200 1763
834 1764
632 1765
1710 1766
221 1767
618 1768
65 1769
1189 1770
1661 1771
762 1772
1187 1773
43 1774
1759 1775
991 1776
1397 1777
1712 1778
966 1779
1432 1780
1538 1781
340 1782
1495 1783
1712 1784
730 1785
89 1786
2 1787
1712 1788
1292 1789
1438 1790
1763 1791
1632 1792
617 1793
1155 1794
1749 1795
1674 1796
966 1797
1458 1798
198 1799
1173 1800
1437 1801
588 1802
1774 1803
575 1804
846 1805
115 1806
201 1807
131 1808
394 1809
376 1810
1268 1811
1204 1812
1175 1813
1062 1814
1381 1815
1190 1816
791 1817
164 1818
502 1819
237 1820
374 1821
475 1822
92 1823
1645 1824
1389 1825
1450 1826
1386 1827
639 1828
271 1829
1437 1830
1017 1831
751 1832
333 1833
1072 1834
938 1835
755 1836
1064 1837
1826 1838
453 1839
378 1840
568 1841
1756 1842
1289 1843
895 1844
690 1845
1776 1846
1475 1847
109 1848
1698 1849
1449 1850
397 1851
393 1852
719 1853
1224 1854
83 1855
158 1856
395 1857
1473 1858
1684 1859
148 1860
784 1861
514 1862
761 1863
506 1864
1858 1865
1089 1866
1617 1867
1650 1868
1087 1869
328 1870
1259 1871
1141 1872
104 1873
855 1874
504 1875
1581 1876
885 1877
1013 1878
1178 1879
838 1880
1643 1881
1071 1882
287 1883
552 1884
1336 1885
1865 1886
1214 1887
1138 1888
831 1889
86 1890
1480 1891
1241 1892
1729 1893
1012 1894
1516 1895
1081 1896
313 1897
1453 1898
242 1899
429 1900
1103 1901
1865 1902
304 1903
1638 1904
1839 1905
449 1906
623 1907
97 1908
560 1909
1872 1910
1487 1911
1589 1912
1506 1913
975 1914
1215 1915
905 1916
1532 1917
1510 1918
1515 1919
1630 1920
1376 1921
450 1922
58 1923
1714 1924
755 1925
282 1926
1752 1927
1437 1928
1402 1929
770 1930
1422 1931
1053 1932
608 1933
574 1934
1713 1935
1851 1936
1708 1937
407 1938
201 1939
933 1940
1858 1941
1054 1942
1490 1943
829 1944
1356 1945
1231 1946
1168 1947
1571 1948
1844 1949
1463 1950
1781 1951
1493 1952
300 1953
1948 1954
869 1955
1869 1956
9 1957
1349 1958
1503 1959
703 1960
1810 1961
212 1962
1836 1963
812 1964
1808 1965
440 1966
886 1967
659 1968
990 1969
143 1970
1952 1971
901 1972
859 1973
1685 1974
1375 1975
1565 1976
1518 1977
1024 1978
1631 1979
1004 1980
67 1981
1613 1982
1543 1983
36 1984
1720 1985
1199 1986
349 1987
1098 1988
1463 1989
680 1990
1672 1991
492 1992
1557 1993
898 1994
1726 1995
581 1996
123 1997
411 1998
1874 1999
71 2000
1114 2001
1523 2002
1397 2003
1478 2004
1020 2005
1137 2006
1865 2007
1141 2008
186 2009
971 2010
1173 2011
894 2012
812 2013
16 2014
1016 2015
1925 2016
1833 2017
1723 2018
343 2019
953 2020
303 2021
1487 2022
1370 2023
2 2024
270 2025
421 2026
868 2027
1321 2028
69 2029
945 2030
287 2031
638 2032
394 2033
201 2034
556 2035
477 2036
651 2037
1976 2038
767 2039
1227 2040
1276 2041
1281 2042
878 2043
433 2044
1314 2045
1361 2046
1492 2047
1868 2048
236 2049
1785 2050
104 2051
1166 2052
394 2053
1716 2054
184 2055
1552 2056
768 2057
328 2058
977 2059
1485 2060
945 2061
1900 2062
137 2063
1165 2064
187 2065
1609 2066
1841 2067
605 2068
422 2069
1 2070
3 2071
1543 2072
318 2073
881 2074
2006 2075
1189 2076
689 2077
336 2078
832 2079
623 2080
1021 2081
826 2082
177 2083
252 2084
1171 2085
698 2086
276 2087
1831 2088
509 2089
782 2090
1938 2091
2046 2092
1935 2093
158 2094
1088 2095
1292 2096
466 2097
1220 2098
951 2099
784 2100
27 2101
1457 2102
1321 2103
1805 2104
961 2105
1739 2106
802 2107
1709 2108
186 2109
655 2110
1147 2111
207 2112
763 2113
438 2114
1383 2115
2054 2116
1236 2117
623 2118
1056 2119
1639 2120
894 2121
256 2122
404 2123
1931 2124
838 2125
2031 2126
413 2127
1261 2128
8 2129
1476 2130
503 2131
1234 2132
1031 2133
1929 2134
1354 2135
1726 2136
1247 2137
1774 2138
1741 2139
470 2140
355 2141
2009 2142
1612 2143
1537 2144
1418 2145
1709 2146
1805 2147
1969 2148
1213 2149
1798 2150
1547 2151
393 2152
579 2153
1856 2154
2061 2155
461 2156
1850 2157
1266 2158
476 2159
189 2160
45 2161
52 2162
949 2163
1072 2164
1845 2165
1963 2166
282 2167
1263 2168
1257 2169
119 2170
75 2171
841 2172
854 2173
1186 2174
1275 2175
64 2176
880 2177
241 2178
360 2179
721 2180
245 2181
1435 2182
65 2183
671 2184
1772 2185
721 2186
2142 2187
91 2188
916 2189
2065 2190
191 2191
391 2192
277 2193
1655 2194
129 2195
2190 2196
2120 2197
302 2198
514 2199
434 2200
1217 2201
1367 2202
258 2203
1799 2204
1963 2205
581 2206
1843 2207
1622 2208
709 2209
939 2210
1389 2211
245 2212
935 2213
1335 2214
1954 2215
297 2216
87 2217
187 2218
1183 2219
614 2220
802 2221
320 2222
1092 2223
597 2224
1575 2225
2110 2226
982 2227
1131 2228
550 2229
1397 2230
852 2231
464 2232
1414 2233
1318 2234
1128 2235
844 2236
1113 2237
1963 2238
1508 2239
1344 2240
2219 2241
112 2242
1500 2243
1986 2244
1171 2245
520 2246
347 2247
567 2248
794 2249
1598 2250
1508 2251
526 2252
143 2253
137 2254
630 2255
1799 2256
1766 2257
2190 2258
1319 2259
974 2260
460 2261
802 2262
410 2263
578 2264
1734 2265
990 2266
237 2267
882 2268
896 2269
2037 2270
1335 2271
1217 2272
702 2273
1956 2274
286 2275
1768 2276
1807 2277
1540 2278
1071 2279
56 2280
2112 2281
923 2282
373 2283
212 2284
598 2285
1757 2286
1876 2287
1988 2288
653 2289
990 2290
799 2291
1478 2292
331 2293
2145 2294
469 2295
270 2296
532 2297
1245 2298
1177 2299
2272 2300
2089 2301
1480 2302
2055 2303
924 2304
2158 2305
374 2306
1714 2307
1095 2308
1289 2309
130 2310
1265 2311
1476 2312
796 2313
438 2314
1841 2315
388 2316
1012 2317
1343 2318
2068 2319
1579 2320
1598 2321
2165 2322
1383 2323
2142 2324
2289 2325
2071 2326
1502 2327
2272 2328
1347 2329
1713 2330
1747 2331
1618 2332
673 2333
571 2334
1354 2335
124 2336
179 2337
1110 2338
1031 2339
1157 2340
648 2341
48 2342
263 2343
2317 2344
1616 2345
2155 2346
444 2347
203 2348
1185 2349
1025 2350
1790 2351
410 2352
884 2353
834 2354
1917 2355
2333 2356
279 2357
2197 2358
415 2359
808 2360
302 2361
1395 2362
1754 2363
1550 2364
1333 2365
151 2366
587 2367
436 2368
2159 2369
1737 2370
1032 2371
1895 2372
778 2373
2243 2374
479 2375
1316 2376
1960 2377
1578 2378
1836 2379
1854 2380
2065 2381
1258 2382
1387 2383
449 2384
1746 2385
694 2386
1385 2387
2062 2388
336 2389
258 2390
2293 2391
1718 2392
679 2393
17 2394
2351 2395
1869 2396
433 2397
117 2398
1041 2399
222 2400
2202 2401
240 2402
851 2403
295 2404
947 2405
806 2406
1275 2407
815 2408
501 2409
1044 2410
1472 2411
1786 2412
618 2413
1900 2414
761 2415
291 2416
619 2417
548 2418
382 2419
2206 2420
726 2421
1116 2422
311 2423
157 2424
53 2425
2305 2426
980 2427
1338 2428
2257 2429
337 2430
2079 2431
83 2432
2429 2433
199 2434
1327 2435
1947 2436
1625 2437
2328 2438
15 2439
971 2440
1238 2441
434 2442
472 2443
1639 2444
747 2445
180 2446
680 2447
1677 2448
138 2449
1731 2450
1254 2451
174 2452
916 2453
1045 2454
1264 2455
597 2456
262 2457
2347 2458
1181 2459
119 2460
2406 2461
928 2462
1198 2463
88 2464
629 2465
881 2466
2184 2467
533 2468
1306 2469
2115 2470
2179 2471
1106 2472
836 2473
2067 2474
1181 2475
764 2476
1890 2477
597 2478
660 2479
1415 2480
781 2481
1815 2482
335 2483
1174 2484
555 2485
2362 2486
661 2487
1350 2488
295 2489
2244 2490
1797 2491
849 2492
2017 2493
476 2494
2266 2495
353 2496
20 2497
955 2498
2471 2499
2004 2500
1633 2501
808 2502
1527 2503
1915 2504
628 2505
309 2506
1555 2507
1528 2508
1497 2509
512 2510
1997 2511
816 2512
2133 2513
1813 2514
1439 2515
1129 2516
1156 2517
946 2518
187 2519
497 2520
1848 2521
1218 2522
990 2523
785 2524
511 2525
1785 2526
1447 2527
2201 2528
440 2529
1744 2530
404 2531
449 2532
408 2533
604 2534
983 2535
268 2536
1262 2537
1009 2538
1591 2539
83 2540
1650 2541
499 2542
364 2543
2407 2544
1520 2545
351 2546
478 2547
1609 2548
716 2549
2244 2550
641 2551
656 2552
1203 2553
1692 2554
452 2555
1232 2556
1415 2557
198 2558
1917 2559
147 2560
1826 2561
285 2562
708 2563
2526 2564
67 2565
837 2566
1563 2567
638 2568
2020 2569
780 2570
256 2571
172 2572
1708 2573
1727 2574
2351 2575
1052 2576
1238 2577
2181 2578
426 2579
1092 2580
2422 2581
926 2582
384 2583
2370 2584
2340 2585
260 2586
2280 2587
2369 2588
2355 2589
1982 2590
1082 2591
1636 2592
315 2593
2070 2594
457 2595
749 2596
1743 2597
2009 2598
1890 2599
1000 2600
731 2601
2567 2602
1375 2603
1078 2604
2240 2605
274 2606
2026 2607
2600 2608
1384 2609
1396 2610
2146 2611
910 2612
906 2613
1817 2614
756 2615
2499 2616
951 2617
2276 2618
1770 2619
2520 2620
2306 2621
1440 2622
672 2623
740 2624
2234 2625
1393 2626
277 2627
2315 2628
1355 2629
1144 2630
90 2631
2215 2632
2130 2633
1300 2634
1401 2635
315 2636
490 2637
2566 2638
1029 2639
1451 2640
1448 2641
198 2642
269 2643
670 2644
1538 2645
1180 2646
815 2647
1691 2648
472 2649
1134 2650
1789 2651
961 2652
1561 2653
50 2654
2625 2655
1001 2656
1205 2657
587 2658
103 2659
2451 2660
2101 2661
1883 2662
847 2663
1566 2664
1737 2665
1347 2666
2401 2667
1042 2668
2173 2669
2193 2670
2044 2671
2363 2672
1915 2673
2303 2674
2320 2675
2513 2676
842 2677
1079 2678
929 2679
2078 2680
631 2681
1645 2682
923 2683
462 2684
1095 2685
1181 2686
1955 2687
1032 2688
1088 2689
699 2690
1810 2691
2649 2692
2549 2693
2510 2694
1931 2695
2332 2696
1588 2697
654 2698
1601 2699
597 2700
913 2701
1320 2702
1226 2703
1295 2704
2195 2705
639 2706
764 2707
241 2708
689 2709
21 2710
2619 2711
407 2712
954 2713
2428 2714
1339 2715
2077 2716
292 2717
1585 2718
2066 2719
1880 2720
2712 2721
2356 2722
2320 2723
2039 2724
2541 2725
1529 2726
1470 2727
2324 2728
1361 2729
837 2730
1367 2731
1547 2732
1209 2733
1370 2734
1080 2735
192 2736
2520 2737
819 2738
1114 2739
1919 2740
938 2741
2299 2742
1469 2743
2507 2744
369 2745
2229 2746
1072 2747
865 2748
1342 2749
1939 2750
1727 2751
1253 2752
338 2753
837 2754
314 2755
280 2756
2429 2757
761 2758
676 2759
792 2760
1219 2761
1614 2762
2037 2763
1457 2764
2652 2765
2209 2766
962 2767
2714 2768
618 2769
1088 2770
399 2771
1272 2772
1045 2773
2093 2774
1607 2775
206 2776
1761 2777
2032 2778
682 2779
2216 2780
1395 2781
638 2782
1423 2783
924 2784
1654 2785
800 2786
2452 2787
1741 2788
547 2789
1559 2790
1322 2791
2166 2792
2445 2793
1232 2794
2595 2795
2716 2796
2328 2797
303 2798
1742 2799
398 2800
982 2801
404 2802
2023 2803
1338 2804
1814 2805
278 2806
1632 2807
78 2808
899 2809
2581 2810
211 2811
2665 2812
1641 2813
2445 2814
1559 2815
1439 2816
697 2817
153 2818
203 2819
387 2820
2299 2821
2228 2822
2644 2823
304 2824
1969 2825
576 2826
1014 2827
1540 2828
1996 2829
2525 2830
1980 2831
2005 2832
1448 2833
142 2834
2324 2835
1995 2836
2500 2837
2469 2838
2073 2839
1212 2840
304 2841
2239 2842
833 2843
863 2844
2252 2845
1859 2846
1066 2847
1369 2848
160 2849
2508 2850
1125 2851
2288 2852
268 2853
1716 2854
1568 2855
1810 2856
909 2857
1568 2858
1293 2859
1855 2860
2314 2861
1244 2862
805 2863
983 2864
790 2865
780 2866
2822 2867
674 2868
2629 2869
691 2870
2443 2871
1939 2872
828 2873
2187 2874
1170 2875
823 2876
140 2877
2528 2878
1567 2879
1249 2880
716 2881
1844 2882
1637 2883
203 2884
1073 2885
797 2886
105 2887
2175 2888
2384 2889
304 2890
1051 2891
2095 2892
377 2893
2426 2894
625 2895
1893 2896
2475 2897
1984 2898
2041 2899
2343 2900
2850 2901
2749 2902
1220 2903
1930 2904
2287 2905
2253 2906
2087 2907
1954 2908
1881 2909
1545 2910
2099 2911
1678 2912
1346 2913
1482 2914
2321 2915
2386 2916
2542 2917
1094 2918
2806 2919
1789 2920
2848 2921
451 2922
657 2923
2339 2924
1341 2925
1679 2926
1377 2927
1591 2928
1103 2929
1561 2930
2411 2931
309 2932
2420 2933
2773 2934
1166 2935
2687 2936
1546 2937
2633 2938
1303 2939
119 2940
1268 2941
2911 2942
110 2943
2567 2944
1963 2945
2258 2946
319 2947
1029 2948
547 2949
2137 2950
593 2951
742 2952
1741 2953
637 2954
2181 2955
878 2956
2201 2957
1113 2958
453 2959
858 2960
244 2961
2209 2962
1278 2963
1384 2964
1312 2965
870 2966
1200 2967
249 2968
2239 2969
2000 2970
1284 2971
2862 2972
1675 2973
920 2974
514 2975
592 2976
1818 2977
643 2978
2469 2979
2740 2980
2228 2981
512 2982
1175 2983
1146 2984
1790 2985
2360 2986
873 2987
2902 2988
1967 2989
1083 2990
922 2991
585 2992
2296 2993
2684 2994
64 2995
978 2996
2419 2997
1790 2998
1925 2999
2413 3000
2320 3001
1780 3002
1991 3003
24 3004
793 3005
2667 3006
1303 3007
1520 3008
822 3009
339 3010
1864 3011
1277 3012
1908 3013
1571 3014
2550 3015
2632 3016
2651 3017
1752 3018
471 3019
499 3020
1526 3021
48 3022
2659 3023
1806 3024
794 3025
780 3026
1628 3027
1441 3028
1444 3029
2736 3030
909 3031
1391 3032
524 3033
102 3034
2074 3035
2973 3036
62 3037
1354 3038
2733 3039
2645 3040
2987 3041
579 3042
1599 3043
32 3044
73 3045
998 3046
2896 3047
1623 3048
1325 3049
1402 3050
835 3051
2526 3052
412 3053
897 3054
313 3055
1389 3056
475 3057
1823 3058
1026 3059
874 3060
2474 3061
1698 3062
333 3063
2076 3064
2787 3065
1625 3066
1782 3067
66 3068
2893 3069
2642 3070
770 3071
1143 3072
521 3073
434 3074
458 3075
1700 3076
1680 3077
834 3078
2829 3079
1224 3080
1065 3081
318 3082
49 3083
2721 3084
2503 3085
2220 3086
2328 3087
1126 3088
39 3089
1218 3090
1529 3091
1204 3092
1382 3093
964 3094
569 3095
228 3096
1548 3097
1015 3098
760 3099
47 3100
1155 3101
1963 3102
591 3103
2323 3104
98 3105
2008 3106
2893 3107
2248 3108
648 3109
613 3110
1777 3111
2130 3112
1955 3113
2738 3114
1436 3115
575 3116
46 3117
1453 3118
1505 3119
1683 3120
1720 3121
664 3122
820 3123
1934 3124
1310 3125
522 3126
828 3127
2208 3128
2567 3129
1072 3130
2647 3131
967 3132
980 3133
3108 3134
2434 3135
492 3136
2521 3137
2375 3138
3081 3139
1206 3140
857 3141
191 3142
557 3143
409 3144
1803 3145
1814 3146
2898 3147
1990 3148
791 3149
2763 3150
643 3151
887 3152
2534 3153
519 3154
1563 3155
679 3156
3034 3157
387 3158
785 3159
972 3160
2102 3161
2427 3162
913 3163
1547 3164
1631 3165
772 3166
431 3167
2701 3168
3083 3169
1703 3170
349 3171
502 3172
1550 3173
391 3174
512 3175
2790 3176
2990 3177
2274 3178
3026 3179
2277 3180
2322 3181
919 3182
2059 3183
1879 3184
599 3185
2073 3186
2390 3187
3031 3188
1519 3189
2806 3190
2316 3191
1027 3192
82 3193
2241 3194
2681 3195
364 3196
417 3197
1654 3198
765 3199
605 3200
2557 3201
1986 3202
2705 3203
2940 3204
2136 3205
2003 3206
737 3207
906 3208
2016 3209
1612 3210
1215 3211
564 3212
213 3213
2372 3214
1847 3215
2465 3216
2544 3217
1400 3218
476 3219
1505 3220
2272 3221
479 3222
2717 3223
106 3224
2241 3225
882 3226
1045 3227
630 3228
2942 3229
2491 3230
148 3231
2493 3232
1949 3233
555 3234
1856 3235
2479 3236
128 3237
882 3238
936 3239
912 3240
2408 3241
1159 3242
2620 3243
2627 3244
462 3245
784 3246
1038 3247
2591 3248
690 3249
2070 3250
1032 3251
1133 3252
762 3253
1713 3254
580 3255
2604 3256
2868 3257
2698 3258
2977 3259
1005 3260
2670 3261
2895 3262
2081 3263
1552 3264
2721 3265
1712 3266
1111 3267
3219 3268
2326 3269
995 3270
3248 3271
947 3272
578 3273
724 3274
1336 3275
1935 3276
1056 3277
1175 3278
941 3279
607 3280
540 3281
2578 3282
2761 3283
2347 3284
534 3285
2714 3286
2941 3287
2227 3288
1323 3289
2428 3290
2145 3291
532 3292
2709 3293
408 3294
124 3295
185 3296
2562 3297
1635 3298
2255 3299
2012 3300
3218 3301
985 3302
1847 3303
836 3304
1258 3305
2871 3306
3304 3307
916 3308
1165 3309
272 3310
2866 3311
353 3312
1365 3313
2833 3314
308 3315
533 3316
3219 3317
316 3318
592 3319
3098 3320
2534 3321
2600 3322
2650 3323
880 3324
2958 3325
1632 3326
237 3327
531 3328
1345 3329
2840 3330
1205 3331
1325 3332
2722 3333
350 3334
2537 3335
2161 3336
2910 3337
1868 3338
29 3339
1628 3340
2412 3341
1337 3342
1073 3343
3261 3344
1230 3345
3143 3346
915 3347
2148 3348
1218 3349
932 3350
984 3351
3020 3352
3010 3353
3027 3354
1032 3355
609 3356
1901 3357
995 3358
351 3359
1497 3360
2889 3361
1500 3362
90 3363
1861 3364
1851 3365
1269 3366
2163 3367
2354 3368
749 3369
1497 3370
2630 3371
2961 3372
1013 3373
797 3374
1171 3375
1758 3376
2745 3377
2202 3378
3071 3379
754 3380
1875 3381
2556 3382
106 3383
2141 3384
2346 3385
2256 3386
354 3387
2759 3388
1272 3389
3188 3390
3185 3391
186 3392
2129 3393
1733 3394
3382 3395
1168 3396
579 3397
1606 3398
839 3399
1326 3400
2820 3401
2753 3402
924 3403
2906 3404
1668 3405
2600 3406
1868 3407
3085 3408
1679 3409
3378 3410
3400 3411
65 3412
1273 3413
1821 3414
2099 3415
3220 3416
1257 3417
3079 3418
1212 3419
333 3420
1966 3421
646 3422
211 3423
487 3424
2614 3425
1420 3426
1462 3427
2358 3428
2044 3429
2991 3430
777 3431
838 3432
304 3433
1566 3434
3378 3435
1145 3436
2182 3437
2511 3438
549 3439
2608 3440
1989 3441
3253 3442
786 3443
1520 3444
3151 3445
2474 3446
2407 3447
2919 3448
2345 3449
2271 3450
2974 3451
2247 3452
1316 3453
1289 3454
2876 3455
2119 3456
2337 3457
891 3458
1343 3459
629 3460
3183 3461
2214 3462
157 3463
1384 3464
1873 3465
2605 3466
312 3467
2566 3468
1768 3469
693 3470
535 3471
2477 3472
3082 3473
1782 3474
211 3475
2848 3476
2934 3477
2259 3478
1628 3479
2571 3480
2866 3481
663 3482
3439 3483
45 3484
2866 3485
2714 3486
1206 3487
969 3488
1054 3489
2193 3490
754 3491
1700 3492
2704 3493
2660 3494
1724 3495
1636 3496
2520 3497
1424 3498
1712 3499
1765 3500
1359 3501
1766 3502
368 3503
2601 3504
2268 3505
245 3506
1731 3507
1776 3508
23 3509
1431 3510
1433 3511
1802 3512
3320 3513
3217 3514
3411 3515
2182 3516
3245 3517
1617 3518
1865 3519
94 3520
518 3521
405 3522
91 3523
3363 3524
649 3525
2755 3526
1817 3527
1468 3528
23 3529
1622 3530
3010 3531
999 3532
1732 3533
733 3534
864 3535
702 3536
2146 3537
3007 3538
2693 3539
605 3540
397 3541
1281 3542
1026 3543
911 3544
29 3545
784 3546
908 3547
661 3548
1519 3549
2260 3550
1104 3551
1024 3552
319 3553
564 3554
164 3555
2565 3556
1437 3557
1483 3558
1547 3559
170 3560
2705 3561
1449 3562
3484 3563
3379 3564
2274 3565
2508 3566
3438 3567
1553 3568
3298 3569
1867 3570
1311 3571
869 3572
2636 3573
3215 3574
1435 3575
561 3576
366 3577
1711 3578
616 3579
265 3580
2914 3581
1681 3582
1562 3583
2230 3584
1677 3585
2209 3586
3300 3587
2227 3588
1780 3589
264 3590
3029 3591
1757 3592
2967 3593
1482 3594
2643 3595
434 3596
735 3597
1390 3598
443 3599
283 3600
314 3601
1242 3602
2514 3603
159 3604
304 3605
138 3606
727 3607
2279 3608
1807 3609
2915 3610
3562 3611
2905 3612
866 3613
293 3614
817 3615
3103 3616
3028 3617
2994 3618
2901 3619
195 3620
1144 3621
190 3622
692 3623
2741 3624
379 3625
1712 3626
2170 3627
790 3628
2090 3629
123 3630
1572 3631
2376 3632
1274 3633
3606 3634
2507 3635
1436 3636
3319 3637
3427 3638
1043 3639
2583 3640
1739 3641
1930 3642
1249 3643
2476 3644
3469 3645
2544 3646
3103 3647
1525 3648
1426 3649
569 3650
1833 3651
1494 3652
3501 3653
1799 3654
389 3655
950 3656
3485 3657
2847 3658
358 3659
994 3660
2312 3661
1144 3662
1036 3663
772 3664
3070 3665
2230 3666
1723 3667
2424 3668
1933 3669
1486 3670
1753 3671
2055 3672
1001 3673
3429 3674
2659 3675
2189 3676
2696 3677
96 3678
2985 3679
3250 3680
1175 3681
1355 3682
2163 3683
1703 3684
914 3685
1348 3686
3603 3687
1499 3688
2016 3689
2889 3690
1812 3691
1704 3692
115 3693
183 3694
133 3695
3591 3696
1581 3697
1670 3698
2710 3699
2956 3700
3427 3701
2964 3702
183 3703
893 3704
2891 3705
1758 3706
641 3707
2327 3708
1458 3709
2035 3710
1889 3711
180 3712
1207 3713
1710 3714
1574 3715
466 3716
3141 3717
3354 3718
1287 3719
3693 3720
2434 3721
809 3722
3003 3723
3235 3724
980 3725
807 3726
494 3727
2029 3728
2608 3729
2599 3730
974 3731
3547 3732
963 3733
463 3734
1093 3735
2053 3736
2961 3737
506 3738
2599 3739
443 3740
789 3741
3367 3742
1452 3743
695 3744
547 3745
3323 3746
2183 3747
1601 3748
2769 3749
1773 3750
1875 3751
1994 3752
1191 3753
508 3754
913 3755
3498 3756
1013 3757
1681 3758
487 3759
1296 3760
1006 3761
1844 3762
3455 3763
166 3764
2984 3765
2928 3766
2775 3767
1468 3768
890 3769
1977 3770
1718 3771
1500 3772
1292 3773
2595 3774
1597 3775
1031 3776
123 3777
2942 3778
2580 3779
3254 3780
3503 3781
2284 3782
159 3783
1092 3784
494 3785
3249 3786
886 3787
3231 3788
2600 3789
893 3790
3076 3791
2985 3792
1088 3793
2290 3794
1205 3795
647 3796
2738 3797
2998 3798
3660 3799
3150 3800
3258 3801
3446 3802
1261 3803
1815 3804
3139 3805
2707 3806
3662 3807
1245 3808
266 3809
2333 3810
413 3811
2894 3812
2217 3813
2685 3814
1871 3815
630 3816
701 3817
3156 3818
1527 3819
2446 3820
947 3821
1705 3822
1250 3823
3156 3824
151 3825
911 3826
3011 3827
59 3828
3488 3829
1053 3830
1509 3831
2593 3832
3578 3833
1505 3834
464 3835
1697 3836
2220 3837
981 3838
1868 3839
3331 3840
2247 3841
3296 3842
1210 3843
2328 3844
1187 3845
2676 3846
3755 3847
2394 3848
2910 3849
2754 3850
1197 3851
834 3852
1150 3853
3054 3854
1522 3855
52 3856
2202 3857
2965 3858
3332 3859
1370 3860
1227 3861
2196 3862
865 3863
2863 3864
3471 3865
417 3866
181 3867
1210 3868
2479 3869
2932 3870
556 3871
395 3872
2087 3873
1178 3874
1486 3875
679 3876
565 3877
265 3878
2295 3879
2720 3880
1168 3881
1522 3882
1192 3883
3595 3884
2074 3885
1885 3886
1920 3887
2114 3888
758 3889
1556 3890
376 3891
2597 3892
1948 3893
3305 3894
3457 3895
972 3896
1782 3897
2262 3898
1757 3899
1814 3900
2041 3901
709 3902
3086 3903
3536 3904
1236 3905
569 3906
3789 3907
507 3908
2083 3909
2268 3910
2376 3911
746 3912
255 3913
2830 3914
1056 3915
558 3916
909 3917
1942 3918
1439 3919
3767 3920
385 3921
2316 3922
2473 3923
2496 3924
1987 3925
1441 3926
1799 3927
755 3928
2287 3929
512 3930
392 3931
1826 3932
2942 3933
2560 3934
1293 3935
1296 3936
1541 3937
2476 3938
1236 3939
3671 3940
176 3941
3903 3942
3495 3943
1629 3944
3490 3945
2305 3946
93 3947
194 3948
3319 3949
3055 3950
149 3951
993 3952
1023 3953
1727 3954
2513 3955
1758 3956
2236 3957
1964 3958
1493 3959
1251 3960
716 3961
2198 3962
3184 3963
1465 3964
2554 3965
2733 3966
1816 3967
2643 3968
1154 3969
3224 3970
2736 3971
1920 3972
499 3973
3163 3974
2255 3975
2248 3976
2630 3977
3765 3978
1698 3979
2781 3980
738 3981
1956 3982
1506 3983
2105 3984
274 3985
1604 3986
2704 3987
402 3988
73 3989
846 3990
1679 3991
2097 3992
2987 3993
896 3994
1797 3995
3137 3996
537 3997
3218 3998
1582 3999
1531 4000
2523 4001
2688 4002
2935 4003
1363 4004
707 4005
3311 4006
1620 4007
978 4008
1572 4009
2578 4010
2479 4011
369 4012
984 4013
103 4014
2881 4015
1712 4016
2702 4017
1376 4018
2552 4019
1086 4020
3987 4021
119 4022
2286 4023
2693 4024
1281 4025
1633 4026
1060 4027
90 4028
829 4029
2286 4030
3733 4031
1095 4032
1103 4033
885 4034
978 4035
1668 4036
1218 4037
206 4038
850 4039
4021 4040
2029 4041
3722 4042
3456 4043
4031 4044
2413 4045
3793 4046
685 4047
3673 4048
2415 4049
21 4050
2714 4051
3725 4052
1983 4053
2607 4054
3089 4055
684 4056
2046 4057
1044 4058
1759 4059
370 4060
920 4061
1459 4062
2775 4063
1189 4064
4064 4065
3195 4066
2518 4067
2874 4068
469 4069
3758 4070
3092 4071
3090 4072
1521 4073
2980 4074
3703 4075
2347 4076
1158 4077
1039 4078
3927 4079
2010 4080
3876 4081
1376 4082
90 4083
2502 4084
562 4085
1026 4086
2290 4087
136 4088
3386 4089
3638 4090
3285 4091
3453 4092
3968 4093
3135 4094
2663 4095
1849 4096
1138 4097
20 4098
1023 4099
3073 4100
2813 4101
1072 4102
3132 4103
2796 4104
810 4105
1696 4106
1360 4107
593 4108
3525 4109
3866 4110
1120 4111
1180 4112
1826 4113
537 4114
1687 4115
1804 4116
616 4117
2847 4118
2690 4119
2173 4120
2700 4121
2599 4122
2073 4123
86 4124
2673 4125
952 4126
1001 4127
3831 4128
3520 4129
692 4130
2530 4131
15 4132
1493 4133
155 4134
1259 4135
520 4136
1370 4137
463 4138
1 4139
1236 4140
688 4141
1733 4142
1922 4143
1780 4144
3001 4145
2672 4146
3155 4147
3775 4148
3462 4149
3657 4150
171 4151
231 4152
3408 4153
2902 4154
2435 4155
762 4156
3166 4157
455 4158
3087 4159
2446 4160
324 4161
2025 4162
606 4163
1355 4164
172 4165
2551 4166
65 4167
958 4168
1112 4169
2621 4170
1536 4171
3800 4172
243 4173
3318 4174
595 4175
1508 4176
1137 4177
3067 4178
130 4179
1252 4180
549 4181
644 4182
2410 4183
706 4184
1432 4185
3589 4186
3903 4187
424 4188
2381 4189
2939 4190
3554 4191
1093 4192
1864 4193
1859 4194
1186 4195
396 4196
3182 4197
4067 4198
724 4199
2246 4200
3161 4201
1360 4202
4143 4203
3586 4204
2713 4205
1624 4206
2527 4207
2093 4208
1879 4209
4039 4210
1913 4211
2408 4212
939 4213
3277 4214
3863 4215
2029 4216
1488 4217
2488 4218
1356 4219
3931 4220
538 4221
1373 4222
2493 4223
2875 4224
3527 4225
2964 4226
4115 4227
2068 4228
1392 4229
3226 4230
2739 4231
832 4232
3950 4233
