382
1 2
2 3
3 4
1 5
5 6
6 7
3 8
6 9
9 10
4 11
1 12
6 13
4 14
9 15
10 16
1 17
3 18
18 19
1 20
9 21
7 22
2 23
3 24
24 25
14 26
4 27
18 28
9 29
26 30
18 31
31 32
30 33
25 34
32 35
12 36
1 37
29 38
17 39
14 40
32 41
33 42
8 43
20 44
4 45
2 46
45 47
9 48
42 49
48 50
13 51
8 52
29 53
8 54
46 55
14 56
14 57
34 58
21 59
52 60
10 61
33 62
17 63
51 64
18 65
22 66
54 67
53 68
50 69
47 70
24 71
35 72
52 73
37 74
64 75
67 76
66 77
54 78
9 79
30 80
47 81
36 82
41 83
17 84
79 85
19 86
19 87
36 88
37 89
57 90
15 91
67 92
74 93
71 94
11 95
78 96
5 97
80 98
35 99
9 100
29 101
62 102
56 103
9 104
8 105
92 106
24 107
91 108
68 109
43 110
95 111
107 112
34 113
101 114
11 115
79 116
110 117
79 118
114 119
38 120
14 121
119 122
35 123
52 124
106 125
118 126
96 127
51 128
100 129
99 130
76 131
120 132
87 133
45 134
98 135
15 136
16 137
118 138
134 139
39 140
79 141
60 142
7 143
129 144
92 145
143 146
103 147
130 148
93 149
142 150
114 151
97 152
149 153
50 154
68 155
48 156
119 157
34 158
148 159
2 160
108 161
93 162
161 163
42 164
63 165
33 166
153 167
41 168
33 169
25 170
6 171
165 172
76 173
109 174
125 175
46 176
124 177
54 178
135 179
136 180
156 181
168 182
107 183
71 184
26 185
89 186
180 187
41 188
61 189
151 190
183 191
12 192
166 193
24 194
150 195
33 196
194 197
101 198
179 199
141 200
163 201
12 202
94 203
105 204
134 205
6 206
112 207
42 208
192 209
185 210
19 211
118 212
52 213
213 214
119 215
175 216
205 217
77 218
43 219
33 220
91 221
31 222
19 223
95 224
125 225
25 226
180 227
62 228
217 229
67 230
111 231
41 232
123 233
20 234
162 235
68 236
182 237
137 238
53 239
152 240
149 241
168 242
18 243
90 244
170 245
21 246
149 247
99 248
94 249
32 250
131 251
138 252
168 253
97 254
18 255
82 256
39 257
40 258
208 259
144 260
140 261
194 262
255 263
194 264
104 265
217 266
137 267
137 268
229 269
110 270
82 271
157 272
11 273
147 274
61 275
12 276
253 277
72 278
172 279
65 280
184 281
159 282
130 283
176 284
205 285
234 286
249 287
234 288
259 289
68 290
213 291
190 292
154 293
60 294
10 295
165 296
146 297
142 298
16 299
246 300
9 301
34 302
136 303
188 304
247 305
167 306
113 307
225 308
28 309
104 310
70 311
302 312
54 313
162 314
277 315
68 316
11 317
112 318
71 319
8 320
91 321
114 322
289 323
317 324
322 325
240 326
278 327
175 328
131 329
22 330
181 331
20 332
58 333
160 334
323 335
152 336
41 337
129 338
41 339
299 340
44 341
180 342
232 343
229 344
201 345
184 346
45 347
56 348
278 349
115 350
222 351
165 352
9 353
192 354
254 355
355 356
211 357
257 358
354 359
309 360
236 361
98 362
245 363
211 364
93 365
360 366
348 367
337 368
234 369
3 370
292 371
249 372
224 373
202 374
303 375
316 376
356 377
369 378
80 379
269 380
164 381
339 382
