998
1 2
2 3
1 4
1 5
1 6
6 7
4 8
5 9
5 10
5 11
8 12
11 13
6 14
4 15
14 16
4 17
8 18
18 19
6 20
6 21
17 22
19 23
13 24
20 25
25 26
24 27
7 28
26 29
25 30
3 31
21 32
11 33
1 34
20 35
13 36
4 37
8 38
23 39
5 40
27 41
34 42
33 43
36 44
9 45
16 46
22 47
40 48
7 49
35 50
25 51
49 52
41 53
20 54
2 55
24 56
6 57
21 58
6 59
48 60
34 61
57 62
13 63
46 64
61 65
49 66
59 67
49 68
10 69
59 70
44 71
13 72
48 73
59 74
8 75
12 76
17 77
47 78
24 79
71 80
70 81
19 82
59 83
32 84
38 85
79 86
31 87
46 88
50 89
61 90
64 91
79 92
3 93
53 94
77 95
59 96
49 97
13 98
42 99
85 100
47 101
11 102
2 103
60 104
88 105
76 106
40 107
4 108
10 109
97 110
71 111
52 112
110 113
20 114
21 115
37 116
103 117
8 118
86 119
4 120
96 121
2 122
50 123
75 124
49 125
39 126
16 127
118 128
17 129
102 130
87 131
30 132
76 133
14 134
106 135
85 136
7 137
112 138
52 139
26 140
72 141
103 142
15 143
108 144
61 145
4 146
44 147
31 148
67 149
80 150
121 151
100 152
31 153
43 154
51 155
112 156
87 157
54 158
155 159
126 160
112 161
149 162
67 163
97 164
98 165
75 166
108 167
93 168
92 169
133 170
79 171
149 172
93 173
45 174
80 175
68 176
31 177
106 178
178 179
159 180
111 181
2 182
61 183
31 184
92 185
75 186
157 187
58 188
166 189
18 190
151 191
147 192
101 193
138 194
118 195
138 196
48 197
170 198
56 199
171 200
166 201
93 202
8 203
104 204
75 205
131 206
30 207
65 208
72 209
14 210
82 211
39 212
79 213
197 214
203 215
48 216
172 217
170 218
149 219
1 220
219 221
44 222
177 223
71 224
107 225
133 226
30 227
179 228
189 229
181 230
3 231
225 232
173 233
74 234
115 235
145 236
107 237
139 238
109 239
107 240
169 241
165 242
68 243
43 244
17 245
139 246
109 247
51 248
84 249
175 250
241 251
58 252
243 253
107 254
251 255
21 256
222 257
125 258
9 259
258 260
250 261
76 262
211 263
6 264
153 265
53 266
51 267
247 268
55 269
55 270
47 271
118 272
107 273
70 274
250 275
16 276
149 277
21 278
87 279
110 280
224 281
251 282
84 283
26 284
187 285
32 286
50 287
206 288
43 289
144 290
21 291
132 292
173 293
229 294
175 295
273 296
147 297
293 298
203 299
121 300
114 301
290 302
50 303
134 304
194 305
162 306
235 307
194 308
193 309
21 310
156 311
254 312
212 313
69 314
77 315
82 316
75 317
201 318
91 319
196 320
202 321
263 322
290 323
229 324
24 325
277 326
142 327
230 328
139 329
154 330
297 331
295 332
133 333
278 334
298 335
270 336
163 337
105 338
174 339
271 340
335 341
298 342
327 343
73 344
271 345
52 346
265 347
340 348
56 349
235 350
331 351
27 352
197 353
350 354
131 355
178 356
346 357
103 358
200 359
274 360
19 361
215 362
254 363
81 364
126 365
138 366
260 367
39 368
364 369
351 370
167 371
220 372
148 373
199 374
34 375
7 376
84 377
176 378
73 379
148 380
233 381
216 382
145 383
7 384
87 385
341 386
247 387
237 388
8 389
92 390
67 391
355 392
340 393
176 394
335 395
4 396
313 397
123 398
163 399
319 400
38 401
253 402
180 403
392 404
368 405
65 406
50 407
195 408
17 409
165 410
385 411
350 412
300 413
228 414
275 415
266 416
321 417
85 418
190 419
107 420
258 421
339 422
313 423
213 424
267 425
413 426
24 427
360 428
371 429
161 430
68 431
235 432
231 433
23 434
353 435
433 436
111 437
355 438
98 439
411 440
327 441
34 442
360 443
416 444
48 445
435 446
27 447
298 448
410 449
64 450
440 451
117 452
72 453
374 454
292 455
71 456
183 457
57 458
431 459
268 460
117 461
408 462
30 463
116 464
26 465
49 466
212 467
365 468
308 469
166 470
385 471
270 472
141 473
229 474
92 475
474 476
102 477
170 478
283 479
358 480
419 481
258 482
139 483
410 484
120 485
102 486
412 487
70 488
350 489
104 490
240 491
172 492
54 493
233 494
379 495
287 496
205 497
396 498
363 499
428 500
329 501
400 502
143 503
329 504
125 505
330 506
478 507
142 508
141 509
488 510
397 511
69 512
229 513
341 514
514 515
379 516
84 517
16 518
402 519
291 520
212 521
286 522
88 523
33 524
317 525
168 526
223 527
100 528
115 529
321 530
76 531
256 532
502 533
430 534
5 535
65 536
481 537
89 538
94 539
269 540
298 541
8 542
345 543
431 544
280 545
64 546
321 547
545 548
296 549
69 550
83 551
81 552
516 553
335 554
533 555
149 556
268 557
189 558
476 559
104 560
267 561
98 562
250 563
256 564
41 565
209 566
167 567
495 568
377 569
118 570
162 571
375 572
105 573
42 574
33 575
427 576
13 577
70 578
227 579
220 580
496 581
153 582
79 583
368 584
154 585
235 586
189 587
124 588
233 589
143 590
485 591
184 592
67 593
181 594
246 595
267 596
12 597
21 598
69 599
212 600
147 601
62 602
372 603
378 604
135 605
157 606
201 607
517 608
401 609
535 610
488 611
102 612
98 613
100 614
48 615
26 616
484 617
43 618
488 619
529 620
11 621
338 622
102 623
545 624
491 625
170 626
398 627
451 628
553 629
82 630
67 631
539 632
65 633
463 634
52 635
347 636
295 637
269 638
358 639
297 640
414 641
144 642
504 643
219 644
462 645
190 646
3 647
166 648
592 649
558 650
278 651
450 652
67 653
553 654
492 655
521 656
513 657
476 658
146 659
12 660
140 661
569 662
283 663
220 664
466 665
351 666
541 667
201 668
545 669
519 670
611 671
114 672
631 673
667 674
229 675
191 676
128 677
331 678
522 679
199 680
370 681
209 682
622 683
422 684
579 685
432 686
63 687
460 688
133 689
223 690
673 691
549 692
20 693
553 694
49 695
226 696
248 697
272 698
616 699
516 700
606 701
599 702
574 703
202 704
550 705
361 706
561 707
581 708
425 709
202 710
180 711
231 712
150 713
583 714
8 715
308 716
339 717
358 718
167 719
671 720
171 721
690 722
74 723
250 724
420 725
175 726
83 727
19 728
385 729
320 730
301 731
487 732
154 733
488 734
480 735
263 736
425 737
690 738
674 739
289 740
257 741
544 742
484 743
454 744
729 745
431 746
640 747
29 748
458 749
446 750
254 751
688 752
203 753
621 754
17 755
474 756
516 757
411 758
440 759
73 760
421 761
187 762
230 763
71 764
254 765
356 766
248 767
416 768
340 769
80 770
580 771
42 772
699 773
188 774
222 775
529 776
729 777
146 778
215 779
691 780
233 781
772 782
555 783
596 784
494 785
257 786
212 787
389 788
309 789
264 790
176 791
246 792
661 793
361 794
285 795
521 796
86 797
636 798
414 799
454 800
516 801
563 802
386 803
423 804
618 805
339 806
252 807
661 808
135 809
280 810
544 811
315 812
586 813
224 814
219 815
548 816
496 817
324 818
272 819
411 820
132 821
575 822
618 823
215 824
733 825
758 826
543 827
527 828
167 829
534 830
163 831
734 832
692 833
284 834
772 835
10 836
177 837
449 838
426 839
322 840
494 841
233 842
45 843
336 844
77 845
709 846
137 847
783 848
582 849
607 850
193 851
779 852
797 853
675 854
518 855
340 856
34 857
415 858
657 859
129 860
620 861
380 862
855 863
20 864
105 865
339 866
264 867
157 868
161 869
89 870
447 871
862 872
481 873
602 874
307 875
652 876
552 877
572 878
549 879
123 880
368 881
261 882
349 883
451 884
156 885
341 886
168 887
552 888
11 889
746 890
329 891
636 892
636 893
20 894
574 895
813 896
229 897
345 898
147 899
872 900
545 901
836 902
217 903
870 904
796 905
562 906
416 907
2 908
878 909
689 910
149 911
233 912
565 913
623 914
240 915
333 916
402 917
667 918
162 919
395 920
714 921
191 922
756 923
816 924
546 925
497 926
680 927
360 928
368 929
470 930
656 931
341 932
130 933
720 934
799 935
92 936
418 937
405 938
929 939
232 940
32 941
547 942
650 943
211 944
861 945
399 946
338 947
238 948
237 949
162 950
31 951
765 952
492 953
26 954
14 955
924 956
710 957
205 958
271 959
576 960
468 961
441 962
252 963
725 964
922 965
18 966
453 967
321 968
647 969
293 970
84 971
602 972
916 973
440 974
348 975
755 976
175 977
920 978
825 979
155 980
811 981
33 982
3 983
303 984
542 985
407 986
799 987
813 988
897 989
758 990
627 991
645 992
534 993
186 994
423 995
511 996
89 997
411 998
