10000
1 2
2 3
1 4
4 5
1 6
2 7
7 8
8 9
5 10
5 11
11 12
9 13
1 14
12 15
1 16
10 17
16 18
17 19
12 20
13 21
6 22
21 23
23 24
4 25
1 26
25 27
24 28
14 29
5 30
1 31
7 32
4 33
28 34
14 35
25 36
4 37
36 38
23 39
3 40
39 41
14 42
15 43
25 44
26 45
7 46
44 47
12 48
35 49
9 50
39 51
17 52
20 53
11 54
9 55
24 56
39 57
5 58
28 59
49 60
60 61
9 62
48 63
3 64
24 65
29 66
58 67
24 68
1 69
21 70
15 71
34 72
32 73
5 74
42 75
37 76
7 77
68 78
66 79
53 80
33 81
22 82
38 83
15 84
77 85
66 86
33 87
44 88
66 89
36 90
48 91
4 92
35 93
48 94
60 95
19 96
61 97
88 98
88 99
44 100
44 101
70 102
44 103
88 104
33 105
72 106
81 107
102 108
57 109
66 110
82 111
9 112
101 113
10 114
80 115
56 116
44 117
105 118
2 119
53 120
105 121
65 122
114 123
88 124
57 125
64 126
113 127
2 128
52 129
115 130
42 131
130 132
7 133
62 134
22 135
113 136
13 137
21 138
37 139
111 140
110 141
122 142
18 143
109 144
132 145
72 146
77 147
3 148
5 149
68 150
127 151
2 152
137 153
66 154
125 155
28 156
100 157
20 158
95 159
130 160
63 161
143 162
127 163
4 164
69 165
68 166
130 167
122 168
94 169
36 170
27 171
55 172
17 173
124 174
8 175
8 176
121 177
37 178
79 179
113 180
123 181
80 182
112 183
43 184
7 185
129 186
70 187
7 188
30 189
62 190
51 191
51 192
121 193
36 194
155 195
116 196
190 197
34 198
111 199
114 200
31 201
41 202
7 203
54 204
77 205
152 206
139 207
103 208
206 209
201 210
153 211
8 212
71 213
31 214
101 215
136 216
90 217
157 218
110 219
31 220
97 221
88 222
197 223
51 224
48 225
120 226
66 227
35 228
191 229
181 230
184 231
110 232
106 233
189 234
89 235
4 236
127 237
69 238
46 239
117 240
24 241
163 242
114 243
197 244
35 245
243 246
232 247
31 248
211 249
203 250
119 251
135 252
4 253
229 254
134 255
59 256
233 257
161 258
196 259
13 260
192 261
260 262
227 263
96 264
46 265
103 266
5 267
184 268
233 269
193 270
120 271
66 272
265 273
17 274
262 275
7 276
111 277
234 278
70 279
94 280
272 281
71 282
170 283
1 284
270 285
278 286
81 287
276 288
243 289
109 290
127 291
50 292
178 293
56 294
274 295
142 296
28 297
215 298
124 299
24 300
189 301
269 302
133 303
116 304
72 305
140 306
37 307
8 308
123 309
85 310
189 311
128 312
117 313
19 314
66 315
178 316
172 317
261 318
84 319
150 320
142 321
284 322
317 323
56 324
199 325
72 326
223 327
269 328
321 329
154 330
21 331
288 332
251 333
135 334
303 335
125 336
61 337
149 338
317 339
112 340
65 341
328 342
298 343
147 344
204 345
75 346
168 347
122 348
278 349
150 350
215 351
217 352
313 353
348 354
103 355
159 356
237 357
32 358
135 359
123 360
159 361
163 362
163 363
225 364
254 365
152 366
93 367
154 368
26 369
296 370
53 371
315 372
105 373
175 374
203 375
71 376
286 377
280 378
123 379
333 380
308 381
277 382
372 383
231 384
366 385
189 386
167 387
51 388
310 389
254 390
205 391
18 392
33 393
62 394
43 395
320 396
122 397
174 398
31 399
63 400
318 401
187 402
108 403
23 404
362 405
123 406
178 407
18 408
236 409
242 410
200 411
275 412
227 413
400 414
57 415
393 416
4 417
305 418
378 419
181 420
133 421
390 422
146 423
77 424
289 425
214 426
411 427
213 428
18 429
213 430
35 431
37 432
285 433
419 434
211 435
162 436
265 437
145 438
192 439
358 440
65 441
35 442
422 443
9 444
411 445
272 446
410 447
82 448
67 449
14 450
149 451
101 452
271 453
153 454
321 455
102 456
363 457
309 458
204 459
413 460
233 461
161 462
346 463
353 464
186 465
322 466
223 467
232 468
103 469
182 470
21 471
263 472
2 473
154 474
430 475
172 476
333 477
313 478
211 479
458 480
372 481
464 482
71 483
345 484
399 485
242 486
31 487
19 488
350 489
409 490
384 491
327 492
196 493
422 494
281 495
305 496
241 497
147 498
332 499
42 500
392 501
351 502
171 503
467 504
61 505
486 506
346 507
156 508
63 509
407 510
280 511
37 512
251 513
71 514
34 515
163 516
485 517
334 518
250 519
122 520
54 521
40 522
270 523
153 524
56 525
494 526
264 527
300 528
514 529
84 530
383 531
242 532
385 533
453 534
102 535
135 536
319 537
35 538
50 539
33 540
397 541
105 542
463 543
459 544
169 545
527 546
15 547
4 548
472 549
59 550
264 551
121 552
226 553
178 554
155 555
466 556
389 557
527 558
63 559
292 560
260 561
433 562
473 563
446 564
205 565
350 566
152 567
393 568
353 569
109 570
63 571
366 572
294 573
21 574
448 575
262 576
521 577
468 578
23 579
6 580
255 581
57 582
207 583
92 584
102 585
520 586
201 587
238 588
541 589
465 590
238 591
163 592
83 593
11 594
407 595
234 596
41 597
228 598
347 599
506 600
444 601
150 602
227 603
56 604
440 605
310 606
323 607
535 608
261 609
374 610
569 611
423 612
497 613
244 614
346 615
416 616
559 617
430 618
240 619
4 620
581 621
305 622
461 623
16 624
282 625
516 626
309 627
119 628
482 629
335 630
361 631
389 632
32 633
236 634
500 635
629 636
103 637
385 638
521 639
414 640
304 641
105 642
75 643
212 644
305 645
123 646
319 647
362 648
292 649
359 650
464 651
259 652
135 653
649 654
260 655
624 656
313 657
561 658
508 659
140 660
118 661
338 662
165 663
113 664
414 665
401 666
449 667
152 668
64 669
15 670
630 671
167 672
127 673
285 674
333 675
81 676
63 677
497 678
39 679
398 680
668 681
100 682
581 683
658 684
477 685
119 686
205 687
205 688
10 689
395 690
311 691
545 692
395 693
212 694
473 695
255 696
257 697
258 698
354 699
411 700
224 701
527 702
602 703
350 704
270 705
570 706
514 707
380 708
703 709
298 710
10 711
433 712
708 713
263 714
433 715
165 716
676 717
77 718
486 719
510 720
145 721
317 722
194 723
555 724
254 725
434 726
110 727
4 728
261 729
410 730
679 731
30 732
643 733
62 734
462 735
483 736
337 737
503 738
25 739
20 740
105 741
186 742
585 743
364 744
576 745
390 746
645 747
238 748
621 749
245 750
743 751
416 752
681 753
22 754
469 755
279 756
628 757
108 758
56 759
445 760
293 761
165 762
633 763
391 764
582 765
61 766
518 767
713 768
157 769
479 770
763 771
702 772
128 773
646 774
716 775
669 776
275 777
666 778
476 779
106 780
673 781
155 782
661 783
584 784
382 785
370 786
682 787
30 788
385 789
642 790
191 791
507 792
78 793
685 794
214 795
506 796
520 797
616 798
408 799
448 800
259 801
506 802
138 803
796 804
33 805
240 806
154 807
81 808
294 809
5 810
473 811
603 812
421 813
754 814
152 815
662 816
695 817
310 818
169 819
293 820
639 821
137 822
543 823
287 824
694 825
606 826
480 827
585 828
149 829
181 830
776 831
429 832
544 833
813 834
148 835
355 836
236 837
349 838
362 839
476 840
831 841
658 842
116 843
365 844
170 845
175 846
159 847
752 848
775 849
293 850
177 851
44 852
521 853
704 854
517 855
810 856
42 857
47 858
573 859
266 860
582 861
513 862
679 863
132 864
147 865
584 866
337 867
246 868
228 869
143 870
186 871
611 872
341 873
351 874
373 875
768 876
810 877
287 878
301 879
301 880
416 881
307 882
211 883
334 884
244 885
263 886
299 887
250 888
320 889
510 890
844 891
180 892
367 893
59 894
291 895
602 896
214 897
571 898
170 899
486 900
516 901
177 902
837 903
770 904
623 905
81 906
391 907
551 908
159 909
653 910
53 911
226 912
347 913
459 914
26 915
99 916
750 917
619 918
186 919
140 920
190 921
600 922
99 923
263 924
387 925
795 926
248 927
909 928
618 929
81 930
475 931
438 932
414 933
709 934
223 935
623 936
746 937
714 938
428 939
451 940
598 941
559 942
637 943
466 944
683 945
89 946
344 947
714 948
192 949
478 950
37 951
372 952
789 953
910 954
349 955
435 956
373 957
150 958
838 959
936 960
684 961
405 962
884 963
262 964
539 965
918 966
363 967
600 968
613 969
229 970
455 971
823 972
894 973
492 974
621 975
507 976
520 977
430 978
832 979
136 980
916 981
931 982
622 983
159 984
176 985
491 986
555 987
22 988
101 989
115 990
281 991
635 992
349 993
508 994
506 995
208 996
217 997
269 998
660 999
73 1000
532 1001
119 1002
201 1003
755 1004
960 1005
388 1006
492 1007
374 1008
689 1009
684 1010
237 1011
972 1012
553 1013
661 1014
399 1015
667 1016
921 1017
761 1018
974 1019
97 1020
916 1021
380 1022
677 1023
475 1024
266 1025
253 1026
693 1027
220 1028
140 1029
728 1030
270 1031
996 1032
337 1033
108 1034
532 1035
273 1036
103 1037
341 1038
909 1039
698 1040
102 1041
562 1042
304 1043
213 1044
932 1045
542 1046
787 1047
1035 1048
139 1049
935 1050
43 1051
781 1052
653 1053
486 1054
788 1055
412 1056
521 1057
497 1058
152 1059
913 1060
171 1061
80 1062
966 1063
950 1064
370 1065
338 1066
373 1067
614 1068
723 1069
48 1070
649 1071
1036 1072
794 1073
531 1074
128 1075
853 1076
858 1077
366 1078
308 1079
108 1080
177 1081
179 1082
156 1083
418 1084
620 1085
430 1086
682 1087
858 1088
987 1089
544 1090
1031 1091
237 1092
765 1093
997 1094
410 1095
192 1096
950 1097
1046 1098
430 1099
577 1100
341 1101
166 1102
291 1103
180 1104
433 1105
317 1106
556 1107
1000 1108
679 1109
547 1110
545 1111
477 1112
122 1113
595 1114
1057 1115
72 1116
60 1117
575 1118
60 1119
138 1120
908 1121
66 1122
130 1123
56 1124
116 1125
165 1126
133 1127
111 1128
961 1129
708 1130
1075 1131
465 1132
446 1133
1128 1134
1077 1135
809 1136
650 1137
277 1138
393 1139
741 1140
360 1141
298 1142
470 1143
480 1144
259 1145
502 1146
518 1147
472 1148
1047 1149
302 1150
176 1151
907 1152
613 1153
996 1154
647 1155
211 1156
758 1157
148 1158
450 1159
369 1160
871 1161
860 1162
313 1163
605 1164
583 1165
177 1166
686 1167
502 1168
599 1169
1004 1170
810 1171
1078 1172
996 1173
754 1174
274 1175
467 1176
928 1177
1122 1178
199 1179
538 1180
28 1181
432 1182
857 1183
723 1184
372 1185
282 1186
1014 1187
1141 1188
637 1189
478 1190
174 1191
339 1192
832 1193
251 1194
753 1195
1168 1196
994 1197
648 1198
1041 1199
460 1200
705 1201
304 1202
879 1203
602 1204
468 1205
1201 1206
57 1207
708 1208
62 1209
240 1210
530 1211
103 1212
829 1213
939 1214
1142 1215
175 1216
634 1217
349 1218
766 1219
431 1220
38 1221
366 1222
765 1223
580 1224
626 1225
1199 1226
597 1227
79 1228
711 1229
47 1230
1044 1231
1108 1232
1136 1233
422 1234
609 1235
638 1236
78 1237
24 1238
802 1239
964 1240
542 1241
778 1242
1155 1243
477 1244
510 1245
1208 1246
895 1247
447 1248
1163 1249
125 1250
700 1251
159 1252
960 1253
399 1254
749 1255
1187 1256
18 1257
239 1258
982 1259
888 1260
866 1261
552 1262
742 1263
613 1264
1024 1265
463 1266
550 1267
1203 1268
822 1269
205 1270
656 1271
625 1272
688 1273
794 1274
188 1275
81 1276
64 1277
468 1278
1162 1279
1241 1280
302 1281
352 1282
1128 1283
1156 1284
682 1285
343 1286
1237 1287
1117 1288
898 1289
19 1290
369 1291
111 1292
499 1293
105 1294
331 1295
656 1296
99 1297
1266 1298
808 1299
312 1300
1184 1301
162 1302
552 1303
304 1304
784 1305
112 1306
849 1307
315 1308
1206 1309
897 1310
793 1311
72 1312
1061 1313
447 1314
863 1315
767 1316
1253 1317
991 1318
339 1319
646 1320
598 1321
1219 1322
1000 1323
704 1324
245 1325
65 1326
337 1327
1227 1328
328 1329
248 1330
1096 1331
385 1332
793 1333
526 1334
31 1335
215 1336
682 1337
299 1338
310 1339
49 1340
751 1341
49 1342
162 1343
703 1344
1151 1345
487 1346
525 1347
1289 1348
606 1349
313 1350
847 1351
868 1352
675 1353
762 1354
870 1355
759 1356
1175 1357
773 1358
935 1359
1120 1360
380 1361
1002 1362
778 1363
517 1364
1083 1365
1330 1366
1324 1367
793 1368
1167 1369
442 1370
1340 1371
1198 1372
777 1373
1045 1374
1010 1375
593 1376
743 1377
23 1378
1167 1379
748 1380
230 1381
735 1382
444 1383
277 1384
613 1385
1072 1386
1175 1387
366 1388
113 1389
18 1390
1211 1391
1363 1392
1366 1393
752 1394
178 1395
1279 1396
154 1397
1396 1398
951 1399
942 1400
643 1401
46 1402
909 1403
210 1404
520 1405
478 1406
18 1407
857 1408
1013 1409
795 1410
516 1411
1265 1412
1189 1413
965 1414
1404 1415
160 1416
379 1417
637 1418
331 1419
736 1420
843 1421
1262 1422
1206 1423
1403 1424
1248 1425
107 1426
30 1427
410 1428
83 1429
106 1430
251 1431
541 1432
430 1433
899 1434
1328 1435
737 1436
559 1437
323 1438
521 1439
414 1440
143 1441
1234 1442
418 1443
1216 1444
64 1445
1287 1446
811 1447
1439 1448
153 1449
521 1450
65 1451
520 1452
828 1453
47 1454
1354 1455
820 1456
373 1457
275 1458
492 1459
866 1460
1103 1461
96 1462
662 1463
912 1464
541 1465
1452 1466
1373 1467
1401 1468
589 1469
779 1470
703 1471
3 1472
940 1473
519 1474
700 1475
925 1476
1244 1477
18 1478
1286 1479
1052 1480
997 1481
1190 1482
601 1483
1209 1484
625 1485
870 1486
1114 1487
1062 1488
185 1489
806 1490
235 1491
36 1492
441 1493
24 1494
836 1495
965 1496
79 1497
1176 1498
173 1499
110 1500
209 1501
390 1502
207 1503
494 1504
1360 1505
1008 1506
1469 1507
39 1508
179 1509
1174 1510
1060 1511
355 1512
1098 1513
432 1514
217 1515
1265 1516
1201 1517
113 1518
991 1519
813 1520
993 1521
880 1522
1148 1523
166 1524
781 1525
884 1526
71 1527
179 1528
149 1529
401 1530
1186 1531
315 1532
638 1533
1106 1534
1259 1535
720 1536
492 1537
135 1538
971 1539
618 1540
700 1541
1400 1542
435 1543
1447 1544
1145 1545
381 1546
1321 1547
1408 1548
306 1549
1148 1550
396 1551
1126 1552
553 1553
991 1554
668 1555
519 1556
379 1557
1144 1558
844 1559
44 1560
1524 1561
26 1562
243 1563
1386 1564
1192 1565
294 1566
1351 1567
1064 1568
884 1569
684 1570
1321 1571
680 1572
932 1573
73 1574
449 1575
1142 1576
610 1577
31 1578
201 1579
808 1580
1121 1581
739 1582
943 1583
1113 1584
1545 1585
1346 1586
1318 1587
998 1588
1501 1589
1514 1590
1313 1591
55 1592
7 1593
1482 1594
792 1595
100 1596
241 1597
1195 1598
1284 1599
1135 1600
1331 1601
578 1602
1202 1603
619 1604
559 1605
719 1606
429 1607
1309 1608
446 1609
1175 1610
751 1611
150 1612
513 1613
1309 1614
1056 1615
320 1616
1401 1617
1456 1618
677 1619
1172 1620
601 1621
1445 1622
528 1623
1187 1624
749 1625
946 1626
50 1627
1473 1628
795 1629
1547 1630
865 1631
13 1632
977 1633
298 1634
303 1635
494 1636
1493 1637
904 1638
265 1639
243 1640
1087 1641
1037 1642
1642 1643
1079 1644
121 1645
251 1646
1355 1647
1358 1648
1028 1649
880 1650
557 1651
1481 1652
225 1653
1325 1654
1239 1655
83 1656
1218 1657
569 1658
806 1659
1402 1660
564 1661
1338 1662
1200 1663
533 1664
947 1665
1098 1666
290 1667
1320 1668
812 1669
392 1670
632 1671
65 1672
1214 1673
1534 1674
705 1675
835 1676
238 1677
291 1678
604 1679
296 1680
152 1681
570 1682
337 1683
1605 1684
1655 1685
1636 1686
1569 1687
933 1688
1514 1689
153 1690
1604 1691
563 1692
1474 1693
1665 1694
381 1695
1083 1696
727 1697
1488 1698
1344 1699
949 1700
1181 1701
1314 1702
1163 1703
635 1704
533 1705
1200 1706
1580 1707
54 1708
675 1709
720 1710
1471 1711
78 1712
1463 1713
453 1714
1482 1715
1413 1716
408 1717
194 1718
1152 1719
779 1720
1325 1721
738 1722
374 1723
247 1724
228 1725
627 1726
73 1727
945 1728
1575 1729
848 1730
931 1731
1231 1732
975 1733
1141 1734
1262 1735
597 1736
1434 1737
15 1738
441 1739
1376 1740
1555 1741
614 1742
1114 1743
478 1744
1414 1745
135 1746
512 1747
792 1748
1315 1749
1625 1750
1361 1751
590 1752
1360 1753
1422 1754
1614 1755
821 1756
34 1757
970 1758
567 1759
433 1760
955 1761
458 1762
887 1763
1512 1764
775 1765
470 1766
419 1767
134 1768
1117 1769
576 1770
1434 1771
302 1772
932 1773
519 1774
410 1775
804 1776
1478 1777
135 1778
1248 1779
1425 1780
1358 1781
1197 1782
1669 1783
129 1784
208 1785
1724 1786
1005 1787
1561 1788
1140 1789
629 1790
423 1791
77 1792
1297 1793
679 1794
705 1795
1267 1796
1626 1797
962 1798
1006 1799
185 1800
1238 1801
569 1802
1194 1803
1292 1804
1364 1805
663 1806
1185 1807
1366 1808
1710 1809
637 1810
1295 1811
1489 1812
1531 1813
1231 1814
1767 1815
465 1816
1506 1817
245 1818
545 1819
722 1820
1296 1821
1576 1822
179 1823
86 1824
1821 1825
1259 1826
111 1827
1822 1828
494 1829
471 1830
1286 1831
891 1832
766 1833
663 1834
671 1835
923 1836
414 1837
1419 1838
304 1839
574 1840
892 1841
336 1842
1055 1843
912 1844
1734 1845
236 1846
1815 1847
163 1848
1140 1849
1796 1850
1034 1851
981 1852
1584 1853
1639 1854
328 1855
865 1856
1388 1857
871 1858
1389 1859
39 1860
1364 1861
1627 1862
1154 1863
719 1864
457 1865
1537 1866
1770 1867
1445 1868
820 1869
1057 1870
1062 1871
1124 1872
1373 1873
1556 1874
1326 1875
571 1876
1201 1877
1229 1878
29 1879
180 1880
887 1881
1377 1882
1533 1883
1687 1884
407 1885
1077 1886
155 1887
903 1888
1177 1889
1125 1890
451 1891
1069 1892
152 1893
231 1894
912 1895
1518 1896
117 1897
1060 1898
728 1899
1442 1900
746 1901
869 1902
1003 1903
1365 1904
1088 1905
975 1906
261 1907
1085 1908
1744 1909
1858 1910
1469 1911
9 1912
1766 1913
709 1914
1577 1915
1562 1916
7 1917
1267 1918
31 1919
1614 1920
548 1921
912 1922
898 1923
1586 1924
5 1925
1478 1926
1625 1927
791 1928
1713 1929
1287 1930
1623 1931
1458 1932
401 1933
599 1934
879 1935
1455 1936
217 1937
1356 1938
1597 1939
1550 1940
1012 1941
11 1942
608 1943
81 1944
950 1945
71 1946
400 1947
1391 1948
1851 1949
1040 1950
889 1951
1044 1952
345 1953
1671 1954
168 1955
54 1956
1412 1957
882 1958
183 1959
923 1960
1531 1961
1125 1962
186 1963
412 1964
439 1965
287 1966
640 1967
892 1968
1095 1969
1194 1970
922 1971
1505 1972
819 1973
318 1974
1477 1975
1667 1976
1938 1977
166 1978
530 1979
1653 1980
181 1981
1520 1982
69 1983
1469 1984
1248 1985
900 1986
1239 1987
904 1988
1848 1989
1836 1990
817 1991
1785 1992
1044 1993
1929 1994
1259 1995
1399 1996
305 1997
792 1998
1509 1999
1490 2000
1114 2001
301 2002
1989 2003
602 2004
1743 2005
606 2006
922 2007
104 2008
36 2009
1711 2010
887 2011
613 2012
1646 2013
205 2014
1981 2015
576 2016
1555 2017
1385 2018
762 2019
1080 2020
1781 2021
750 2022
1557 2023
565 2024
1856 2025
805 2026
1599 2027
576 2028
1282 2029
127 2030
1748 2031
1410 2032
1258 2033
855 2034
727 2035
1104 2036
1673 2037
801 2038
289 2039
1185 2040
1773 2041
1629 2042
514 2043
71 2044
456 2045
1956 2046
1640 2047
650 2048
905 2049
501 2050
833 2051
285 2052
2001 2053
1837 2054
1557 2055
1398 2056
1528 2057
549 2058
1016 2059
155 2060
2040 2061
1522 2062
396 2063
540 2064
314 2065
2061 2066
1228 2067
1215 2068
1149 2069
1046 2070
1362 2071
1527 2072
1595 2073
32 2074
880 2075
670 2076
1635 2077
789 2078
1931 2079
434 2080
740 2081
1489 2082
526 2083
1678 2084
1221 2085
2019 2086
1685 2087
1398 2088
465 2089
986 2090
1042 2091
1264 2092
64 2093
726 2094
414 2095
1371 2096
563 2097
896 2098
1949 2099
275 2100
1591 2101
1416 2102
1214 2103
637 2104
1421 2105
1748 2106
1882 2107
656 2108
2080 2109
389 2110
514 2111
2086 2112
1694 2113
10 2114
1640 2115
1299 2116
823 2117
504 2118
1542 2119
243 2120
1238 2121
1103 2122
1816 2123
2004 2124
359 2125
1933 2126
1694 2127
1222 2128
941 2129
459 2130
2041 2131
1228 2132
1538 2133
442 2134
1133 2135
779 2136
1117 2137
762 2138
1066 2139
1418 2140
500 2141
1695 2142
1681 2143
1151 2144
1894 2145
1690 2146
288 2147
500 2148
1403 2149
839 2150
1579 2151
777 2152
1527 2153
580 2154
687 2155
1187 2156
1609 2157
961 2158
560 2159
1988 2160
990 2161
1302 2162
792 2163
1995 2164
1930 2165
1473 2166
1335 2167
1772 2168
619 2169
1692 2170
491 2171
1857 2172
1336 2173
1937 2174
152 2175
1798 2176
1146 2177
1754 2178
1862 2179
1509 2180
1857 2181
1957 2182
843 2183
918 2184
1945 2185
224 2186
16 2187
2055 2188
826 2189
1110 2190
1392 2191
771 2192
379 2193
1721 2194
1735 2195
1008 2196
440 2197
618 2198
133 2199
169 2200
266 2201
1839 2202
334 2203
411 2204
1462 2205
1188 2206
873 2207
81 2208
748 2209
652 2210
463 2211
1010 2212
372 2213
1394 2214
1813 2215
252 2216
1310 2217
41 2218
1969 2219
813 2220
2139 2221
2135 2222
290 2223
977 2224
487 2225
708 2226
1018 2227
325 2228
534 2229
340 2230
1248 2231
1757 2232
318 2233
1660 2234
198 2235
1300 2236
1050 2237
423 2238
1271 2239
1956 2240
971 2241
1415 2242
904 2243
505 2244
1440 2245
1639 2246
689 2247
1452 2248
683 2249
1629 2250
1269 2251
1951 2252
1685 2253
753 2254
1479 2255
265 2256
621 2257
680 2258
868 2259
1369 2260
1217 2261
85 2262
1064 2263
862 2264
582 2265
345 2266
322 2267
693 2268
224 2269
827 2270
268 2271
355 2272
1400 2273
725 2274
596 2275
84 2276
427 2277
994 2278
1656 2279
1421 2280
1842 2281
1857 2282
2041 2283
1417 2284
2143 2285
2000 2286
1114 2287
284 2288
2223 2289
1726 2290
1738 2291
171 2292
479 2293
1955 2294
1776 2295
2003 2296
743 2297
815 2298
2222 2299
882 2300
783 2301
1392 2302
1949 2303
1720 2304
2101 2305
1376 2306
819 2307
562 2308
628 2309
1373 2310
1921 2311
1757 2312
1042 2313
1895 2314
1889 2315
1322 2316
1988 2317
1466 2318
1033 2319
800 2320
189 2321
282 2322
1351 2323
1855 2324
1806 2325
412 2326
100 2327
1151 2328
2125 2329
2100 2330
224 2331
1726 2332
1567 2333
2099 2334
918 2335
1301 2336
2163 2337
973 2338
1849 2339
1916 2340
1995 2341
936 2342
2185 2343
1506 2344
2024 2345
238 2346
1598 2347
654 2348
1178 2349
321 2350
1989 2351
69 2352
258 2353
1719 2354
238 2355
489 2356
1305 2357
1658 2358
1553 2359
2049 2360
162 2361
296 2362
1365 2363
909 2364
1058 2365
1442 2366
825 2367
449 2368
2354 2369
1252 2370
443 2371
1367 2372
1333 2373
386 2374
1760 2375
1038 2376
2223 2377
2026 2378
261 2379
2216 2380
394 2381
1012 2382
2277 2383
1911 2384
1263 2385
771 2386
478 2387
1970 2388
1557 2389
26 2390
2207 2391
821 2392
2067 2393
224 2394
422 2395
567 2396
1486 2397
1105 2398
682 2399
712 2400
2038 2401
1825 2402
1271 2403
636 2404
2389 2405
390 2406
1055 2407
2123 2408
380 2409
936 2410
1275 2411
2278 2412
1896 2413
1354 2414
1789 2415
2306 2416
598 2417
2410 2418
98 2419
669 2420
802 2421
1927 2422
937 2423
611 2424
2054 2425
505 2426
2075 2427
901 2428
1450 2429
360 2430
325 2431
133 2432
216 2433
2429 2434
2022 2435
193 2436
582 2437
1761 2438
103 2439
1610 2440
888 2441
2024 2442
1312 2443
2135 2444
16 2445
1314 2446
1095 2447
1914 2448
1695 2449
2089 2450
1098 2451
441 2452
919 2453
741 2454
2316 2455
1407 2456
2040 2457
339 2458
187 2459
516 2460
1444 2461
1030 2462
92 2463
2194 2464
2319 2465
1375 2466
902 2467
512 2468
1029 2469
1948 2470
1233 2471
1290 2472
2398 2473
1466 2474
47 2475
577 2476
1475 2477
1812 2478
1863 2479
2280 2480
2447 2481
1885 2482
2398 2483
1943 2484
920 2485
1190 2486
1599 2487
2483 2488
1863 2489
2462 2490
837 2491
1306 2492
779 2493
1816 2494
2041 2495
2161 2496
2059 2497
661 2498
694 2499
2161 2500
1535 2501
22 2502
1090 2503
1520 2504
1672 2505
1124 2506
580 2507
157 2508
396 2509
861 2510
1237 2511
2170 2512
1202 2513
144 2514
2357 2515
984 2516
2138 2517
755 2518
1629 2519
1055 2520
1871 2521
32 2522
1668 2523
2187 2524
1017 2525
2360 2526
106 2527
857 2528
1720 2529
1416 2530
160 2531
501 2532
1659 2533
1300 2534
1670 2535
1797 2536
1675 2537
1900 2538
596 2539
1777 2540
400 2541
1956 2542
591 2543
1901 2544
948 2545
2144 2546
551 2547
1506 2548
1820 2549
661 2550
28 2551
2277 2552
672 2553
200 2554
793 2555
1105 2556
1153 2557
2472 2558
2226 2559
1294 2560
1003 2561
162 2562
1143 2563
1639 2564
1895 2565
789 2566
703 2567
1644 2568
1279 2569
1474 2570
2051 2571
1570 2572
871 2573
264 2574
1872 2575
1523 2576
1869 2577
540 2578
642 2579
1918 2580
2066 2581
698 2582
1618 2583
1206 2584
1597 2585
1807 2586
41 2587
1258 2588
1988 2589
207 2590
2120 2591
601 2592
1766 2593
2288 2594
858 2595
2128 2596
1386 2597
1262 2598
2387 2599
381 2600
1251 2601
1576 2602
1957 2603
868 2604
1431 2605
387 2606
426 2607
2388 2608
1563 2609
923 2610
830 2611
2292 2612
149 2613
2258 2614
108 2615
930 2616
151 2617
730 2618
705 2619
2454 2620
1570 2621
905 2622
354 2623
1585 2624
998 2625
1970 2626
1869 2627
1779 2628
247 2629
1836 2630
1911 2631
1440 2632
971 2633
2376 2634
670 2635
1622 2636
82 2637
2395 2638
255 2639
1453 2640
1658 2641
2468 2642
2335 2643
1657 2644
487 2645
2014 2646
2231 2647
1844 2648
1111 2649
2221 2650
723 2651
2461 2652
1014 2653
281 2654
512 2655
503 2656
2247 2657
267 2658
2237 2659
2595 2660
196 2661
592 2662
1426 2663
998 2664
527 2665
1243 2666
861 2667
1961 2668
116 2669
2291 2670
175 2671
1663 2672
914 2673
515 2674
795 2675
2384 2676
41 2677
774 2678
686 2679
2676 2680
459 2681
1299 2682
2113 2683
2227 2684
620 2685
1780 2686
2216 2687
264 2688
216 2689
1942 2690
365 2691
1297 2692
1006 2693
2400 2694
600 2695
943 2696
1810 2697
3 2698
2157 2699
504 2700
108 2701
475 2702
1421 2703
52 2704
37 2705
35 2706
959 2707
2110 2708
2706 2709
982 2710
525 2711
299 2712
978 2713
633 2714
2076 2715
1978 2716
412 2717
2223 2718
542 2719
1820 2720
1184 2721
478 2722
516 2723
813 2724
1579 2725
2244 2726
2156 2727
1605 2728
2325 2729
733 2730
2359 2731
2665 2732
1210 2733
1613 2734
2350 2735
1851 2736
139 2737
1540 2738
593 2739
1958 2740
981 2741
1050 2742
829 2743
2299 2744
1894 2745
477 2746
2682 2747
2150 2748
834 2749
1488 2750
2563 2751
69 2752
2206 2753
206 2754
1613 2755
16 2756
414 2757
2192 2758
1300 2759
169 2760
588 2761
1844 2762
111 2763
1680 2764
186 2765
499 2766
224 2767
915 2768
2322 2769
943 2770
509 2771
304 2772
1331 2773
1349 2774
294 2775
998 2776
621 2777
337 2778
1901 2779
1720 2780
206 2781
850 2782
1455 2783
728 2784
2242 2785
277 2786
1267 2787
2385 2788
1763 2789
2648 2790
2428 2791
958 2792
915 2793
306 2794
1062 2795
2017 2796
2776 2797
633 2798
1329 2799
1034 2800
1758 2801
678 2802
1189 2803
457 2804
814 2805
2717 2806
1898 2807
514 2808
2179 2809
691 2810
853 2811
79 2812
1873 2813
2710 2814
566 2815
522 2816
2535 2817
148 2818
204 2819
151 2820
844 2821
2814 2822
86 2823
1524 2824
878 2825
36 2826
1700 2827
472 2828
499 2829
1604 2830
206 2831
1974 2832
2180 2833
2460 2834
1569 2835
163 2836
2094 2837
1872 2838
1345 2839
574 2840
2254 2841
2252 2842
365 2843
1866 2844
2591 2845
1023 2846
1639 2847
2371 2848
2780 2849
1528 2850
2090 2851
2421 2852
1225 2853
657 2854
808 2855
620 2856
2215 2857
1150 2858
395 2859
2468 2860
2264 2861
2671 2862
985 2863
910 2864
1139 2865
533 2866
2587 2867
1044 2868
438 2869
428 2870
1 2871
168 2872
2180 2873
845 2874
2290 2875
2399 2876
2842 2877
506 2878
25 2879
1528 2880
317 2881
667 2882
2083 2883
1870 2884
2510 2885
2079 2886
603 2887
1317 2888
824 2889
1190 2890
1365 2891
679 2892
2828 2893
733 2894
2299 2895
2001 2896
804 2897
1495 2898
1527 2899
2770 2900
2601 2901
2526 2902
1334 2903
1005 2904
2540 2905
2682 2906
1016 2907
1977 2908
1698 2909
339 2910
417 2911
178 2912
1963 2913
2674 2914
1215 2915
2322 2916
1484 2917
2234 2918
1953 2919
1015 2920
2596 2921
2410 2922
1777 2923
1114 2924
1859 2925
56 2926
1957 2927
1401 2928
2596 2929
87 2930
503 2931
578 2932
57 2933
1672 2934
2012 2935
408 2936
2271 2937
2272 2938
2143 2939
425 2940
551 2941
1759 2942
1492 2943
1495 2944
1187 2945
867 2946
2545 2947
2460 2948
2308 2949
2814 2950
357 2951
2532 2952
2364 2953
1199 2954
368 2955
1146 2956
2864 2957
965 2958
2777 2959
679 2960
494 2961
1655 2962
403 2963
1737 2964
159 2965
446 2966
2395 2967
2853 2968
2761 2969
1869 2970
798 2971
2461 2972
1760 2973
830 2974
2018 2975
478 2976
1423 2977
720 2978
1691 2979
1949 2980
1542 2981
2214 2982
582 2983
2441 2984
2942 2985
486 2986
849 2987
298 2988
2305 2989
232 2990
2048 2991
400 2992
1070 2993
396 2994
252 2995
429 2996
47 2997
1015 2998
2897 2999
2917 3000
23 3001
2187 3002
1721 3003
622 3004
1740 3005
2313 3006
828 3007
479 3008
377 3009
2934 3010
2601 3011
2468 3012
851 3013
2355 3014
2453 3015
441 3016
2245 3017
1236 3018
1689 3019
1564 3020
2457 3021
2531 3022
1784 3023
2087 3024
1776 3025
1948 3026
774 3027
733 3028
395 3029
2284 3030
2600 3031
1376 3032
2875 3033
1913 3034
135 3035
2601 3036
940 3037
2433 3038
372 3039
1327 3040
277 3041
314 3042
2778 3043
976 3044
250 3045
326 3046
2635 3047
2370 3048
1238 3049
158 3050
170 3051
875 3052
2593 3053
1323 3054
602 3055
101 3056
2213 3057
207 3058
2269 3059
2442 3060
2898 3061
1653 3062
298 3063
2658 3064
2204 3065
1921 3066
663 3067
2835 3068
2593 3069
512 3070
3039 3071
1041 3072
2677 3073
1394 3074
2158 3075
2377 3076
2937 3077
598 3078
2166 3079
2829 3080
2816 3081
120 3082
213 3083
195 3084
1869 3085
2242 3086
2179 3087
707 3088
3087 3089
3074 3090
1157 3091
1500 3092
2146 3093
1785 3094
2225 3095
973 3096
722 3097
2860 3098
3008 3099
307 3100
2389 3101
155 3102
1744 3103
2361 3104
721 3105
1535 3106
786 3107
995 3108
73 3109
1424 3110
1793 3111
699 3112
1123 3113
1514 3114
2127 3115
1167 3116
686 3117
2622 3118
2754 3119
2152 3120
184 3121
2062 3122
779 3123
1807 3124
1132 3125
2616 3126
59 3127
2309 3128
1577 3129
2840 3130
2285 3131
705 3132
1574 3133
123 3134
2915 3135
1771 3136
1246 3137
1867 3138
1669 3139
3066 3140
529 3141
2437 3142
1374 3143
127 3144
892 3145
2108 3146
137 3147
1243 3148
2254 3149
1849 3150
1855 3151
1092 3152
3118 3153
2625 3154
2568 3155
2436 3156
1592 3157
28 3158
2392 3159
3010 3160
2227 3161
562 3162
3074 3163
1421 3164
2317 3165
1691 3166
564 3167
3104 3168
1931 3169
2353 3170
3034 3171
2199 3172
1519 3173
494 3174
1979 3175
2625 3176
1681 3177
2982 3178
1982 3179
654 3180
1233 3181
2406 3182
989 3183
567 3184
2408 3185
865 3186
181 3187
1756 3188
2154 3189
2698 3190
306 3191
1806 3192
2500 3193
2771 3194
1814 3195
2953 3196
699 3197
2007 3198
674 3199
1186 3200
2998 3201
1270 3202
2767 3203
264 3204
1526 3205
2784 3206
6 3207
77 3208
471 3209
1649 3210
2163 3211
1743 3212
2710 3213
3002 3214
2260 3215
297 3216
111 3217
1933 3218
1895 3219
3147 3220
2856 3221
874 3222
561 3223
650 3224
2997 3225
415 3226
2647 3227
2343 3228
3022 3229
72 3230
2061 3231
1623 3232
1602 3233
2882 3234
740 3235
740 3236
245 3237
181 3238
368 3239
1385 3240
1528 3241
2101 3242
1945 3243
729 3244
41 3245
3241 3246
2611 3247
1928 3248
2521 3249
1712 3250
1715 3251
407 3252
2244 3253
3002 3254
777 3255
242 3256
1391 3257
832 3258
2770 3259
1400 3260
472 3261
1373 3262
1651 3263
2749 3264
375 3265
2838 3266
1223 3267
2341 3268
2332 3269
1975 3270
2974 3271
1760 3272
2309 3273
252 3274
1160 3275
2347 3276
2698 3277
2077 3278
320 3279
1208 3280
2736 3281
908 3282
2864 3283
934 3284
1221 3285
95 3286
2452 3287
2911 3288
2913 3289
717 3290
2239 3291
1151 3292
516 3293
851 3294
953 3295
2679 3296
1022 3297
2168 3298
284 3299
1031 3300
1662 3301
1562 3302
2919 3303
541 3304
1402 3305
239 3306
725 3307
3223 3308
2384 3309
773 3310
2914 3311
2016 3312
1635 3313
3201 3314
1995 3315
1513 3316
3233 3317
1238 3318
968 3319
763 3320
3296 3321
1186 3322
941 3323
133 3324
1891 3325
732 3326
313 3327
203 3328
1486 3329
683 3330
2547 3331
897 3332
637 3333
1214 3334
1261 3335
2029 3336
2288 3337
1506 3338
2022 3339
849 3340
23 3341
2973 3342
2146 3343
2684 3344
909 3345
2691 3346
707 3347
198 3348
2013 3349
1249 3350
257 3351
1941 3352
2740 3353
138 3354
720 3355
2738 3356
1049 3357
2784 3358
958 3359
173 3360
2789 3361
3287 3362
725 3363
2379 3364
1792 3365
2342 3366
49 3367
2440 3368
391 3369
2098 3370
953 3371
2050 3372
2663 3373
353 3374
84 3375
656 3376
541 3377
859 3378
213 3379
8 3380
2865 3381
2067 3382
2211 3383
1449 3384
118 3385
192 3386
1520 3387
734 3388
948 3389
3009 3390
969 3391
2965 3392
1054 3393
2429 3394
949 3395
1140 3396
2385 3397
247 3398
1437 3399
1990 3400
839 3401
1117 3402
310 3403
1714 3404
2990 3405
750 3406
2174 3407
2461 3408
1024 3409
1698 3410
1522 3411
885 3412
2758 3413
3342 3414
2570 3415
501 3416
3297 3417
1218 3418
1452 3419
193 3420
1521 3421
2351 3422
259 3423
264 3424
2866 3425
1577 3426
1129 3427
3207 3428
683 3429
1372 3430
2834 3431
2275 3432
1942 3433
547 3434
955 3435
2149 3436
613 3437
1929 3438
3057 3439
1443 3440
797 3441
823 3442
2777 3443
3309 3444
1135 3445
1854 3446
2532 3447
2603 3448
1111 3449
2963 3450
1984 3451
3 3452
558 3453
3327 3454
3300 3455
206 3456
2885 3457
1396 3458
1548 3459
121 3460
877 3461
1960 3462
1022 3463
676 3464
2808 3465
984 3466
2590 3467
282 3468
515 3469
1146 3470
3263 3471
285 3472
1309 3473
436 3474
1213 3475
937 3476
1879 3477
1830 3478
1021 3479
577 3480
903 3481
2333 3482
1331 3483
3138 3484
929 3485
1465 3486
913 3487
2456 3488
957 3489
2382 3490
1230 3491
2022 3492
1033 3493
170 3494
269 3495
1396 3496
1160 3497
714 3498
3221 3499
1806 3500
128 3501
1010 3502
1543 3503
2801 3504
1733 3505
166 3506
2225 3507
2549 3508
1105 3509
160 3510
1863 3511
2058 3512
2827 3513
1665 3514
3136 3515
3405 3516
2595 3517
1955 3518
1079 3519
3497 3520
925 3521
2356 3522
525 3523
2833 3524
2789 3525
94 3526
2154 3527
1640 3528
1472 3529
855 3530
40 3531
2193 3532
1192 3533
1653 3534
2980 3535
292 3536
817 3537
1999 3538
667 3539
2618 3540
2230 3541
755 3542
976 3543
304 3544
2616 3545
631 3546
2293 3547
210 3548
3022 3549
3469 3550
3005 3551
1193 3552
1872 3553
394 3554
934 3555
520 3556
3190 3557
2301 3558
1749 3559
303 3560
2745 3561
393 3562
2090 3563
2282 3564
1787 3565
1109 3566
3546 3567
3361 3568
3279 3569
1646 3570
1056 3571
1450 3572
176 3573
678 3574
3489 3575
2820 3576
1638 3577
3048 3578
1216 3579
3278 3580
2037 3581
1916 3582
2532 3583
797 3584
3164 3585
3524 3586
2184 3587
1869 3588
2799 3589
2265 3590
3264 3591
2181 3592
1248 3593
1027 3594
3519 3595
3221 3596
2875 3597
1172 3598
812 3599
694 3600
332 3601
246 3602
2418 3603
2050 3604
2718 3605
532 3606
1086 3607
2431 3608
504 3609
3133 3610
1751 3611
2535 3612
1647 3613
1953 3614
3506 3615
1444 3616
1709 3617
615 3618
474 3619
2407 3620
1465 3621
3174 3622
3535 3623
1128 3624
744 3625
580 3626
2549 3627
566 3628
945 3629
1826 3630
2838 3631
1064 3632
3602 3633
594 3634
261 3635
3604 3636
39 3637
3572 3638
956 3639
2449 3640
383 3641
2239 3642
2639 3643
844 3644
1979 3645
1408 3646
315 3647
282 3648
1555 3649
1002 3650
79 3651
1328 3652
1067 3653
153 3654
1991 3655
1531 3656
1027 3657
628 3658
3019 3659
13 3660
2784 3661
3256 3662
2817 3663
3482 3664
23 3665
2308 3666
3150 3667
1360 3668
1017 3669
3661 3670
867 3671
768 3672
425 3673
3521 3674
1532 3675
982 3676
588 3677
2192 3678
2705 3679
3231 3680
2125 3681
904 3682
3243 3683
2679 3684
1588 3685
1658 3686
1353 3687
938 3688
1321 3689
3577 3690
2210 3691
1880 3692
1304 3693
172 3694
69 3695
2273 3696
2232 3697
948 3698
2012 3699
3398 3700
635 3701
737 3702
2631 3703
2315 3704
3650 3705
1290 3706
2817 3707
2908 3708
3585 3709
1432 3710
236 3711
1264 3712
2939 3713
1744 3714
2239 3715
241 3716
272 3717
1823 3718
2123 3719
2965 3720
1576 3721
906 3722
1073 3723
872 3724
1541 3725
2770 3726
2516 3727
631 3728
3422 3729
61 3730
1274 3731
850 3732
2078 3733
1463 3734
1223 3735
626 3736
3116 3737
471 3738
2723 3739
1689 3740
2357 3741
2489 3742
572 3743
1997 3744
2175 3745
120 3746
2301 3747
3740 3748
3506 3749
3184 3750
1601 3751
1437 3752
2315 3753
8 3754
1563 3755
1757 3756
224 3757
732 3758
3568 3759
583 3760
2698 3761
663 3762
620 3763
1628 3764
2476 3765
1108 3766
385 3767
329 3768
3596 3769
3271 3770
2240 3771
770 3772
2963 3773
2219 3774
1447 3775
109 3776
3708 3777
2122 3778
1951 3779
1068 3780
874 3781
3042 3782
18 3783
1737 3784
1899 3785
3076 3786
2625 3787
300 3788
1260 3789
1697 3790
3767 3791
3231 3792
2830 3793
567 3794
1018 3795
2679 3796
2649 3797
3655 3798
3464 3799
1735 3800
1322 3801
246 3802
1337 3803
822 3804
2808 3805
3739 3806
296 3807
3699 3808
1221 3809
1822 3810
552 3811
2453 3812
500 3813
1715 3814
743 3815
305 3816
917 3817
1682 3818
2643 3819
2045 3820
2680 3821
1390 3822
2215 3823
2557 3824
308 3825
3600 3826
3373 3827
385 3828
1077 3829
708 3830
3202 3831
2537 3832
1930 3833
2114 3834
903 3835
1316 3836
1734 3837
1005 3838
1416 3839
444 3840
252 3841
309 3842
2238 3843
3296 3844
3374 3845
3724 3846
3606 3847
2373 3848
709 3849
969 3850
3662 3851
3494 3852
2421 3853
276 3854
1704 3855
3551 3856
328 3857
2702 3858
516 3859
3252 3860
561 3861
1825 3862
912 3863
2831 3864
3036 3865
3280 3866
1403 3867
422 3868
1547 3869
2579 3870
3638 3871
3840 3872
2156 3873
199 3874
490 3875
3138 3876
3026 3877
1687 3878
480 3879
3096 3880
1391 3881
2753 3882
940 3883
2317 3884
2157 3885
1229 3886
641 3887
1495 3888
2604 3889
2384 3890
555 3891
2286 3892
2150 3893
1380 3894
101 3895
216 3896
2090 3897
2686 3898
370 3899
2826 3900
233 3901
2179 3902
1488 3903
2710 3904
1974 3905
2745 3906
3238 3907
952 3908
3874 3909
3364 3910
2758 3911
2376 3912
3477 3913
987 3914
3904 3915
2228 3916
3769 3917
2665 3918
3741 3919
2771 3920
3430 3921
785 3922
498 3923
324 3924
1136 3925
1275 3926
3572 3927
3020 3928
241 3929
127 3930
98 3931
1042 3932
2420 3933
2141 3934
705 3935
778 3936
3643 3937
3160 3938
1566 3939
1790 3940
482 3941
2553 3942
3521 3943
1996 3944
1579 3945
1539 3946
661 3947
2236 3948
2411 3949
3166 3950
2603 3951
3940 3952
2917 3953
875 3954
2352 3955
1478 3956
2184 3957
1434 3958
1943 3959
659 3960
1810 3961
2320 3962
735 3963
2969 3964
2644 3965
177 3966
2371 3967
2054 3968
1782 3969
3536 3970
1732 3971
3738 3972
1875 3973
3648 3974
3092 3975
1009 3976
864 3977
2933 3978
1998 3979
837 3980
1008 3981
3148 3982
987 3983
497 3984
3357 3985
3113 3986
3530 3987
2001 3988
2567 3989
2101 3990
2197 3991
2500 3992
994 3993
1309 3994
531 3995
3592 3996
455 3997
1784 3998
3123 3999
81 4000
3828 4001
1540 4002
3056 4003
658 4004
3146 4005
2982 4006
3925 4007
3174 4008
2143 4009
3003 4010
83 4011
603 4012
3604 4013
2478 4014
166 4015
2294 4016
2700 4017
2273 4018
2239 4019
47 4020
2640 4021
3476 4022
416 4023
3519 4024
971 4025
511 4026
1251 4027
817 4028
1722 4029
1830 4030
3106 4031
582 4032
1851 4033
1422 4034
2425 4035
3813 4036
3685 4037
3894 4038
3538 4039
1080 4040
1843 4041
1623 4042
460 4043
2824 4044
1043 4045
307 4046
1971 4047
255 4048
166 4049
3650 4050
3098 4051
2787 4052
1816 4053
3112 4054
1904 4055
1114 4056
562 4057
871 4058
2295 4059
3805 4060
3103 4061
3727 4062
425 4063
2916 4064
1776 4065
3323 4066
1878 4067
2438 4068
1725 4069
3118 4070
1304 4071
1210 4072
809 4073
1693 4074
2499 4075
1415 4076
35 4077
3931 4078
1629 4079
755 4080
1535 4081
43 4082
1382 4083
3364 4084
701 4085
3655 4086
3166 4087
1926 4088
1783 4089
3101 4090
1512 4091
1744 4092
1692 4093
1149 4094
44 4095
3496 4096
3496 4097
3714 4098
1457 4099
2345 4100
2159 4101
4004 4102
3509 4103
2660 4104
319 4105
3120 4106
2956 4107
493 4108
2631 4109
1359 4110
3664 4111
2054 4112
679 4113
2944 4114
3623 4115
3696 4116
3193 4117
3108 4118
3557 4119
2782 4120
376 4121
3937 4122
3672 4123
3358 4124
629 4125
2791 4126
3726 4127
101 4128
2097 4129
1410 4130
4 4131
2515 4132
3182 4133
3106 4134
132 4135
2384 4136
2375 4137
3422 4138
76 4139
1889 4140
873 4141
804 4142
1421 4143
237 4144
1764 4145
2667 4146
3898 4147
2690 4148
3368 4149
733 4150
3772 4151
1441 4152
2266 4153
812 4154
1202 4155
528 4156
3779 4157
265 4158
1491 4159
910 4160
1519 4161
1348 4162
276 4163
1663 4164
404 4165
2508 4166
2011 4167
4127 4168
1712 4169
2436 4170
1922 4171
1694 4172
2374 4173
636 4174
3509 4175
1153 4176
448 4177
992 4178
2423 4179
3115 4180
3053 4181
2029 4182
1503 4183
1999 4184
2933 4185
3487 4186
806 4187
256 4188
1950 4189
1182 4190
2763 4191
2544 4192
3386 4193
2413 4194
1299 4195
1200 4196
3176 4197
52 4198
4139 4199
4047 4200
2008 4201
2430 4202
492 4203
1116 4204
3098 4205
799 4206
657 4207
4019 4208
2221 4209
1183 4210
1267 4211
903 4212
2478 4213
2161 4214
2079 4215
2116 4216
2782 4217
2705 4218
2436 4219
2974 4220
2913 4221
2325 4222
2670 4223
1670 4224
645 4225
3735 4226
523 4227
3906 4228
1427 4229
2285 4230
2752 4231
597 4232
2013 4233
801 4234
595 4235
3128 4236
3415 4237
1082 4238
2907 4239
344 4240
1177 4241
885 4242
2990 4243
1725 4244
3420 4245
2001 4246
459 4247
1304 4248
990 4249
3678 4250
1532 4251
3486 4252
3050 4253
3219 4254
922 4255
2177 4256
2111 4257
665 4258
1443 4259
3167 4260
460 4261
2775 4262
944 4263
3243 4264
1270 4265
4046 4266
3841 4267
633 4268
1844 4269
1777 4270
712 4271
3792 4272
1192 4273
381 4274
555 4275
4156 4276
1177 4277
2360 4278
2748 4279
3013 4280
865 4281
1031 4282
3361 4283
4148 4284
3783 4285
3234 4286
875 4287
3961 4288
3776 4289
1235 4290
2152 4291
1419 4292
2367 4293
1713 4294
1732 4295
459 4296
3599 4297
103 4298
1379 4299
1454 4300
823 4301
3896 4302
2157 4303
1967 4304
2522 4305
3237 4306
1249 4307
71 4308
3766 4309
3119 4310
1971 4311
1518 4312
1241 4313
2095 4314
20 4315
2195 4316
94 4317
1350 4318
1321 4319
3460 4320
3501 4321
543 4322
1446 4323
2660 4324
4257 4325
1470 4326
1298 4327
449 4328
956 4329
2149 4330
732 4331
2738 4332
1381 4333
2098 4334
3999 4335
3389 4336
2942 4337
3276 4338
1606 4339
2891 4340
3869 4341
1673 4342
1455 4343
2862 4344
489 4345
3926 4346
1375 4347
2929 4348
3017 4349
3877 4350
1603 4351
1485 4352
3482 4353
3725 4354
3261 4355
2372 4356
703 4357
1282 4358
4106 4359
2246 4360
2709 4361
1970 4362
4213 4363
3536 4364
3773 4365
2184 4366
2014 4367
2801 4368
1424 4369
2861 4370
40 4371
3598 4372
3158 4373
3409 4374
2034 4375
40 4376
3786 4377
2020 4378
1061 4379
1375 4380
2549 4381
1182 4382
1877 4383
435 4384
884 4385
1 4386
3576 4387
2552 4388
3053 4389
3489 4390
3546 4391
1523 4392
1913 4393
3535 4394
865 4395
692 4396
611 4397
3601 4398
4151 4399
4013 4400
1108 4401
4372 4402
3162 4403
2240 4404
112 4405
2219 4406
3643 4407
1067 4408
2176 4409
1604 4410
1042 4411
924 4412
1606 4413
4152 4414
2741 4415
3371 4416
3211 4417
3413 4418
3531 4419
4075 4420
1308 4421
3227 4422
2501 4423
1627 4424
2014 4425
1606 4426
429 4427
189 4428
2006 4429
1785 4430
2409 4431
3033 4432
3768 4433
1462 4434
836 4435
1219 4436
2934 4437
2627 4438
1507 4439
3042 4440
733 4441
3497 4442
1378 4443
1878 4444
2284 4445
3596 4446
2424 4447
1238 4448
3680 4449
624 4450
3502 4451
622 4452
4190 4453
2705 4454
3082 4455
1116 4456
80 4457
668 4458
4007 4459
3407 4460
853 4461
1689 4462
2899 4463
3273 4464
3540 4465
1986 4466
2163 4467
3026 4468
3403 4469
1331 4470
3210 4471
3694 4472
802 4473
738 4474
2819 4475
3261 4476
4210 4477
1631 4478
2876 4479
2700 4480
2458 4481
4406 4482
1740 4483
3624 4484
1508 4485
459 4486
1963 4487
2374 4488
1408 4489
3165 4490
2123 4491
776 4492
1449 4493
1184 4494
358 4495
4257 4496
3414 4497
1136 4498
1456 4499
3227 4500
2885 4501
3082 4502
786 4503
3527 4504
2556 4505
2105 4506
3254 4507
1713 4508
3373 4509
456 4510
1497 4511
4333 4512
2610 4513
3819 4514
4355 4515
2898 4516
2801 4517
641 4518
2160 4519
157 4520
3982 4521
86 4522
3822 4523
990 4524
3584 4525
3461 4526
4061 4527
4211 4528
3767 4529
1584 4530
2148 4531
1727 4532
1898 4533
3760 4534
1171 4535
913 4536
2525 4537
2130 4538
1268 4539
3481 4540
349 4541
334 4542
1044 4543
208 4544
3859 4545
3850 4546
1456 4547
83 4548
492 4549
1493 4550
1974 4551
3640 4552
3481 4553
3490 4554
4008 4555
3814 4556
3272 4557
2611 4558
4092 4559
342 4560
935 4561
1368 4562
4446 4563
4444 4564
680 4565
1651 4566
1586 4567
1002 4568
1093 4569
1828 4570
2541 4571
674 4572
1711 4573
2963 4574
204 4575
1310 4576
879 4577
3021 4578
3947 4579
2 4580
4026 4581
2498 4582
4038 4583
1239 4584
3488 4585
2869 4586
279 4587
3401 4588
2336 4589
2781 4590
1002 4591
3431 4592
1256 4593
3931 4594
1726 4595
2303 4596
420 4597
422 4598
3302 4599
1324 4600
657 4601
2858 4602
4447 4603
4249 4604
4090 4605
440 4606
1041 4607
2883 4608
4577 4609
2056 4610
2089 4611
2742 4612
1567 4613
2936 4614
1209 4615
594 4616
1898 4617
4203 4618
1130 4619
1082 4620
115 4621
1707 4622
1071 4623
4049 4624
1281 4625
2887 4626
171 4627
386 4628
1248 4629
2605 4630
2456 4631
2738 4632
3754 4633
723 4634
1442 4635
1374 4636
3321 4637
1354 4638
3510 4639
987 4640
3949 4641
2890 4642
3419 4643
3565 4644
2835 4645
1457 4646
2262 4647
204 4648
819 4649
1659 4650
3429 4651
1553 4652
3558 4653
3489 4654
4060 4655
1867 4656
2108 4657
752 4658
2275 4659
1922 4660
2125 4661
4092 4662
3056 4663
2565 4664
1259 4665
1075 4666
4165 4667
3483 4668
3265 4669
1182 4670
1221 4671
2133 4672
1972 4673
46 4674
1669 4675
998 4676
1389 4677
2827 4678
3966 4679
1067 4680
2830 4681
4381 4682
1645 4683
2834 4684
3367 4685
3379 4686
1432 4687
133 4688
1935 4689
3938 4690
3254 4691
2506 4692
1614 4693
2166 4694
4275 4695
1628 4696
4675 4697
1893 4698
2019 4699
4361 4700
1230 4701
2854 4702
431 4703
1486 4704
402 4705
3623 4706
2541 4707
4653 4708
4646 4709
4348 4710
2870 4711
1421 4712
2251 4713
4405 4714
335 4715
2780 4716
3327 4717
4667 4718
2290 4719
3129 4720
1341 4721
109 4722
3823 4723
86 4724
920 4725
1067 4726
2830 4727
469 4728
3338 4729
1100 4730
2490 4731
498 4732
4167 4733
2914 4734
1627 4735
282 4736
1437 4737
3925 4738
386 4739
139 4740
3469 4741
2572 4742
2 4743
4537 4744
1713 4745
3453 4746
2984 4747
4734 4748
4461 4749
2316 4750
1223 4751
3087 4752
103 4753
2201 4754
4449 4755
2349 4756
864 4757
3117 4758
3633 4759
2950 4760
1330 4761
66 4762
3085 4763
4762 4764
280 4765
2187 4766
1743 4767
2981 4768
4029 4769
3217 4770
2307 4771
202 4772
1352 4773
1515 4774
739 4775
1085 4776
57 4777
371 4778
1999 4779
3932 4780
1196 4781
329 4782
2627 4783
452 4784
1209 4785
815 4786
3683 4787
3262 4788
332 4789
3309 4790
2824 4791
4408 4792
125 4793
784 4794
872 4795
727 4796
3112 4797
3987 4798
1464 4799
2391 4800
526 4801
2816 4802
967 4803
3607 4804
2454 4805
2443 4806
764 4807
4769 4808
271 4809
3057 4810
929 4811
3364 4812
3547 4813
1978 4814
4438 4815
4085 4816
3907 4817
4253 4818
1829 4819
2201 4820
2931 4821
1779 4822
769 4823
3133 4824
3774 4825
3117 4826
1428 4827
2501 4828
736 4829
31 4830
1795 4831
1855 4832
629 4833
1603 4834
1627 4835
250 4836
3494 4837
1437 4838
4420 4839
2595 4840
3782 4841
2446 4842
1300 4843
3802 4844
242 4845
2386 4846
1799 4847
4017 4848
3660 4849
3646 4850
101 4851
4281 4852
1010 4853
2460 4854
3288 4855
2949 4856
4797 4857
1574 4858
4199 4859
969 4860
344 4861
496 4862
3436 4863
2874 4864
1952 4865
1491 4866
950 4867
1830 4868
2873 4869
4772 4870
2725 4871
422 4872
3123 4873
4285 4874
2828 4875
2053 4876
2631 4877
2972 4878
3427 4879
2856 4880
1783 4881
205 4882
1847 4883
144 4884
3176 4885
702 4886
1769 4887
1198 4888
2 4889
4098 4890
4361 4891
3836 4892
282 4893
1475 4894
2720 4895
1668 4896
1416 4897
3210 4898
1660 4899
1776 4900
349 4901
1806 4902
3347 4903
3826 4904
3212 4905
4782 4906
2872 4907
2542 4908
3254 4909
2547 4910
1684 4911
786 4912
4411 4913
425 4914
2020 4915
4225 4916
3678 4917
1211 4918
2974 4919
3285 4920
37 4921
2873 4922
4893 4923
1271 4924
3413 4925
1190 4926
1784 4927
2558 4928
217 4929
1184 4930
3133 4931
4763 4932
2976 4933
2992 4934
4459 4935
3983 4936
4111 4937
2551 4938
2690 4939
3646 4940
3268 4941
3153 4942
2085 4943
1986 4944
2038 4945
4319 4946
3503 4947
4642 4948
2777 4949
4070 4950
3730 4951
3600 4952
2349 4953
4128 4954
4556 4955
1398 4956
1848 4957
609 4958
3380 4959
2005 4960
4427 4961
2673 4962
1600 4963
2843 4964
4248 4965
4232 4966
4726 4967
825 4968
4056 4969
884 4970
4154 4971
1794 4972
3957 4973
3743 4974
352 4975
2182 4976
1977 4977
1092 4978
3542 4979
2294 4980
3134 4981
1830 4982
4525 4983
3507 4984
2627 4985
2519 4986
4032 4987
1669 4988
3505 4989
737 4990
2313 4991
2812 4992
3861 4993
1528 4994
3824 4995
2009 4996
489 4997
4264 4998
1910 4999
1010 5000
4047 5001
1804 5002
4863 5003
4554 5004
3944 5005
2682 5006
3492 5007
3985 5008
849 5009
2251 5010
2934 5011
1646 5012
3150 5013
4449 5014
4528 5015
4700 5016
2996 5017
802 5018
4621 5019
3946 5020
956 5021
2026 5022
1057 5023
4398 5024
2533 5025
2853 5026
2013 5027
1126 5028
5010 5029
3152 5030
4274 5031
1308 5032
2640 5033
1490 5034
1595 5035
356 5036
3437 5037
255 5038
4896 5039
770 5040
4175 5041
2044 5042
2125 5043
2737 5044
4842 5045
2098 5046
723 5047
1286 5048
4065 5049
3662 5050
1373 5051
4 5052
257 5053
2902 5054
4722 5055
1265 5056
4415 5057
2875 5058
4385 5059
619 5060
3452 5061
901 5062
2349 5063
1551 5064
4091 5065
3987 5066
981 5067
3678 5068
2873 5069
541 5070
2123 5071
384 5072
1796 5073
413 5074
867 5075
3436 5076
1857 5077
3835 5078
129 5079
1721 5080
99 5081
4637 5082
4520 5083
2143 5084
5021 5085
580 5086
4467 5087
725 5088
4470 5089
2360 5090
4435 5091
4747 5092
4188 5093
4846 5094
1614 5095
962 5096
4238 5097
1361 5098
195 5099
1912 5100
2348 5101
4477 5102
830 5103
4655 5104
2881 5105
2300 5106
2539 5107
528 5108
240 5109
2019 5110
3287 5111
4439 5112
4811 5113
4068 5114
15 5115
1329 5116
68 5117
2149 5118
1613 5119
5107 5120
3260 5121
597 5122
4405 5123
3165 5124
3800 5125
173 5126
4270 5127
5058 5128
4245 5129
1864 5130
1757 5131
4929 5132
888 5133
1269 5134
4684 5135
4165 5136
1737 5137
2159 5138
3878 5139
478 5140
1676 5141
4874 5142
4184 5143
1745 5144
1455 5145
2614 5146
4406 5147
1336 5148
4409 5149
1976 5150
729 5151
956 5152
4601 5153
3126 5154
4139 5155
3032 5156
2921 5157
3992 5158
3040 5159
334 5160
3465 5161
2317 5162
4555 5163
377 5164
1114 5165
2534 5166
1416 5167
2428 5168
1191 5169
3334 5170
3568 5171
33 5172
1828 5173
340 5174
744 5175
3755 5176
2719 5177
4406 5178
4675 5179
1889 5180
2331 5181
4536 5182
1609 5183
814 5184
4958 5185
1482 5186
439 5187
5173 5188
3400 5189
1492 5190
299 5191
4875 5192
232 5193
2946 5194
5011 5195
3165 5196
4927 5197
1021 5198
3416 5199
1425 5200
1717 5201
3462 5202
1660 5203
245 5204
2925 5205
909 5206
4521 5207
2246 5208
505 5209
3853 5210
2523 5211
430 5212
5092 5213
545 5214
195 5215
287 5216
4728 5217
2351 5218
3646 5219
947 5220
119 5221
4508 5222
4075 5223
2963 5224
4122 5225
1242 5226
1876 5227
3452 5228
4935 5229
511 5230
221 5231
38 5232
4848 5233
5214 5234
5027 5235
4887 5236
1342 5237
2427 5238
455 5239
1022 5240
3740 5241
1421 5242
2975 5243
644 5244
5041 5245
3973 5246
2881 5247
3315 5248
5180 5249
1405 5250
4196 5251
2744 5252
4491 5253
1846 5254
325 5255
2511 5256
3194 5257
3473 5258
1735 5259
2353 5260
1227 5261
4665 5262
1543 5263
3475 5264
3624 5265
2596 5266
1612 5267
3008 5268
1400 5269
861 5270
4591 5271
881 5272
1666 5273
4449 5274
1494 5275
578 5276
3630 5277
2325 5278
4608 5279
3414 5280
2955 5281
2353 5282
4685 5283
2705 5284
3056 5285
2841 5286
4552 5287
1204 5288
4943 5289
1905 5290
4249 5291
4176 5292
1615 5293
2141 5294
1005 5295
2149 5296
2772 5297
848 5298
3050 5299
236 5300
4568 5301
2943 5302
486 5303
1933 5304
1215 5305
1380 5306
3792 5307
4733 5308
2729 5309
4802 5310
4209 5311
4338 5312
4714 5313
2257 5314
954 5315
4808 5316
545 5317
2121 5318
4064 5319
3195 5320
1804 5321
2224 5322
1381 5323
2240 5324
3533 5325
5030 5326
561 5327
4168 5328
348 5329
4650 5330
4100 5331
1320 5332
1337 5333
635 5334
496 5335
3416 5336
2603 5337
4133 5338
2963 5339
757 5340
3895 5341
853 5342
1969 5343
4628 5344
5187 5345
476 5346
41 5347
1206 5348
3181 5349
2615 5350
918 5351
4562 5352
2195 5353
2070 5354
5104 5355
4370 5356
4396 5357
4788 5358
2599 5359
4644 5360
255 5361
2791 5362
3604 5363
4335 5364
3247 5365
4912 5366
3134 5367
1680 5368
3978 5369
5360 5370
1459 5371
3284 5372
4960 5373
1576 5374
4604 5375
663 5376
1494 5377
3542 5378
1144 5379
3804 5380
418 5381
4683 5382
4248 5383
2330 5384
2999 5385
2492 5386
1010 5387
4676 5388
1769 5389
1286 5390
2199 5391
4713 5392
1136 5393
2222 5394
662 5395
4245 5396
1654 5397
2957 5398
4164 5399
5120 5400
4989 5401
3464 5402
5012 5403
4798 5404
685 5405
1862 5406
976 5407
2489 5408
938 5409
5167 5410
1884 5411
4106 5412
3602 5413
1895 5414
2669 5415
1598 5416
3178 5417
3714 5418
2440 5419
185 5420
5056 5421
5375 5422
5161 5423
3292 5424
17 5425
648 5426
4033 5427
2321 5428
2635 5429
1458 5430
4427 5431
5292 5432
857 5433
3855 5434
37 5435
314 5436
1506 5437
1716 5438
5045 5439
3988 5440
2003 5441
4385 5442
2163 5443
571 5444
63 5445
4959 5446
1821 5447
1489 5448
486 5449
3068 5450
4297 5451
1911 5452
5334 5453
5118 5454
4029 5455
2262 5456
2445 5457
3303 5458
4786 5459
3933 5460
1593 5461
236 5462
2035 5463
2109 5464
1393 5465
2149 5466
4584 5467
4672 5468
4490 5469
2644 5470
4383 5471
4527 5472
915 5473
2385 5474
3737 5475
833 5476
1680 5477
1343 5478
1291 5479
3724 5480
628 5481
2018 5482
2405 5483
1523 5484
3763 5485
3164 5486
969 5487
2254 5488
2931 5489
537 5490
1 5491
577 5492
5098 5493
2433 5494
365 5495
3251 5496
244 5497
2869 5498
1762 5499
810 5500
35 5501
4894 5502
4179 5503
175 5504
5369 5505
1825 5506
2366 5507
531 5508
95 5509
1833 5510
2546 5511
5370 5512
1384 5513
1762 5514
3027 5515
3490 5516
1347 5517
4070 5518
3605 5519
1183 5520
2527 5521
4225 5522
319 5523
2047 5524
3943 5525
2837 5526
211 5527
1504 5528
3283 5529
1921 5530
3791 5531
1767 5532
3683 5533
545 5534
5193 5535
920 5536
4475 5537
1682 5538
5459 5539
639 5540
2612 5541
2322 5542
3010 5543
4037 5544
634 5545
2393 5546
4179 5547
3077 5548
311 5549
2243 5550
4285 5551
5019 5552
4579 5553
4026 5554
1677 5555
4185 5556
2721 5557
3484 5558
2849 5559
2501 5560
589 5561
314 5562
2378 5563
2679 5564
378 5565
54 5566
625 5567
1797 5568
2097 5569
4149 5570
2056 5571
4125 5572
4929 5573
4084 5574
3762 5575
5341 5576
3350 5577
2729 5578
5200 5579
3131 5580
4389 5581
789 5582
5535 5583
258 5584
1246 5585
2405 5586
4381 5587
4354 5588
75 5589
3397 5590
1373 5591
2442 5592
2321 5593
3967 5594
2345 5595
3737 5596
2787 5597
2883 5598
1130 5599
3967 5600
4844 5601
3566 5602
3812 5603
3161 5604
3714 5605
3922 5606
1190 5607
3338 5608
2059 5609
633 5610
3423 5611
4771 5612
3872 5613
3793 5614
342 5615
3724 5616
1172 5617
4271 5618
161 5619
737 5620
2177 5621
2868 5622
3416 5623
1363 5624
1433 5625
213 5626
1424 5627
5612 5628
1586 5629
1501 5630
2915 5631
5120 5632
4117 5633
3528 5634
3947 5635
4109 5636
997 5637
2982 5638
1974 5639
4624 5640
1686 5641
679 5642
2777 5643
3325 5644
4358 5645
3186 5646
1574 5647
1473 5648
1741 5649
3742 5650
245 5651
4804 5652
2280 5653
381 5654
5274 5655
4947 5656
1859 5657
1954 5658
4970 5659
5148 5660
2659 5661
3297 5662
21 5663
1866 5664
2731 5665
1007 5666
4318 5667
2529 5668
849 5669
2979 5670
3958 5671
1123 5672
5009 5673
5188 5674
1076 5675
1517 5676
2805 5677
2347 5678
2295 5679
5195 5680
1859 5681
4850 5682
3156 5683
4568 5684
4875 5685
4188 5686
4247 5687
2090 5688
810 5689
875 5690
3754 5691
5305 5692
4279 5693
1621 5694
1725 5695
371 5696
3154 5697
314 5698
4582 5699
1373 5700
2878 5701
1421 5702
1983 5703
2491 5704
1371 5705
2211 5706
568 5707
4471 5708
2836 5709
3170 5710
1182 5711
2538 5712
4379 5713
4558 5714
2684 5715
3379 5716
5515 5717
4881 5718
5258 5719
4252 5720
4300 5721
2743 5722
2504 5723
5436 5724
415 5725
3867 5726
377 5727
1749 5728
3492 5729
4322 5730
5007 5731
2621 5732
316 5733
3124 5734
2805 5735
2531 5736
389 5737
3326 5738
2790 5739
5480 5740
4874 5741
4038 5742
4296 5743
247 5744
2186 5745
4484 5746
4162 5747
3981 5748
1279 5749
2650 5750
5515 5751
544 5752
1684 5753
4564 5754
889 5755
610 5756
52 5757
5007 5758
3186 5759
4334 5760
234 5761
4001 5762
3860 5763
4183 5764
4290 5765
5145 5766
1152 5767
3418 5768
4428 5769
486 5770
790 5771
2450 5772
5585 5773
121 5774
3220 5775
136 5776
1478 5777
2273 5778
2424 5779
5753 5780
2447 5781
3428 5782
1964 5783
5398 5784
2734 5785
3867 5786
2508 5787
2658 5788
3183 5789
3239 5790
2527 5791
1300 5792
2487 5793
2482 5794
5704 5795
4473 5796
177 5797
1739 5798
1050 5799
5746 5800
5168 5801
4960 5802
4251 5803
107 5804
3098 5805
3689 5806
4387 5807
1345 5808
1452 5809
1597 5810
5379 5811
4216 5812
5339 5813
3266 5814
1420 5815
1770 5816
2399 5817
153 5818
179 5819
5096 5820
3597 5821
2402 5822
498 5823
2251 5824
713 5825
3981 5826
505 5827
4412 5828
1943 5829
1708 5830
509 5831
2138 5832
5636 5833
1924 5834
3663 5835
4492 5836
1042 5837
277 5838
325 5839
220 5840
2525 5841
2094 5842
5709 5843
758 5844
5397 5845
2557 5846
5549 5847
3867 5848
1399 5849
5748 5850
808 5851
1788 5852
2685 5853
4632 5854
2210 5855
456 5856
1205 5857
3834 5858
5532 5859
3600 5860
3917 5861
4152 5862
2080 5863
5044 5864
2157 5865
4385 5866
4872 5867
1946 5868
468 5869
4303 5870
618 5871
2553 5872
2011 5873
1453 5874
3808 5875
3604 5876
535 5877
1158 5878
5749 5879
1632 5880
3891 5881
4869 5882
289 5883
5387 5884
1925 5885
5162 5886
4461 5887
909 5888
1127 5889
204 5890
5034 5891
2074 5892
3724 5893
1361 5894
5883 5895
4998 5896
5593 5897
1931 5898
3638 5899
1976 5900
5562 5901
4075 5902
4181 5903
5161 5904
5222 5905
5809 5906
862 5907
5232 5908
2207 5909
4620 5910
5711 5911
2551 5912
4412 5913
4971 5914
2424 5915
5041 5916
1535 5917
1804 5918
2579 5919
4211 5920
5543 5921
1034 5922
3879 5923
1097 5924
5896 5925
3350 5926
1592 5927
3351 5928
4315 5929
5090 5930
2354 5931
2132 5932
914 5933
3621 5934
1091 5935
5681 5936
4239 5937
4376 5938
2722 5939
954 5940
1056 5941
2563 5942
4483 5943
4413 5944
3162 5945
948 5946
5349 5947
2403 5948
1683 5949
2038 5950
194 5951
3052 5952
4373 5953
3293 5954
1626 5955
5291 5956
5798 5957
5510 5958
1814 5959
150 5960
322 5961
3409 5962
4816 5963
1088 5964
2987 5965
5904 5966
569 5967
660 5968
4317 5969
4392 5970
5205 5971
5622 5972
5762 5973
5077 5974
2259 5975
365 5976
276 5977
3540 5978
3743 5979
3367 5980
4916 5981
4401 5982
626 5983
336 5984
2856 5985
3436 5986
4146 5987
3847 5988
2409 5989
1032 5990
826 5991
5058 5992
441 5993
460 5994
3290 5995
468 5996
4162 5997
2104 5998
4865 5999
3700 6000
3294 6001
3238 6002
4736 6003
2582 6004
5136 6005
5788 6006
2422 6007
2710 6008
650 6009
5583 6010
5931 6011
3762 6012
4955 6013
1209 6014
3135 6015
4335 6016
3926 6017
3905 6018
2035 6019
2719 6020
2984 6021
5358 6022
114 6023
4177 6024
384 6025
745 6026
1397 6027
1854 6028
2142 6029
1776 6030
3440 6031
1213 6032
2835 6033
1997 6034
2321 6035
423 6036
3290 6037
5475 6038
4604 6039
979 6040
3436 6041
2238 6042
1299 6043
2924 6044
5911 6045
172 6046
688 6047
3060 6048
3488 6049
72 6050
1968 6051
1519 6052
6045 6053
4750 6054
5853 6055
5829 6056
3751 6057
6005 6058
5965 6059
1405 6060
5888 6061
5826 6062
1397 6063
781 6064
4130 6065
1222 6066
3281 6067
1026 6068
2534 6069
842 6070
5773 6071
373 6072
5506 6073
1018 6074
5982 6075
1050 6076
3399 6077
2228 6078
2083 6079
3689 6080
4123 6081
2738 6082
2701 6083
499 6084
3426 6085
2645 6086
2617 6087
3743 6088
5959 6089
918 6090
3384 6091
5182 6092
1869 6093
6035 6094
1948 6095
4302 6096
4936 6097
3658 6098
1484 6099
6043 6100
29 6101
1276 6102
4196 6103
1633 6104
2043 6105
3107 6106
5144 6107
4411 6108
2783 6109
5733 6110
5529 6111
6063 6112
1603 6113
5507 6114
2478 6115
3346 6116
4180 6117
6026 6118
2624 6119
4867 6120
5680 6121
3441 6122
4877 6123
4036 6124
5603 6125
3430 6126
2089 6127
1308 6128
3436 6129
5845 6130
1581 6131
5155 6132
6130 6133
1 6134
4611 6135
3877 6136
4394 6137
4104 6138
1653 6139
797 6140
2330 6141
1873 6142
3105 6143
26 6144
4323 6145
1960 6146
3244 6147
715 6148
4208 6149
3984 6150
5765 6151
5826 6152
1663 6153
5172 6154
2187 6155
5123 6156
5026 6157
1770 6158
2138 6159
4640 6160
1375 6161
1732 6162
4629 6163
3536 6164
369 6165
760 6166
2432 6167
5684 6168
2243 6169
2894 6170
3401 6171
5283 6172
5677 6173
5939 6174
4161 6175
330 6176
3694 6177
1390 6178
5108 6179
5598 6180
3662 6181
3744 6182
3321 6183
402 6184
3436 6185
1633 6186
2418 6187
4166 6188
1421 6189
1332 6190
4025 6191
299 6192
2967 6193
4502 6194
4379 6195
3331 6196
1269 6197
4394 6198
5927 6199
313 6200
4931 6201
1480 6202
5087 6203
5963 6204
995 6205
3407 6206
2608 6207
2955 6208
2400 6209
1725 6210
5343 6211
1885 6212
4502 6213
3130 6214
2942 6215
3587 6216
2964 6217
751 6218
5881 6219
615 6220
4015 6221
4924 6222
1740 6223
5922 6224
2377 6225
458 6226
730 6227
489 6228
5569 6229
5066 6230
320 6231
715 6232
3987 6233
209 6234
4700 6235
4795 6236
3488 6237
3129 6238
2565 6239
886 6240
1411 6241
2406 6242
5082 6243
6010 6244
3862 6245
429 6246
3133 6247
3968 6248
1789 6249
1723 6250
4631 6251
5760 6252
1537 6253
318 6254
2953 6255
3620 6256
6130 6257
467 6258
3477 6259
3798 6260
142 6261
6091 6262
3455 6263
2500 6264
3102 6265
3452 6266
598 6267
3507 6268
937 6269
1545 6270
1671 6271
497 6272
3055 6273
5632 6274
605 6275
3974 6276
2461 6277
5284 6278
4551 6279
1618 6280
5948 6281
3959 6282
5577 6283
1245 6284
3538 6285
1121 6286
1967 6287
6156 6288
4075 6289
5655 6290
5898 6291
3140 6292
3865 6293
3277 6294
5158 6295
617 6296
1118 6297
4870 6298
3587 6299
5730 6300
3115 6301
3014 6302
878 6303
4710 6304
1706 6305
6211 6306
6206 6307
5057 6308
5846 6309
4162 6310
1563 6311
5575 6312
2148 6313
1161 6314
1753 6315
1471 6316
5446 6317
66 6318
908 6319
2303 6320
3748 6321
4340 6322
5950 6323
5295 6324
6288 6325
3848 6326
4821 6327
5575 6328
3106 6329
4112 6330
5824 6331
5845 6332
2929 6333
495 6334
1617 6335
222 6336
3117 6337
686 6338
1159 6339
4436 6340
3103 6341
2015 6342
4293 6343
206 6344
2627 6345
2942 6346
2184 6347
5727 6348
6089 6349
198 6350
5498 6351
4124 6352
388 6353
1024 6354
4704 6355
3821 6356
199 6357
5437 6358
4966 6359
4631 6360
1575 6361
649 6362
790 6363
3821 6364
4572 6365
2470 6366
6319 6367
4767 6368
1906 6369
594 6370
6353 6371
1286 6372
1747 6373
3811 6374
4379 6375
6067 6376
5312 6377
4156 6378
1994 6379
2968 6380
2645 6381
2852 6382
3773 6383
5277 6384
3548 6385
3975 6386
1932 6387
1448 6388
5027 6389
4001 6390
3584 6391
4488 6392
308 6393
4256 6394
4258 6395
2714 6396
3818 6397
1348 6398
6053 6399
2021 6400
1923 6401
1458 6402
4057 6403
4512 6404
386 6405
5111 6406
3899 6407
4822 6408
5749 6409
297 6410
4885 6411
484 6412
2472 6413
3856 6414
1298 6415
3740 6416
168 6417
3281 6418
3159 6419
910 6420
291 6421
1587 6422
35 6423
3286 6424
2098 6425
3283 6426
815 6427
3671 6428
6181 6429
6323 6430
5762 6431
4745 6432
1848 6433
3933 6434
3996 6435
5537 6436
5018 6437
6009 6438
1443 6439
4300 6440
2229 6441
2854 6442
720 6443
2120 6444
4953 6445
3231 6446
5682 6447
5819 6448
1948 6449
184 6450
760 6451
4667 6452
925 6453
4002 6454
3369 6455
5780 6456
4478 6457
4838 6458
6332 6459
2799 6460
128 6461
238 6462
5400 6463
5668 6464
6211 6465
2069 6466
2725 6467
5596 6468
119 6469
4279 6470
5567 6471
755 6472
3667 6473
2764 6474
3238 6475
5414 6476
5462 6477
5549 6478
3576 6479
756 6480
5799 6481
5326 6482
4522 6483
438 6484
1431 6485
1837 6486
1322 6487
20 6488
5584 6489
3394 6490
5665 6491
2151 6492
3663 6493
151 6494
4778 6495
5947 6496
4926 6497
1671 6498
5412 6499
4022 6500
5984 6501
990 6502
61 6503
2591 6504
1272 6505
6368 6506
1114 6507
2338 6508
3530 6509
4500 6510
5635 6511
710 6512
2716 6513
3221 6514
1929 6515
1155 6516
2838 6517
2056 6518
920 6519
4031 6520
3156 6521
6051 6522
255 6523
5356 6524
1406 6525
1914 6526
3142 6527
3600 6528
1449 6529
3385 6530
1383 6531
1252 6532
4082 6533
1951 6534
4770 6535
3705 6536
129 6537
2773 6538
1143 6539
3853 6540
66 6541
5670 6542
2299 6543
2793 6544
4394 6545
1561 6546
395 6547
3348 6548
695 6549
424 6550
1556 6551
5037 6552
969 6553
5156 6554
1561 6555
3280 6556
788 6557
1200 6558
717 6559
5537 6560
5240 6561
409 6562
6257 6563
696 6564
6323 6565
1450 6566
4387 6567
2818 6568
345 6569
4131 6570
3318 6571
1361 6572
4260 6573
2145 6574
3768 6575
2188 6576
5525 6577
5594 6578
311 6579
5201 6580
1040 6581
4809 6582
2733 6583
1323 6584
6209 6585
4362 6586
1494 6587
105 6588
2871 6589
5269 6590
396 6591
2726 6592
6481 6593
6038 6594
4508 6595
3604 6596
2754 6597
4245 6598
2329 6599
3367 6600
2974 6601
2562 6602
2069 6603
578 6604
3928 6605
1405 6606
5526 6607
3241 6608
6221 6609
5821 6610
4668 6611
6533 6612
322 6613
73 6614
5200 6615
197 6616
4011 6617
883 6618
5934 6619
6464 6620
1060 6621
3229 6622
5357 6623
5039 6624
3781 6625
194 6626
4601 6627
5119 6628
3968 6629
269 6630
5320 6631
114 6632
772 6633
5769 6634
6586 6635
417 6636
3285 6637
5582 6638
1576 6639
1744 6640
5254 6641
482 6642
4264 6643
6194 6644
2735 6645
2365 6646
4988 6647
6131 6648
5360 6649
1606 6650
6324 6651
4877 6652
4026 6653
4662 6654
1276 6655
3647 6656
5477 6657
4625 6658
3296 6659
3837 6660
1665 6661
3036 6662
4127 6663
1941 6664
241 6665
3831 6666
3616 6667
2778 6668
3311 6669
673 6670
4845 6671
5977 6672
6078 6673
2793 6674
5403 6675
2823 6676
3189 6677
6550 6678
6678 6679
4796 6680
384 6681
2827 6682
3174 6683
1291 6684
3952 6685
3313 6686
4701 6687
5208 6688
3404 6689
1142 6690
2999 6691
4087 6692
1740 6693
5035 6694
3617 6695
5807 6696
5058 6697
6637 6698
1315 6699
3106 6700
1148 6701
1003 6702
104 6703
3645 6704
3457 6705
832 6706
5804 6707
4428 6708
4935 6709
3394 6710
6058 6711
3205 6712
1294 6713
2431 6714
4286 6715
4823 6716
4899 6717
4543 6718
6475 6719
5864 6720
2051 6721
5610 6722
5712 6723
2921 6724
894 6725
1434 6726
4377 6727
6241 6728
6474 6729
902 6730
1350 6731
4861 6732
6200 6733
2939 6734
3967 6735
3948 6736
252 6737
3635 6738
3080 6739
3048 6740
2663 6741
1904 6742
2527 6743
2993 6744
1318 6745
3457 6746
2389 6747
1984 6748
1672 6749
528 6750
1482 6751
5842 6752
1586 6753
3641 6754
1402 6755
4698 6756
4797 6757
1826 6758
5791 6759
4523 6760
3292 6761
2147 6762
5054 6763
3927 6764
903 6765
4698 6766
5958 6767
3714 6768
4482 6769
6753 6770
5819 6771
2091 6772
2172 6773
2791 6774
2469 6775
6698 6776
5125 6777
4799 6778
3770 6779
5767 6780
5522 6781
3124 6782
2007 6783
3162 6784
5260 6785
5828 6786
2165 6787
2382 6788
3211 6789
3362 6790
6719 6791
5005 6792
5019 6793
2753 6794
5269 6795
5310 6796
5372 6797
2300 6798
5457 6799
4190 6800
1790 6801
1233 6802
6255 6803
1578 6804
5423 6805
1416 6806
2516 6807
2714 6808
5262 6809
1114 6810
23 6811
4377 6812
473 6813
2310 6814
4632 6815
1600 6816
6775 6817
4195 6818
2976 6819
6108 6820
915 6821
5369 6822
3396 6823
5008 6824
5679 6825
461 6826
4303 6827
4974 6828
5077 6829
249 6830
3941 6831
5515 6832
2831 6833
1288 6834
3285 6835
4637 6836
5686 6837
2357 6838
366 6839
6691 6840
4915 6841
1756 6842
4926 6843
4600 6844
6153 6845
3505 6846
3539 6847
4365 6848
935 6849
5172 6850
2506 6851
720 6852
3537 6853
1266 6854
5711 6855
4064 6856
4277 6857
3330 6858
384 6859
820 6860
5109 6861
229 6862
3790 6863
227 6864
4366 6865
1395 6866
724 6867
6133 6868
1083 6869
100 6870
3229 6871
2334 6872
4436 6873
6363 6874
1130 6875
3068 6876
1792 6877
4137 6878
2543 6879
4831 6880
1607 6881
5738 6882
3303 6883
3997 6884
4787 6885
891 6886
295 6887
2331 6888
5630 6889
6573 6890
5414 6891
2086 6892
2384 6893
6489 6894
1297 6895
3468 6896
4785 6897
1784 6898
179 6899
301 6900
651 6901
3223 6902
5028 6903
3297 6904
303 6905
3372 6906
6846 6907
6465 6908
5367 6909
4845 6910
17 6911
6099 6912
391 6913
1345 6914
584 6915
4850 6916
1003 6917
1456 6918
502 6919
819 6920
4856 6921
989 6922
1172 6923
2733 6924
3394 6925
4725 6926
107 6927
3961 6928
3198 6929
1092 6930
2994 6931
6589 6932
1394 6933
5154 6934
855 6935
881 6936
4794 6937
1984 6938
3943 6939
3453 6940
2389 6941
6170 6942
518 6943
645 6944
642 6945
2899 6946
5852 6947
5599 6948
3647 6949
142 6950
3718 6951
1533 6952
4614 6953
5186 6954
3634 6955
3266 6956
4953 6957
2149 6958
245 6959
5080 6960
3348 6961
5932 6962
277 6963
1768 6964
3252 6965
5280 6966
2214 6967
313 6968
2978 6969
2047 6970
2769 6971
4747 6972
1377 6973
6547 6974
2513 6975
1050 6976
3696 6977
2488 6978
551 6979
2427 6980
5238 6981
6143 6982
6498 6983
1951 6984
5589 6985
4555 6986
5751 6987
3913 6988
4733 6989
1280 6990
42 6991
1933 6992
6851 6993
5996 6994
1910 6995
2570 6996
4112 6997
2095 6998
5674 6999
6432 7000
1518 7001
1800 7002
2538 7003
3332 7004
2664 7005
1497 7006
5654 7007
5124 7008
1399 7009
4950 7010
5266 7011
1499 7012
1213 7013
1209 7014
6040 7015
4850 7016
3163 7017
1353 7018
2070 7019
6155 7020
5430 7021
495 7022
3371 7023
2184 7024
4625 7025
3410 7026
4296 7027
1319 7028
4618 7029
1618 7030
2062 7031
1508 7032
6396 7033
155 7034
2390 7035
835 7036
2244 7037
1317 7038
825 7039
3780 7040
751 7041
4225 7042
2028 7043
2656 7044
2425 7045
2762 7046
3816 7047
1175 7048
3404 7049
4143 7050
6829 7051
6866 7052
6334 7053
973 7054
59 7055
2501 7056
5244 7057
6430 7058
1039 7059
6859 7060
3497 7061
5936 7062
2702 7063
1687 7064
764 7065
2956 7066
572 7067
4973 7068
4483 7069
6750 7070
5174 7071
265 7072
5377 7073
544 7074
4835 7075
3433 7076
6766 7077
23 7078
6564 7079
2297 7080
376 7081
1864 7082
3660 7083
5708 7084
3398 7085
7048 7086
6347 7087
4034 7088
1458 7089
305 7090
135 7091
5404 7092
5917 7093
6060 7094
3400 7095
66 7096
1666 7097
4750 7098
873 7099
2133 7100
5619 7101
389 7102
3002 7103
5318 7104
3619 7105
6781 7106
2847 7107
2042 7108
1658 7109
4069 7110
5573 7111
4203 7112
5391 7113
1610 7114
732 7115
4044 7116
4869 7117
2442 7118
2439 7119
4660 7120
925 7121
1716 7122
3972 7123
4904 7124
6355 7125
6393 7126
2633 7127
2103 7128
6742 7129
2075 7130
6183 7131
6340 7132
1775 7133
2119 7134
1772 7135
795 7136
4765 7137
1508 7138
4022 7139
2715 7140
4112 7141
5593 7142
1199 7143
1915 7144
2178 7145
469 7146
3655 7147
1913 7148
1530 7149
2638 7150
1955 7151
2691 7152
4735 7153
998 7154
825 7155
1961 7156
6726 7157
4652 7158
4822 7159
1049 7160
2233 7161
4205 7162
3110 7163
5908 7164
4470 7165
752 7166
790 7167
3344 7168
729 7169
2877 7170
7082 7171
5916 7172
4792 7173
3988 7174
1811 7175
4481 7176
59 7177
5315 7178
1204 7179
1687 7180
6214 7181
6363 7182
6757 7183
6391 7184
1387 7185
3981 7186
3758 7187
509 7188
2579 7189
6561 7190
7173 7191
485 7192
6749 7193
788 7194
7047 7195
2289 7196
4619 7197
6391 7198
887 7199
2064 7200
577 7201
3430 7202
4515 7203
674 7204
5154 7205
1180 7206
6057 7207
4493 7208
5666 7209
2532 7210
1625 7211
4849 7212
1955 7213
5724 7214
2503 7215
1915 7216
5349 7217
4927 7218
4558 7219
2813 7220
6777 7221
3275 7222
2228 7223
171 7224
716 7225
5306 7226
6066 7227
2151 7228
2616 7229
635 7230
4513 7231
4702 7232
4276 7233
5295 7234
4746 7235
2575 7236
1099 7237
1876 7238
1682 7239
3226 7240
4044 7241
6248 7242
958 7243
6681 7244
710 7245
920 7246
7080 7247
1667 7248
794 7249
3371 7250
264 7251
3942 7252
5103 7253
5232 7254
3821 7255
879 7256
1443 7257
3914 7258
2839 7259
2390 7260
1205 7261
5583 7262
178 7263
6438 7264
4378 7265
6172 7266
155 7267
2042 7268
5597 7269
4240 7270
1475 7271
5446 7272
989 7273
5986 7274
3677 7275
3142 7276
2489 7277
6815 7278
3633 7279
5874 7280
361 7281
6252 7282
2932 7283
3922 7284
4455 7285
173 7286
2171 7287
1565 7288
1621 7289
5438 7290
1603 7291
3951 7292
5651 7293
4943 7294
873 7295
4498 7296
5948 7297
2940 7298
5127 7299
970 7300
3290 7301
6796 7302
2379 7303
6574 7304
4018 7305
1489 7306
5903 7307
5007 7308
1468 7309
3382 7310
2591 7311
6570 7312
5903 7313
5617 7314
2376 7315
5019 7316
5889 7317
4346 7318
4400 7319
6122 7320
3701 7321
1707 7322
4208 7323
4107 7324
2184 7325
3508 7326
6037 7327
2474 7328
2961 7329
1278 7330
2842 7331
2541 7332
7157 7333
3259 7334
2718 7335
757 7336
1631 7337
290 7338
5212 7339
5685 7340
986 7341
4444 7342
6528 7343
831 7344
6749 7345
4555 7346
5219 7347
6977 7348
19 7349
1268 7350
5345 7351
1316 7352
519 7353
3558 7354
4920 7355
5052 7356
5330 7357
254 7358
183 7359
3135 7360
1520 7361
3666 7362
6319 7363
6859 7364
2573 7365
190 7366
6956 7367
2007 7368
220 7369
4999 7370
243 7371
4466 7372
2574 7373
5826 7374
5815 7375
2295 7376
7212 7377
4402 7378
1535 7379
6211 7380
6495 7381
5743 7382
2056 7383
1058 7384
6864 7385
5171 7386
5321 7387
5591 7388
3898 7389
7068 7390
1224 7391
2456 7392
6097 7393
3017 7394
923 7395
7255 7396
3085 7397
7309 7398
845 7399
5586 7400
4019 7401
375 7402
6739 7403
5332 7404
6379 7405
4644 7406
1231 7407
4744 7408
4001 7409
5447 7410
3062 7411
1248 7412
3234 7413
3109 7414
7171 7415
4613 7416
5088 7417
3696 7418
2957 7419
7057 7420
2770 7421
1704 7422
4342 7423
1863 7424
5197 7425
5367 7426
5039 7427
529 7428
6440 7429
5001 7430
2648 7431
6616 7432
3909 7433
404 7434
2960 7435
5279 7436
3307 7437
5158 7438
4837 7439
233 7440
1203 7441
2039 7442
7339 7443
1707 7444
1884 7445
7005 7446
4249 7447
1622 7448
5531 7449
538 7450
4231 7451
390 7452
415 7453
7049 7454
4855 7455
2963 7456
826 7457
5536 7458
1070 7459
1191 7460
1211 7461
2764 7462
3873 7463
322 7464
3252 7465
6254 7466
2431 7467
3764 7468
3951 7469
2612 7470
2600 7471
7107 7472
1194 7473
91 7474
4314 7475
4225 7476
882 7477
883 7478
261 7479
386 7480
1655 7481
4521 7482
5943 7483
2191 7484
5346 7485
1548 7486
5046 7487
649 7488
7042 7489
6170 7490
798 7491
2980 7492
5855 7493
4968 7494
5345 7495
2722 7496
2359 7497
6527 7498
5428 7499
3058 7500
5073 7501
6543 7502
427 7503
4448 7504
6263 7505
7258 7506
3435 7507
715 7508
5048 7509
7248 7510
4746 7511
2495 7512
4297 7513
1384 7514
3028 7515
6403 7516
7434 7517
4614 7518
489 7519
7394 7520
6810 7521
3828 7522
7460 7523
2642 7524
4513 7525
5448 7526
4283 7527
5714 7528
5836 7529
3115 7530
2613 7531
1222 7532
6327 7533
1036 7534
4693 7535
6080 7536
5820 7537
5610 7538
4213 7539
2878 7540
4212 7541
7126 7542
2731 7543
6877 7544
3779 7545
1996 7546
2907 7547
1539 7548
1078 7549
3957 7550
2633 7551
1953 7552
352 7553
358 7554
6569 7555
1576 7556
6895 7557
6894 7558
4654 7559
1974 7560
3503 7561
7360 7562
7211 7563
2525 7564
7048 7565
2453 7566
4306 7567
1038 7568
2474 7569
1466 7570
123 7571
5311 7572
4283 7573
2131 7574
4987 7575
4516 7576
6813 7577
6936 7578
6118 7579
2832 7580
6854 7581
2489 7582
438 7583
8 7584
7477 7585
3401 7586
4978 7587
7517 7588
7144 7589
5379 7590
2385 7591
1515 7592
6658 7593
3455 7594
6572 7595
4732 7596
6770 7597
2201 7598
4280 7599
6976 7600
2713 7601
4201 7602
5588 7603
2610 7604
5874 7605
5938 7606
2149 7607
247 7608
3832 7609
2647 7610
3962 7611
352 7612
3825 7613
5018 7614
1863 7615
2107 7616
6157 7617
3110 7618
7588 7619
1966 7620
3021 7621
3377 7622
7317 7623
4004 7624
2863 7625
2976 7626
5254 7627
6490 7628
896 7629
3967 7630
2397 7631
1897 7632
1080 7633
3208 7634
3333 7635
2576 7636
1607 7637
5566 7638
3208 7639
7268 7640
206 7641
6230 7642
2295 7643
1002 7644
512 7645
727 7646
3423 7647
5824 7648
389 7649
1522 7650
2450 7651
3067 7652
4973 7653
6332 7654
5091 7655
6218 7656
5016 7657
7433 7658
630 7659
1247 7660
2281 7661
1289 7662
2638 7663
2029 7664
3170 7665
1743 7666
7024 7667
632 7668
3298 7669
5884 7670
5483 7671
7548 7672
6446 7673
2200 7674
5460 7675
682 7676
3004 7677
1835 7678
5630 7679
7163 7680
5565 7681
324 7682
6551 7683
4742 7684
4115 7685
7331 7686
2897 7687
4637 7688
3549 7689
2584 7690
4823 7691
4992 7692
3847 7693
3567 7694
3860 7695
454 7696
1852 7697
5992 7698
3346 7699
5591 7700
7603 7701
7264 7702
4524 7703
6185 7704
5516 7705
6241 7706
2274 7707
5664 7708
2799 7709
7312 7710
2731 7711
1807 7712
1686 7713
5440 7714
1630 7715
5435 7716
2915 7717
3641 7718
680 7719
4020 7720
298 7721
3418 7722
5100 7723
4068 7724
3623 7725
2132 7726
6188 7727
2510 7728
1000 7729
3632 7730
7304 7731
3200 7732
2871 7733
3953 7734
208 7735
4798 7736
5845 7737
4670 7738
7555 7739
765 7740
3610 7741
6182 7742
3935 7743
4466 7744
6803 7745
4384 7746
944 7747
187 7748
247 7749
5343 7750
4985 7751
2032 7752
214 7753
2087 7754
5789 7755
1877 7756
4680 7757
2883 7758
5337 7759
3970 7760
4694 7761
3411 7762
1231 7763
722 7764
5956 7765
387 7766
2606 7767
7733 7768
4840 7769
703 7770
4517 7771
7758 7772
7425 7773
5090 7774
4589 7775
2241 7776
6092 7777
309 7778
5315 7779
3857 7780
160 7781
3433 7782
5877 7783
6344 7784
3619 7785
7403 7786
2959 7787
7514 7788
5874 7789
1994 7790
3334 7791
2263 7792
4970 7793
6881 7794
2837 7795
2133 7796
2869 7797
7028 7798
3297 7799
1671 7800
3080 7801
1510 7802
1146 7803
1360 7804
5013 7805
7696 7806
6808 7807
186 7808
7375 7809
1540 7810
5787 7811
7384 7812
1253 7813
3215 7814
1280 7815
5390 7816
3323 7817
385 7818
1171 7819
4095 7820
5230 7821
7530 7822
165 7823
3871 7824
4595 7825
7763 7826
265 7827
5520 7828
7147 7829
3467 7830
4848 7831
68 7832
5013 7833
6145 7834
2592 7835
1916 7836
6766 7837
2415 7838
913 7839
1109 7840
1381 7841
1411 7842
414 7843
7367 7844
1866 7845
2940 7846
3758 7847
3572 7848
2685 7849
1849 7850
3257 7851
2242 7852
5997 7853
1398 7854
6779 7855
7285 7856
6081 7857
4551 7858
4735 7859
7441 7860
6929 7861
3088 7862
1985 7863
5360 7864
6850 7865
5877 7866
312 7867
1334 7868
98 7869
3779 7870
1627 7871
3656 7872
1 7873
7150 7874
2218 7875
5514 7876
141 7877
2422 7878
3793 7879
6454 7880
3539 7881
7781 7882
77 7883
491 7884
2865 7885
2365 7886
5354 7887
6490 7888
1557 7889
5360 7890
5232 7891
3686 7892
6884 7893
2451 7894
3125 7895
2902 7896
1968 7897
6207 7898
1474 7899
2410 7900
2205 7901
1194 7902
5814 7903
4277 7904
3191 7905
1814 7906
6251 7907
5346 7908
3853 7909
4166 7910
994 7911
5240 7912
6999 7913
2347 7914
711 7915
1603 7916
3042 7917
210 7918
3469 7919
4303 7920
2261 7921
3221 7922
1135 7923
7180 7924
3870 7925
5676 7926
7156 7927
7512 7928
6158 7929
5230 7930
2835 7931
5886 7932
7180 7933
4553 7934
7699 7935
5858 7936
5869 7937
5925 7938
227 7939
7760 7940
320 7941
7153 7942
4765 7943
1911 7944
1894 7945
5480 7946
5817 7947
6371 7948
2227 7949
5371 7950
2987 7951
101 7952
1831 7953
4195 7954
6977 7955
6143 7956
5777 7957
6525 7958
7087 7959
5970 7960
7475 7961
1562 7962
7507 7963
5296 7964
3400 7965
3291 7966
7425 7967
6590 7968
6896 7969
4837 7970
2752 7971
577 7972
471 7973
282 7974
171 7975
7408 7976
6417 7977
4780 7978
6986 7979
4176 7980
44 7981
6915 7982
1314 7983
6269 7984
2024 7985
7687 7986
7105 7987
2485 7988
7582 7989
445 7990
1509 7991
3056 7992
4250 7993
1719 7994
7488 7995
6044 7996
2385 7997
2280 7998
175 7999
6797 8000
542 8001
5155 8002
6174 8003
1500 8004
7846 8005
4668 8006
1408 8007
4758 8008
141 8009
3609 8010
6667 8011
6309 8012
1548 8013
5994 8014
6276 8015
1027 8016
2310 8017
6138 8018
4679 8019
1900 8020
3849 8021
6287 8022
529 8023
330 8024
2674 8025
4308 8026
5874 8027
2726 8028
4984 8029
3609 8030
1241 8031
5989 8032
6109 8033
7135 8034
1729 8035
81 8036
6822 8037
587 8038
4705 8039
7741 8040
6120 8041
4189 8042
7667 8043
3865 8044
5526 8045
901 8046
4126 8047
6696 8048
7876 8049
4406 8050
2704 8051
1909 8052
1892 8053
2490 8054
5037 8055
5930 8056
6610 8057
2339 8058
4751 8059
883 8060
1007 8061
699 8062
6775 8063
6557 8064
3745 8065
1149 8066
3649 8067
2252 8068
1446 8069
857 8070
2049 8071
202 8072
5395 8073
1990 8074
240 8075
4575 8076
5591 8077
1918 8078
753 8079
2653 8080
4705 8081
463 8082
5301 8083
7222 8084
980 8085
9 8086
6732 8087
7508 8088
802 8089
3776 8090
6129 8091
4583 8092
6379 8093
6708 8094
1754 8095
2260 8096
4832 8097
6537 8098
4149 8099
7366 8100
5186 8101
3525 8102
2340 8103
6523 8104
5975 8105
7649 8106
5868 8107
4173 8108
986 8109
6618 8110
4858 8111
2556 8112
2907 8113
2610 8114
7836 8115
5578 8116
3772 8117
362 8118
7917 8119
793 8120
389 8121
2829 8122
2876 8123
1143 8124
5713 8125
1660 8126
5291 8127
1386 8128
2852 8129
6867 8130
2184 8131
2210 8132
953 8133
571 8134
3834 8135
6792 8136
6446 8137
3180 8138
2295 8139
3271 8140
3836 8141
7823 8142
7533 8143
236 8144
6451 8145
5795 8146
3491 8147
6387 8148
7612 8149
7396 8150
1563 8151
6363 8152
3345 8153
5541 8154
13 8155
4672 8156
5585 8157
7994 8158
4185 8159
3491 8160
1088 8161
6684 8162
5519 8163
7839 8164
4735 8165
6972 8166
1179 8167
7544 8168
3757 8169
4120 8170
391 8171
1303 8172
7390 8173
4223 8174
3875 8175
7009 8176
2795 8177
789 8178
6570 8179
1936 8180
4157 8181
5713 8182
2014 8183
3560 8184
4346 8185
4220 8186
1182 8187
1309 8188
5656 8189
2723 8190
3887 8191
3536 8192
514 8193
1478 8194
2693 8195
3467 8196
5771 8197
642 8198
1809 8199
5898 8200
3865 8201
3989 8202
5122 8203
3710 8204
5936 8205
2991 8206
4208 8207
6794 8208
7183 8209
7329 8210
1393 8211
5170 8212
6432 8213
4376 8214
5111 8215
3415 8216
8040 8217
6009 8218
8195 8219
7020 8220
1651 8221
4084 8222
4291 8223
5191 8224
4053 8225
6407 8226
3299 8227
6255 8228
7172 8229
4983 8230
6527 8231
5449 8232
7130 8233
1750 8234
2548 8235
124 8236
1929 8237
7532 8238
1788 8239
3978 8240
7518 8241
4229 8242
6274 8243
1719 8244
5592 8245
2165 8246
987 8247
1677 8248
1242 8249
5627 8250
2260 8251
5593 8252
7952 8253
4385 8254
7905 8255
6768 8256
5491 8257
5850 8258
339 8259
7428 8260
5508 8261
909 8262
6154 8263
5266 8264
4808 8265
5730 8266
3607 8267
3757 8268
2571 8269
1779 8270
1430 8271
1314 8272
1320 8273
507 8274
2641 8275
4954 8276
632 8277
4972 8278
5500 8279
5703 8280
6404 8281
7501 8282
7230 8283
3823 8284
3172 8285
996 8286
7760 8287
1604 8288
5752 8289
794 8290
3492 8291
4959 8292
4737 8293
2643 8294
3211 8295
5016 8296
2431 8297
3808 8298
5276 8299
3829 8300
3012 8301
5342 8302
7624 8303
4758 8304
5072 8305
4586 8306
650 8307
3350 8308
5417 8309
1864 8310
6522 8311
3155 8312
6999 8313
6375 8314
1759 8315
1978 8316
3775 8317
4387 8318
2975 8319
942 8320
3725 8321
2582 8322
3556 8323
4602 8324
3685 8325
6161 8326
3063 8327
8177 8328
7110 8329
6032 8330
2195 8331
6483 8332
1819 8333
3575 8334
2677 8335
3528 8336
4243 8337
5574 8338
8217 8339
2242 8340
2671 8341
6407 8342
1502 8343
4688 8344
7889 8345
1291 8346
3602 8347
4454 8348
3820 8349
6920 8350
3277 8351
217 8352
7374 8353
3709 8354
1749 8355
4720 8356
2985 8357
7197 8358
3306 8359
4014 8360
3422 8361
6949 8362
3166 8363
2449 8364
531 8365
3955 8366
828 8367
7406 8368
5382 8369
3781 8370
4613 8371
3050 8372
62 8373
4133 8374
6384 8375
7726 8376
8073 8377
8044 8378
74 8379
5175 8380
471 8381
4379 8382
8093 8383
5207 8384
3463 8385
7744 8386
604 8387
7603 8388
7054 8389
2075 8390
7340 8391
2631 8392
6177 8393
1124 8394
6144 8395
3954 8396
683 8397
3224 8398
958 8399
3668 8400
4947 8401
8299 8402
6229 8403
8055 8404
7507 8405
2753 8406
5523 8407
6453 8408
2062 8409
6396 8410
319 8411
5548 8412
3770 8413
6676 8414
695 8415
3718 8416
1861 8417
5328 8418
7279 8419
1405 8420
4039 8421
5428 8422
4539 8423
6686 8424
6045 8425
6652 8426
8103 8427
2203 8428
4648 8429
5693 8430
5591 8431
6041 8432
636 8433
1218 8434
1376 8435
228 8436
7437 8437
1696 8438
3546 8439
3872 8440
1031 8441
2684 8442
3834 8443
1054 8444
2961 8445
1962 8446
7986 8447
4693 8448
2325 8449
1864 8450
4276 8451
2547 8452
4606 8453
4151 8454
2459 8455
7019 8456
706 8457
3637 8458
6292 8459
2026 8460
6221 8461
8056 8462
6456 8463
5554 8464
5258 8465
399 8466
6235 8467
3422 8468
2158 8469
3626 8470
1370 8471
6508 8472
3460 8473
4390 8474
3789 8475
7735 8476
2819 8477
5741 8478
553 8479
2546 8480
6848 8481
390 8482
7529 8483
7667 8484
2574 8485
5594 8486
1953 8487
2980 8488
7327 8489
8036 8490
5508 8491
3604 8492
2122 8493
2020 8494
7490 8495
1422 8496
7778 8497
2531 8498
6929 8499
2656 8500
158 8501
5741 8502
7808 8503
7630 8504
1775 8505
4319 8506
1389 8507
3267 8508
1408 8509
1695 8510
2302 8511
6373 8512
3471 8513
7850 8514
4176 8515
407 8516
1396 8517
2297 8518
6648 8519
3328 8520
7109 8521
4817 8522
156 8523
8325 8524
2420 8525
6472 8526
7247 8527
5400 8528
3946 8529
2133 8530
4913 8531
7759 8532
8387 8533
8066 8534
2338 8535
4886 8536
6825 8537
2122 8538
2425 8539
935 8540
7046 8541
7466 8542
38 8543
2477 8544
4496 8545
3654 8546
3622 8547
3900 8548
1213 8549
6288 8550
4465 8551
209 8552
4809 8553
5570 8554
4282 8555
282 8556
8090 8557
8517 8558
5972 8559
2107 8560
2450 8561
7597 8562
4067 8563
113 8564
3999 8565
2933 8566
4091 8567
2915 8568
8287 8569
6647 8570
7813 8571
4312 8572
7228 8573
7662 8574
6097 8575
5679 8576
4912 8577
7092 8578
5720 8579
8071 8580
8457 8581
584 8582
3932 8583
4974 8584
7843 8585
5438 8586
8451 8587
3748 8588
8506 8589
3877 8590
5215 8591
2617 8592
7047 8593
7736 8594
1938 8595
1913 8596
5379 8597
5232 8598
8489 8599
8408 8600
6974 8601
1280 8602
2342 8603
92 8604
8043 8605
8344 8606
6412 8607
6018 8608
243 8609
7111 8610
8240 8611
2595 8612
5564 8613
2631 8614
2785 8615
2544 8616
2828 8617
3401 8618
3837 8619
8487 8620
3517 8621
4216 8622
7494 8623
3784 8624
3382 8625
841 8626
3155 8627
3399 8628
6705 8629
1239 8630
5841 8631
3303 8632
5857 8633
961 8634
3364 8635
5682 8636
6380 8637
180 8638
4099 8639
234 8640
1690 8641
857 8642
5603 8643
5422 8644
7909 8645
2221 8646
6645 8647
1495 8648
5886 8649
8423 8650
5934 8651
4053 8652
664 8653
877 8654
120 8655
3807 8656
6660 8657
3896 8658
3957 8659
3903 8660
4565 8661
669 8662
6739 8663
5357 8664
220 8665
1375 8666
7845 8667
5739 8668
8651 8669
1353 8670
2315 8671
389 8672
3449 8673
5690 8674
945 8675
8656 8676
2404 8677
1967 8678
5862 8679
4770 8680
7226 8681
7872 8682
6938 8683
3516 8684
861 8685
4513 8686
4117 8687
4580 8688
1073 8689
5995 8690
2817 8691
5449 8692
3930 8693
8432 8694
6097 8695
712 8696
2021 8697
5881 8698
159 8699
2554 8700
8245 8701
6798 8702
8113 8703
442 8704
4083 8705
7515 8706
5042 8707
6438 8708
3537 8709
2073 8710
6734 8711
3783 8712
6465 8713
1654 8714
3845 8715
7647 8716
2371 8717
6240 8718
6024 8719
8109 8720
3795 8721
3465 8722
2260 8723
2029 8724
7217 8725
6985 8726
257 8727
2416 8728
903 8729
3602 8730
4831 8731
5943 8732
2722 8733
2166 8734
3906 8735
8724 8736
6496 8737
2593 8738
6068 8739
5170 8740
3566 8741
4230 8742
6459 8743
1853 8744
8552 8745
7482 8746
6267 8747
304 8748
5318 8749
5145 8750
7076 8751
5040 8752
4598 8753
758 8754
4183 8755
1658 8756
7418 8757
8718 8758
8348 8759
5038 8760
6849 8761
4448 8762
3251 8763
4222 8764
4584 8765
3865 8766
41 8767
1740 8768
5537 8769
7851 8770
1204 8771
1453 8772
6590 8773
964 8774
3613 8775
2591 8776
5978 8777
7615 8778
1688 8779
6072 8780
5339 8781
1930 8782
1981 8783
3734 8784
1358 8785
3620 8786
7378 8787
4400 8788
4398 8789
1779 8790
6254 8791
3801 8792
829 8793
6438 8794
3859 8795
1021 8796
1864 8797
5042 8798
5553 8799
1945 8800
5891 8801
1523 8802
4652 8803
3417 8804
7699 8805
6677 8806
5890 8807
18 8808
3350 8809
4017 8810
3179 8811
7370 8812
8581 8813
6354 8814
8127 8815
1559 8816
7609 8817
6977 8818
430 8819
5440 8820
3101 8821
7630 8822
1332 8823
514 8824
8295 8825
7377 8826
740 8827
4362 8828
5366 8829
4355 8830
2907 8831
7588 8832
3155 8833
3326 8834
5204 8835
2591 8836
3613 8837
522 8838
5899 8839
6759 8840
3959 8841
7252 8842
6772 8843
6967 8844
2588 8845
5187 8846
3632 8847
3909 8848
4863 8849
8219 8850
2204 8851
3129 8852
36 8853
3587 8854
4403 8855
8605 8856
4866 8857
7626 8858
825 8859
6462 8860
5504 8861
7926 8862
3794 8863
8421 8864
5719 8865
5341 8866
5516 8867
4022 8868
1228 8869
6302 8870
4725 8871
8474 8872
4487 8873
5154 8874
7544 8875
5135 8876
1392 8877
5882 8878
943 8879
7456 8880
5149 8881
5721 8882
1106 8883
1403 8884
2890 8885
3267 8886
4339 8887
5336 8888
1769 8889
1228 8890
8045 8891
5968 8892
4183 8893
7466 8894
2046 8895
5149 8896
4503 8897
8156 8898
5037 8899
3819 8900
5600 8901
7256 8902
5840 8903
8019 8904
6430 8905
8293 8906
7033 8907
5813 8908
8484 8909
7903 8910
3549 8911
3087 8912
3512 8913
3418 8914
7800 8915
802 8916
7948 8917
678 8918
6982 8919
8326 8920
6323 8921
2659 8922
869 8923
4595 8924
232 8925
4136 8926
3371 8927
7188 8928
5715 8929
7975 8930
5948 8931
2675 8932
52 8933
7086 8934
5107 8935
5829 8936
1153 8937
8439 8938
8720 8939
8026 8940
3404 8941
2117 8942
8216 8943
7534 8944
4787 8945
2113 8946
7596 8947
8583 8948
7899 8949
8794 8950
4680 8951
410 8952
3184 8953
8679 8954
2551 8955
484 8956
7885 8957
3290 8958
8894 8959
6691 8960
4793 8961
6727 8962
5288 8963
4458 8964
3804 8965
8830 8966
4525 8967
6657 8968
606 8969
5959 8970
2397 8971
4087 8972
7345 8973
7144 8974
3192 8975
288 8976
4441 8977
6512 8978
107 8979
2414 8980
916 8981
5705 8982
1346 8983
2460 8984
840 8985
3240 8986
5124 8987
8831 8988
264 8989
6014 8990
2543 8991
7693 8992
5681 8993
143 8994
1610 8995
4608 8996
5161 8997
5723 8998
471 8999
7702 9000
5945 9001
1934 9002
3471 9003
7410 9004
112 9005
3300 9006
7158 9007
6170 9008
5207 9009
2599 9010
2615 9011
1719 9012
8830 9013
8463 9014
510 9015
5849 9016
7341 9017
6879 9018
267 9019
1384 9020
3036 9021
160 9022
968 9023
4383 9024
1799 9025
6953 9026
5060 9027
2485 9028
422 9029
7632 9030
2061 9031
3122 9032
2176 9033
8575 9034
5617 9035
8596 9036
4738 9037
872 9038
3341 9039
7622 9040
1881 9041
1056 9042
1369 9043
8164 9044
3388 9045
6827 9046
4009 9047
7458 9048
2899 9049
3743 9050
1588 9051
4919 9052
966 9053
4589 9054
8861 9055
2773 9056
8652 9057
7262 9058
219 9059
7244 9060
1347 9061
6434 9062
322 9063
5478 9064
2374 9065
9012 9066
7041 9067
3553 9068
6074 9069
2860 9070
6430 9071
769 9072
3915 9073
7590 9074
758 9075
2356 9076
5009 9077
6338 9078
7997 9079
4864 9080
9018 9081
3330 9082
584 9083
2628 9084
3138 9085
2479 9086
7039 9087
6031 9088
7761 9089
824 9090
5144 9091
3125 9092
3391 9093
2220 9094
6463 9095
1433 9096
6770 9097
6548 9098
7705 9099
1318 9100
7451 9101
6866 9102
239 9103
8583 9104
1624 9105
3616 9106
7609 9107
4092 9108
8802 9109
7670 9110
5323 9111
404 9112
5395 9113
314 9114
7091 9115
7990 9116
5622 9117
1318 9118
5018 9119
1240 9120
1381 9121
1105 9122
9037 9123
1181 9124
5734 9125
1466 9126
6725 9127
4047 9128
2673 9129
2478 9130
6560 9131
6903 9132
7569 9133
6031 9134
935 9135
7913 9136
5650 9137
2857 9138
7427 9139
2462 9140
1959 9141
8380 9142
4655 9143
5864 9144
2616 9145
861 9146
3351 9147
5637 9148
8661 9149
5997 9150
4695 9151
6367 9152
6984 9153
2494 9154
4737 9155
3002 9156
2262 9157
3236 9158
6299 9159
248 9160
7023 9161
2596 9162
2335 9163
7980 9164
6037 9165
6988 9166
1498 9167
2905 9168
7974 9169
5106 9170
6291 9171
5693 9172
7485 9173
5362 9174
3987 9175
2722 9176
6606 9177
6107 9178
7156 9179
5000 9180
881 9181
6667 9182
3918 9183
6861 9184
4827 9185
8594 9186
3629 9187
3366 9188
446 9189
3954 9190
1346 9191
1367 9192
2389 9193
6832 9194
7727 9195
9017 9196
4821 9197
2716 9198
3586 9199
4221 9200
1222 9201
9046 9202
2413 9203
8796 9204
5416 9205
1345 9206
34 9207
9156 9208
8438 9209
8689 9210
5740 9211
4487 9212
4142 9213
4835 9214
496 9215
3798 9216
7269 9217
3100 9218
8127 9219
55 9220
2054 9221
2205 9222
1603 9223
6315 9224
1136 9225
1002 9226
1760 9227
5079 9228
2975 9229
2157 9230
6534 9231
992 9232
470 9233
6562 9234
1687 9235
4417 9236
3269 9237
7771 9238
107 9239
8056 9240
2573 9241
3654 9242
3891 9243
4831 9244
6817 9245
5486 9246
533 9247
6075 9248
7087 9249
67 9250
4674 9251
6037 9252
7528 9253
6921 9254
866 9255
5112 9256
3498 9257
8359 9258
7723 9259
2023 9260
1404 9261
7985 9262
2322 9263
7009 9264
3167 9265
1511 9266
8859 9267
6414 9268
903 9269
8933 9270
6241 9271
8499 9272
1723 9273
2179 9274
8023 9275
1512 9276
1461 9277
3135 9278
5185 9279
9257 9280
1198 9281
4290 9282
7516 9283
1216 9284
4402 9285
7427 9286
3446 9287
271 9288
533 9289
9020 9290
3482 9291
569 9292
5402 9293
3397 9294
8806 9295
1339 9296
3057 9297
5831 9298
1107 9299
4261 9300
8397 9301
7833 9302
3483 9303
8843 9304
3341 9305
3391 9306
4934 9307
8946 9308
6528 9309
7873 9310
4636 9311
8613 9312
9023 9313
708 9314
5647 9315
9053 9316
8631 9317
4747 9318
1720 9319
6452 9320
5890 9321
5238 9322
4799 9323
924 9324
1356 9325
5407 9326
3586 9327
3984 9328
6145 9329
3458 9330
2529 9331
7487 9332
8199 9333
4908 9334
4527 9335
5515 9336
4166 9337
3837 9338
675 9339
4063 9340
5348 9341
9187 9342
2110 9343
516 9344
9132 9345
14 9346
3841 9347
4952 9348
8449 9349
5978 9350
7302 9351
4536 9352
2387 9353
4372 9354
5759 9355
7690 9356
9135 9357
5042 9358
1528 9359
6639 9360
8695 9361
6344 9362
6485 9363
2450 9364
8970 9365
6321 9366
6324 9367
4169 9368
6054 9369
213 9370
4859 9371
8460 9372
2884 9373
2259 9374
4248 9375
7924 9376
6236 9377
3717 9378
7512 9379
5809 9380
1955 9381
5115 9382
8286 9383
7719 9384
992 9385
7446 9386
7921 9387
4252 9388
8722 9389
7470 9390
5877 9391
2067 9392
2750 9393
2103 9394
7848 9395
4249 9396
1778 9397
5125 9398
8857 9399
5705 9400
1651 9401
753 9402
4466 9403
6765 9404
5699 9405
7872 9406
4881 9407
3913 9408
2400 9409
1997 9410
305 9411
2592 9412
8199 9413
3564 9414
7817 9415
4877 9416
5396 9417
1658 9418
6351 9419
8651 9420
7082 9421
3803 9422
3018 9423
7904 9424
337 9425
3389 9426
4731 9427
7616 9428
1215 9429
5026 9430
2272 9431
1740 9432
8341 9433
2866 9434
8445 9435
519 9436
7681 9437
7161 9438
2994 9439
3790 9440
5639 9441
2370 9442
7045 9443
7087 9444
8061 9445
7492 9446
6707 9447
7528 9448
5697 9449
6161 9450
1656 9451
206 9452
7060 9453
1257 9454
8297 9455
324 9456
5154 9457
6140 9458
7184 9459
4684 9460
2109 9461
104 9462
5042 9463
118 9464
6549 9465
4478 9466
6655 9467
614 9468
6242 9469
5978 9470
5205 9471
3692 9472
3483 9473
5268 9474
5251 9475
3999 9476
9387 9477
992 9478
6734 9479
1234 9480
6684 9481
4100 9482
6074 9483
1177 9484
2951 9485
7004 9486
5443 9487
3491 9488
5629 9489
7977 9490
2716 9491
4946 9492
5086 9493
9373 9494
6267 9495
3881 9496
820 9497
2622 9498
7853 9499
7945 9500
6275 9501
6847 9502
8641 9503
8709 9504
1949 9505
8689 9506
754 9507
3110 9508
3520 9509
6135 9510
9267 9511
5011 9512
9224 9513
3139 9514
277 9515
1382 9516
8876 9517
5690 9518
7259 9519
8348 9520
6118 9521
4973 9522
7020 9523
8128 9524
2044 9525
5809 9526
9264 9527
6445 9528
3560 9529
4467 9530
123 9531
6791 9532
8155 9533
836 9534
9458 9535
2605 9536
8836 9537
7597 9538
391 9539
6702 9540
11 9541
747 9542
7837 9543
4899 9544
9124 9545
8144 9546
9063 9547
1881 9548
9394 9549
7131 9550
1865 9551
3388 9552
7119 9553
8240 9554
8890 9555
8642 9556
8472 9557
5172 9558
7800 9559
5717 9560
8637 9561
8952 9562
2947 9563
2202 9564
7934 9565
6510 9566
1913 9567
3075 9568
2617 9569
6365 9570
4015 9571
5731 9572
3337 9573
2057 9574
8303 9575
4133 9576
9038 9577
9486 9578
8254 9579
9163 9580
8471 9581
9303 9582
3681 9583
1798 9584
6651 9585
2998 9586
5484 9587
3401 9588
7444 9589
3030 9590
5968 9591
1142 9592
1212 9593
5328 9594
1586 9595
8660 9596
5660 9597
7017 9598
3987 9599
935 9600
6725 9601
3947 9602
9125 9603
6852 9604
5692 9605
1557 9606
3354 9607
3984 9608
5772 9609
8986 9610
1119 9611
1727 9612
9545 9613
2695 9614
4258 9615
6314 9616
7108 9617
784 9618
1736 9619
4609 9620
213 9621
7143 9622
8512 9623
6058 9624
6591 9625
8801 9626
5131 9627
7973 9628
6444 9629
9488 9630
3061 9631
9579 9632
1859 9633
6924 9634
6269 9635
1621 9636
6787 9637
8760 9638
8885 9639
1709 9640
5072 9641
4342 9642
1041 9643
4005 9644
7585 9645
7286 9646
9366 9647
9000 9648
6643 9649
7610 9650
5371 9651
2306 9652
5094 9653
1527 9654
1512 9655
5245 9656
592 9657
9028 9658
8007 9659
1958 9660
5186 9661
2205 9662
4373 9663
412 9664
7426 9665
7394 9666
8869 9667
5988 9668
1733 9669
6718 9670
2541 9671
6154 9672
1887 9673
4887 9674
4576 9675
8730 9676
2528 9677
3356 9678
7436 9679
8487 9680
3116 9681
1165 9682
4175 9683
5029 9684
714 9685
1994 9686
4692 9687
4208 9688
5793 9689
9527 9690
6909 9691
8902 9692
1723 9693
658 9694
9130 9695
2499 9696
2152 9697
6208 9698
7797 9699
5984 9700
3064 9701
7220 9702
1123 9703
163 9704
6310 9705
1084 9706
553 9707
3371 9708
218 9709
1431 9710
8933 9711
7781 9712
7644 9713
5276 9714
7030 9715
7823 9716
86 9717
5687 9718
4322 9719
7145 9720
1553 9721
7332 9722
416 9723
2146 9724
3702 9725
5538 9726
2840 9727
4330 9728
3370 9729
2633 9730
1135 9731
2111 9732
2883 9733
9454 9734
2272 9735
2980 9736
5630 9737
6139 9738
2896 9739
9151 9740
7006 9741
3109 9742
8764 9743
6708 9744
887 9745
4382 9746
3876 9747
4346 9748
1576 9749
4381 9750
4480 9751
7627 9752
603 9753
5703 9754
9193 9755
5717 9756
4184 9757
1482 9758
7335 9759
4515 9760
4969 9761
9678 9762
5533 9763
4532 9764
2666 9765
1689 9766
1239 9767
8188 9768
3640 9769
1284 9770
6437 9771
5879 9772
7488 9773
4993 9774
2766 9775
8613 9776
8003 9777
2862 9778
745 9779
6732 9780
1408 9781
5474 9782
9096 9783
4954 9784
5546 9785
7637 9786
7050 9787
9336 9788
2911 9789
9541 9790
4086 9791
2565 9792
9653 9793
9358 9794
2071 9795
4600 9796
2133 9797
2940 9798
1383 9799
923 9800
7056 9801
3982 9802
4238 9803
6605 9804
7008 9805
3487 9806
5942 9807
9508 9808
3627 9809
4930 9810
6923 9811
8828 9812
6975 9813
6074 9814
2619 9815
6185 9816
7460 9817
2716 9818
3061 9819
7523 9820
3066 9821
713 9822
9661 9823
6494 9824
8951 9825
1126 9826
9596 9827
8014 9828
9143 9829
6022 9830
1753 9831
1524 9832
7584 9833
3858 9834
173 9835
3444 9836
513 9837
9089 9838
7958 9839
1151 9840
5391 9841
7382 9842
7766 9843
290 9844
6083 9845
6596 9846
8337 9847
2151 9848
9526 9849
4577 9850
5448 9851
6592 9852
993 9853
5182 9854
729 9855
1765 9856
3784 9857
3701 9858
364 9859
4665 9860
631 9861
6560 9862
9148 9863
9243 9864
7284 9865
2275 9866
9388 9867
1201 9868
5719 9869
2191 9870
6077 9871
8899 9872
5564 9873
2550 9874
8164 9875
151 9876
3915 9877
5427 9878
4637 9879
3937 9880
8105 9881
3751 9882
7895 9883
1733 9884
1009 9885
1506 9886
3447 9887
33 9888
7726 9889
5684 9890
4194 9891
5823 9892
2222 9893
6679 9894
3099 9895
5885 9896
8943 9897
4380 9898
6885 9899
4740 9900
6034 9901
8174 9902
5104 9903
3504 9904
184 9905
6489 9906
5021 9907
9512 9908
3239 9909
62 9910
6997 9911
7093 9912
5883 9913
9487 9914
9612 9915
9507 9916
6811 9917
3603 9918
9402 9919
8021 9920
5892 9921
2376 9922
5447 9923
3022 9924
1385 9925
2367 9926
4060 9927
4841 9928
7898 9929
9729 9930
9769 9931
9570 9932
7048 9933
1595 9934
3626 9935
6696 9936
5249 9937
4955 9938
3658 9939
3698 9940
4375 9941
9115 9942
9438 9943
8039 9944
4 9945
6241 9946
9315 9947
5678 9948
1675 9949
6775 9950
1490 9951
3515 9952
8458 9953
281 9954
6308 9955
2914 9956
3915 9957
5143 9958
3508 9959
8286 9960
3773 9961
3453 9962
9128 9963
5185 9964
7659 9965
4678 9966
5032 9967
6981 9968
4024 9969
8551 9970
3523 9971
5658 9972
1838 9973
3360 9974
8139 9975
1292 9976
9347 9977
3161 9978
4188 9979
5105 9980
1089 9981
4005 9982
8766 9983
681 9984
2626 9985
8072 9986
2429 9987
56 9988
1638 9989
6486 9990
1301 9991
4711 9992
3443 9993
1368 9994
9856 9995
5794 9996
6511 9997
4986 9998
1795 9999
5892 10000
