10000
5531 4663
4663 6847
6847 9999
9999 2363
2363 4638
4638 7461
7461 6118
6118 782
782 1887
1887 7360
7360 2232
2232 3268
3268 7549
7549 2586
2586 5754
5754 719
719 6674
6674 2099
2099 1354
1354 3798
3798 2056
2056 6842
6842 9190
9190 1998
1998 4460
4460 4841
4841 3947
3947 3876
3876 3458
3458 442
442 9977
9977 3459
3459 8240
8240 4767
4767 6306
6306 9647
9647 2724
2724 9661
9661 3639
3639 353
353 4115
4115 2692
2692 7944
7944 2865
2865 1742
1742 1932
1932 7988
7988 6618
6618 6801
6801 86
86 5487
5487 8842
8842 837
837 374
374 4501
4501 822
822 7079
7079 9875
9875 8306
8306 132
132 9229
9229 3141
3141 1358
1358 8650
8650 3420
3420 6289
6289 3122
3122 1413
1413 4047
4047 5877
5877 3019
3019 8115
8115 3483
3483 4797
4797 6174
6174 7628
7628 6388
6388 8075
8075 7345
7345 1911
1911 8599
8599 170
170 765
765 5522
5522 4923
4923 5031
5031 3588
3588 2362
2362 9148
9148 3357
3357 3702
3702 9723
9723 2625
2625 173
173 7442
7442 2650
2650 1663
1663 1125
1125 8270
8270 9526
9526 9297
9297 6785
6785 1234
1234 1931
1931 5787
5787 2903
2903 3961
3961 5999
5999 9884
9884 3860
3860 8056
8056 362
362 6012
6012 1974
1974 2153
2153 3699
3699 3815
3815 449
449 9681
9681 2122
2122 9150
9150 2530
2530 2947
2947 6996
6996 7268
7268 4561
4561 7989
7989 8063
8063 4194
4194 8947
8947 9619
9619 7806
7806 6641
6641 4655
4655 6586
6586 5857
5857 1472
1472 8202
8202 4129
4129 1724
1724 4137
4137 8861
8861 7333
7333 9013
9013 553
553 9269
9269 102
102 9823
9823 9760
9760 2347
2347 8918
8918 3087
3087 9429
9429 2840
2840 2651
2651 1661
1661 1340
1340 1075
1075 1470
1470 1540
1540 5358
5358 4341
4341 5377
5377 4579
4579 5359
5359 4630
4630 757
757 1485
1485 4287
4287 7301
7301 7535
7535 6450
6450 1778
1778 898
898 2011
2011 4775
4775 7424
7424 8317
8317 984
984 1307
1307 8888
8888 4948
4948 8288
8288 263
263 5829
5829 9420
9420 1114
1114 5546
5546 440
440 8330
8330 960
960 105
105 810
810 1873
1873 8265
8265 4143
4143 5518
5518 9068
9068 5253
5253 8345
8345 1312
1312 9099
9099 1683
1683 3035
3035 5161
5161 517
517 8736
8736 5544
5544 6794
6794 1426
1426 4541
4541 157
157 8461
8461 2433
2433 7144
7144 6804
6804 2818
2818 9124
9124 4580
4580 8414
8414 5672
5672 5687
5687 1884
1884 3832
3832 8415
8415 5452
5452 1274
1274 1087
1087 8804
8804 1626
1626 3853
3853 9264
9264 620
620 8841
8841 5774
5774 290
290 7926
7926 1150
1150 5038
5038 4466
4466 5664
5664 208
208 6909
6909 4850
4850 7136
7136 294
294 4759
4759 633
633 9020
9020 8484
8484 6789
6789 6183
6183 2088
2088 1316
1316 4704
4704 3580
3580 1901
1901 1216
1216 3306
3306 3448
3448 4691
4691 2471
2471 2281
2281 9703
9703 484
484 7459
7459 7739
7739 6454
6454 4092
4092 53
53 5513
5513 882
882 9291
9291 1722
1722 9139
9139 134
134 2942
2942 2853
2853 790
790 1040
1040 8609
8609 2747
2747 2314
2314 3267
3267 2939
2939 3007
3007 3553
3553 6078
6078 728
728 7148
7148 1984
1984 4540
4540 1788
1788 1582
1582 8714
8714 8776
8776 2094
2094 163
163 5067
5067 6554
6554 1983
1983 1559
1559 7458
7458 6610
6610 3965
3965 6338
6338 308
308 3678
3678 4060
4060 8535
8535 5456
5456 6669
6669 5620
5620 9822
9822 2227
2227 6436
6436 4354
4354 3643
3643 5871
5871 4980
4980 2540
2540 4189
4189 92
92 4313
4313 5765
5765 7969
7969 4451
4451 9827
9827 9431
9431 3142
3142 603
603 1614
1614 6728
6728 2136
2136 5927
5927 9902
9902 7263
7263 7194
7194 5881
5881 9224
9224 404
404 3570
3570 1898
1898 1972
1972 5068
5068 2626
2626 1934
1934 8610
8610 4043
4043 739
739 4390
4390 153
153 3906
3906 5837
5837 2746
2746 7240
7240 5933
5933 6177
6177 5090
5090 525
525 4998
4998 3904
3904 8194
8194 6925
6925 3730
3730 3897
3897 6806
6806 293
293 9325
9325 2864
2864 3764
3764 3272
3272 9321
9321 9718
9718 155
155 6288
6288 7534
7534 945
945 3468
3468 8727
8727 4860
4860 4647
4647 9507
9507 4820
4820 3859
3859 2191
2191 3362
3362 8712
8712 8833
8833 6594
6594 7425
7425 915
915 6738
6738 7207
7207 4863
4863 2561
2561 9010
9010 3215
3215 8581
8581 4892
4892 8847
8847 1999
1999 3331
3331 9329
9329 946
946 4039
4039 8354
8354 8849
8849 1321
1321 4264
4264 6824
6824 390
390 5249
5249 5261
5261 7984
7984 9002
9002 826
826 7473
7473 7720
7720 2784
2784 8084
8084 8311
8311 4358
4358 5019
5019 5801
5801 9455
9455 2871
2871 7513
7513 7897
7897 6942
6942 7200
7200 2231
2231 6645
6645 9726
9726 2603
2603 2270
2270 3594
3594 5151
5151 1812
1812 3554
3554 4950
4950 3667
3667 3168
3168 930
930 5064
5064 8746
8746 8013
8013 1648
1648 6516
6516 7373
7373 7946
7946 2129
2129 4971
4971 8782
8782 408
408 586
586 4585
4585 2543
2543 2800
2800 8479
8479 4010
4010 7245
7245 5396
5396 7610
7610 2809
2809 2334
2334 3150
3150 8524
8524 5440
5440 9250
9250 8307
8307 1386
1386 3607
3607 8495
8495 4206
4206 3312
3312 462
462 9765
9765 6902
6902 6938
6938 6219
6219 8741
8741 469
469 2560
2560 9660
9660 6786
6786 5571
5571 705
705 5615
5615 4077
4077 3239
3239 2194
2194 7118
7118 7336
7336 4823
4823 8374
8374 6279
6279 9789
9789 5137
5137 7228
7228 9457
9457 2197
2197 205
205 1007
1007 351
351 126
126 5210
5210 9938
9938 2677
2677 5275
5275 3397
3397 8569
8569 5737
5737 9710
9710 852
852 6346
6346 2581
2581 9353
9353 340
340 5752
5752 3199
3199 6371
6371 5891
5891 6238
6238 6661
6661 3487
3487 6233
6233 3288
3288 9688
9688 962
962 7859
7859 5890
5890 9969
9969 3263
3263 9129
9129 2690
2690 8148
8148 5578
5578 8957
8957 1442
1442 3004
3004 4646
4646 314
314 1825
1825 2178
2178 8054
8054 1611
1611 5856
5856 679
679 4768
4768 2465
2465 8751
8751 4569
4569 392
392 8642
8642 8882
8882 9949
9949 8803
8803 526
526 7205
7205 1290
1290 1082
1082 4974
4974 9533
9533 3380
3380 423
423 942
942 2792
2792 5431
5431 3838
3838 8958
8958 1656
1656 7328
7328 6453
6453 8192
8192 8798
8798 9357
9357 7074
7074 7386
7386 8190
8190 4588
4588 3757
3757 3152
3152 6365
6365 4125
4125 2414
2414 3735
3735 8564
8564 7731
7731 2740
2740 3503
3503 4553
4553 4896
4896 2146
2146 7363
7363 5343
5343 3833
3833 6479
6479 2671
2671 6819
6819 1869
1869 5804
5804 8086
8086 2975
2975 6092
6092 3194
3194 4463
4463 6903
6903 7616
7616 2843
2843 9072
9072 7809
7809 2338
2338 8458
8458 3847
3847 6399
6399 6333
6333 1136
1136 4708
4708 9515
9515 1991
1991 3941
3941 7716
7716 3681
3681 9060
9060 1652
1652 6593
6593 8189
8189 7750
7750 7881
7881 2377
2377 5795
5795 909
909 1230
1230 3138
3138 4087
4087 1010
1010 1237
1237 8181
8181 6631
6631 566
566 1723
1723 5922
5922 332
332 299
299 9393
9393 2407
2407 1794
1794 2832
2832 1311
1311 7980
7980 1766
1766 2806
2806 5238
5238 3213
3213 4956
4956 3044
3044 9555
9555 1058
1058 762
762 9406
9406 6267
6267 4342
4342 1023
1023 1745
1745 8526
8526 1038
1038 1249
1249 3206
3206 5794
5794 1284
1284 5621
5621 7197
7197 5153
5153 9313
9313 5758
5758 4439
4439 233
233 1132
1132 5328
5328 2092
2092 8545
8545 9525
9525 4736
4736 3969
3969 8376
8376 4656
4656 1864
1864 6668
6668 2974
2974 6197
6197 2608
2608 419
419 1743
1743 844
844 2821
2821 925
925 4107
4107 1843
1843 9175
9175 5638
5638 5167
5167 3811
3811 1909
1909 5283
5283 4367
4367 8186
8186 2503
2503 8510
8510 4819
4819 3078
3078 3989
3989 5721
5721 3578
3578 6559
6559 8891
8891 1253
1253 9563
9563 4192
4192 7917
7917 9005
9005 5146
5146 5732
5732 1474
1474 6124
6124 3079
3079 4232
4232 2403
2403 215
215 9274
9274 5746
5746 2007
2007 9708
9708 3880
3880 887
887 4324
4324 3119
3119 2962
2962 5348
5348 3442
3442 7654
7654 1310
1310 3299
3299 3284
3284 8742
8742 1282
1282 9746
9746 646
646 1563
1563 6584
6584 8060
8060 8033
8033 2430
2430 3207
3207 7631
7631 2980
2980 3565
3565 540
540 9225
9225 6407
6407 1467
1467 1904
1904 6608
6608 2791
2791 5221
5221 3405
3405 2728
2728 2982
2982 7393
7393 2119
2119 2259
2259 5606
5606 8023
8023 8718
8718 4925
4925 9527
9527 9936
9936 8826
8826 9933
9933 4406
4406 3028
3028 7174
7174 8147
8147 8507
8507 1961
1961 5963
5963 1168
1168 9062
9062 9000
9000 5926
5926 6113
6113 1219
1219 7576
7576 4671
4671 4346
4346 6062
6062 8710
8710 8381
8381 3942
3942 1846
1846 9580
9580 1255
1255 6892
6892 977
977 5200
5200 6481
6481 338
338 183
183 7139
7139 7604
7604 4508
4508 2979
2979 6530
6530 9266
9266 7760
7760 4476
4476 2164
2164 2685
2685 302
302 6178
6178 2780
2780 7940
7940 9797
9797 712
712 4474
4474 9034
9034 6712
6712 2506
2506 3427
3427 2684
2684 683
683 6234
6234 5160
5160 2071
2071 4159
4159 4157
4157 885
885 6155
6155 4651
4651 4041
4041 638
638 4733
4733 5206
5206 9176
9176 9427
9427 4009
4009 151
151 5992
5992 4376
4376 1404
1404 3407
3407 2968
2968 6913
6913 186
186 7978
7978 4518
4518 3480
3480 5478
5478 9397
9397 4806
4806 3196
3196 8151
8151 226
226 148
148 6651
6651 2246
2246 1942
1942 579
579 2878
2878 3481
3481 4963
4963 2790
2790 1876
1876 674
674 9632
9632 7692
7692 7529
7529 9044
9044 9170
9170 2419
2419 6582
6582 3660
3660 9874
9874 6304
6304 7111
7111 2768
2768 9376
9376 7402
7402 3707
3707 6126
6126 6122
6122 3825
3825 6343
6343 9330
9330 6210
6210 5824
5824 3247
3247 7143
7143 5234
5234 5245
5245 406
406 2920
2920 8647
8647 4145
4145 7565
7565 7595
7595 2473
2473 1478
1478 3231
3231 7797
7797 1751
1751 8053
8053 9203
9203 2846
2846 4024
4024 5313
5313 7795
7795 2098
2098 2893
2893 4957
4957 1886
1886 8116
8116 4151
4151 3432
3432 5655
5655 6335
6335 9231
9231 9396
9396 2215
2215 6812
6812 4939
4939 4404
4404 1739
1739 1641
1641 76
76 15
15 9716
9716 493
493 7033
7033 3612
3612 1365
1365 2274
2274 320
320 3939
3939 5254
5254 2823
2823 7578
7578 8962
8962 63
63 3952
3952 1390
1390 3421
3421 383
383 893
893 6336
6336 9670
9670 5116
5116 6660
6660 267
267 250
250 806
806 4776
4776 7847
7847 2617
2617 8745
8745 8680
8680 7439
7439 3868
3868 3552
3552 6505
6505 8694
8694 9996
9996 5515
5515 6678
6678 3264
3264 7308
7308 2950
2950 5622
5622 7101
7101 8134
8134 3613
3613 7931
7931 4485
4485 5961
5961 5467
5467 5417
5417 2668
2668 3791
3791 1335
1335 2374
2374 2306
2306 3011
3011 507
507 6248
6248 9295
9295 8914
8914 5360
5360 6224
6224 2353
2353 4
4 283
283 34
34 8824
8824 812
812 7264
7264 1484
1484 9518
9518 9894
9894 4085
4085 7482
7482 6213
6213 3139
3139 639
639 7477
7477 3111
3111 4353
4353 9921
9921 2874
2874 8489
8489 824
824 1205
1205 472
472 3566
3566 3585
3585 821
821 4810
4810 9211
9211 7949
7949 7787
7787 6047
6047 9589
9589 8195
8195 7384
7384 8738
8738 5046
5046 6425
6425 8250
8250 3654
3654 9033
9033 555
555 581
581 5072
5072 7330
7330 4581
4581 5498
5498 1917
1917 9422
9422 4751
4751 7320
7320 5908
5908 2599
2599 6869
6869 3766
3766 1278
1278 1882
1882 5964
5964 8352
8352 8154
8154 1560
1560 2333
2333 9649
9649 3387
3387 7056
7056 2062
2062 5457
5457 1266
1266 2900
2900 1015
1015 7832
7832 9435
9435 9265
9265 6673
6673 7127
7127 2261
2261 3165
3165 2931
2931 5512
5512 4475
4475 4240
4240 3054
3054 1707
1707 8913
8913 8424
8424 5673
5673 1112
1112 276
276 3937
3937 2954
2954 3393
3393 3367
3367 4572
4572 9245
9245 1764
1764 515
515 3862
3862 2028
2028 2584
2584 2829
2829 6075
6075 1346
1346 2547
2547 2488
2488 2182
2182 6569
6569 1363
1363 120
120 3064
3064 7701
7701 4166
4166 8010
8010 2010
2010 237
237 4521
4521 2524
2524 5479
5479 9228
9228 9119
9119 649
649 6880
6880 3243
3243 5192
5192 93
93 7137
7137 6713
6713 8844
8844 3909
3909 7647
7647 1632
1632 6971
6971 3283
3283 703
703 331
331 3399
3399 2018
2018 1985
1985 8837
8837 1263
1263 545
545 5462
5462 6750
6750 9803
9803 7841
7841 3190
3190 1872
1872 3117
3117 2133
2133 8925
8925 9869
9869 8321
8321 5304
5304 3984
3984 8327
8327 9578
9578 2769
2769 7873
7873 901
901 5896
5896 3609
3609 6179
6179 1345
1345 5005
5005 400
400 6663
6663 5316
5316 4072
4072 1157
1157 3915
3915 9263
9263 3471
3471 8290
8290 1434
1434 3030
3030 3401
3401 2385
2385 1264
1264 5813
5813 6502
6502 4681
4681 4697
4697 6575
6575 7244
7244 491
491 2592
2592 4434
4434 2570
2570 9151
9151 8371
8371 2252
2252 8470
8470 6808
6808 6049
6049 4214
4214 3567
3567 8008
8008 1655
1655 2522
2522 8431
8431 9935
9935 6028
6028 5333
5333 1245
1245 7319
7319 253
253 928
928 574
574 4853
4853 557
557 967
967 8007
8007 8463
8463 2041
2041 1763
1763 8126
8126 8501
8501 397
397 5388
5388 4882
4882 5464
5464 487
487 9479
9479 1165
1165 9915
9915 9706
9706 7040
7040 4816
4816 4824
4824 6953
6953 3589
3589 3223
3223 9220
9220 9664
9664 2922
2922 7437
7437 8781
8781 3332
3332 6930
6930 6351
6351 9740
9740 111
111 333
333 7323
7323 3571
3571 1895
1895 4377
4377 5601
5601 7915
7915 4591
4591 40
40 1027
1027 7390
7390 3905
3905 7821
7821 9046
9046 2859
2859 4110
4110 4933
4933 1920
1920 5603
5603 2539
2539 7147
7147 7936
7936 3374
3374 547
547 7687
7687 5147
5147 5437
5437 7537
7537 8759
8759 9844
9844 8223
8223 5730
5730 7617
7617 4203
4203 7904
7904 9292
9292 6203
6203 4391
4391 6260
6260 130
130 9717
9717 175
175 1532
1532 1933
1933 2431
2431 9609
9609 8924
8924 2887
2887 4331
4331 9576
9576 4641
4641 5100
5100 3274
3274 560
560 8030
8030 2657
2657 5007
5007 3674
3674 8491
8491 1608
1608 6164
6164 7426
7426 2024
2024 6572
6572 5717
5717 3022
3022 629
629 770
770 2383
2383 8215
8215 4414
4414 4442
4442 6704
6704 8916
8916 3893
3893 2587
2587 3712
3712 4670
4670 1294
1294 2517
2517 5530
5530 5248
5248 7663
7663 9534
9534 2201
2201 4941
4941 6719
6719 1461
1461 9554
9554 1627
1627 3057
3057 3615
3615 7970
7970 4583
4583 878
878 4205
4205 5207
5207 4574
4574 5872
5872 4721
4721 4056
4056 2826
2826 3945
3945 9100
9100 5278
5278 8576
8576 9876
9876 4122
4122 4400
4400 2945
2945 2047
2047 2665
2665 131
131 3364
3364 4809
4809 9624
9624 8429
8429 9764
9764 8425
8425 9752
9752 8358
8358 1668
1668 1226
1226 556
556 6319
6319 2296
2296 1880
1880 3072
3072 3784
3784 4921
4921 2813
2813 1143
1143 4401
4401 1980
1980 6030
6030 8783
8783 4027
4027 3656
3656 4573
4573 7414
7414 2304
2304 5536
5536 8103
8103 1393
1393 723
723 1959
1959 470
470 6949
6949 2156
2156 6091
6091 4182
4182 2318
2318 4430
4430 8772
8772 8002
8002 9285
9285 2986
2986 7711
7711 4665
4665 1830
1830 49
49 5016
5016 3126
3126 9678
9678 9158
9158 5749
5749 5473
5473 8992
8992 2904
2904 9310
9310 9092
9092 3874
3874 4225
4225 3517
3517 9253
9253 7957
7957 1573
1573 2257
2257 8675
8675 5949
5949 8702
8702 7757
7757 4735
4735 6566
6566 9341
9341 7302
7302 6598
6598 7714
7714 5015
5015 2679
2679 6787
6787 9755
9755 8695
8695 3879
3879 5189
5189 3809
3809 9808
9808 3110
3110 166
166 9247
9247 5286
5286 8697
8697 8196
8196 655
655 1525
1525 3651
3651 9134
9134 2320
2320 9258
9258 9786
9786 9462
9462 9200
9200 1908
1908 993
993 4304
4304 8367
8367 8739
8739 5383
5383 5246
5246 2077
2077 2397
2397 1430
1430 2107
2107 9956
9956 9903
9903 2355
2355 529
529 4208
4208 2494
2494 4246
4246 478
478 9839
9839 7475
7475 3535
3535 4992
4992 28
28 7977
7977 7745
7745 7196
7196 5338
5338 9488
9488 1122
1122 3808
3808 112
112 2435
2435 3240
3240 8378
8378 6452
6452 7100
7100 8601
8601 3668
3668 6638
6638 8332
8332 6667
6667 9358
9358 823
823 7084
7084 7958
7958 32
32 4915
4915 7086
7086 6120
6120 1824
1824 3384
3384 2329
2329 7885
7885 4676
4676 7322
7322 1589
1589 8426
8426 9338
9338 5549
5549 348
348 3916
3916 853
853 1475
1475 5695
5695 8188
8188 6538
6538 1163
1163 5594
5594 814
814 5390
5390 8522
8522 1276
1276 1728
1728 8082
8082 7266
7266 6105
6105 554
554 1941
1941 6432
6432 3010
3010 2157
2157 4727
4727 4728
4728 146
146 5010
5010 2248
2248 8532
8532 5225
5225 6609
6609 8139
8139 8440
8440 1638
1638 2463
2463 2066
2066 3895
3895 6323
6323 4996
4996 929
929 4909
4909 7134
7134 787
787 5426
5426 4108
4108 9812
9812 1175
1175 8389
8389 3298
3298 5863
5863 3050
3050 9055
9055 5308
5308 8398
8398 9039
9039 9168
9168 5913
5913 2102
2102 5611
5611 3337
3337 2898
2898 2598
2598 2867
2867 9314
9314 6846
6846 3392
3392 9599
9599 684
684 5507
5507 7321
7321 2238
2238 2095
2095 1324
1324 2958
2958 4078
4078 6545
6545 7637
7637 3148
3148 3315
3315 9342
9342 8283
8283 7325
7325 9454
9454 9838
9838 2662
2662 6042
6042 5634
5634 7788
7788 6431
6431 4507
4507 2889
2889 2899
2899 375
375 1572
1572 4781
4781 8959
8959 7183
7183 36
36 2255
2255 9026
9026 8289
8289 8460
8460 1313
1313 7065
7065 6788
6788 1755
1755 2891
2891 3700
3700 5447
5447 2782
2782 8791
8791 4280
4280 6236
6236 3344
3344 6011
6011 904
904 4532
4532 1233
1233 4722
4722 8457
8457 5076
5076 8561
8561 1943
1943 668
668 817
817 3339
3339 1022
1022 2964
2964 7246
7246 888
888 6795
6795 7911
7911 6330
6330 773
773 9186
9186 4239
4239 2835
2835 9908
9908 5840
5840 3824
3824 1781
1781 3021
3021 1464
1464 3666
3666 702
702 6735
6735 2749
2749 9698
9698 7660
7660 3576
3576 675
675 3744
3744 18
18 9519
9519 564
564 6439
6439 4991
4991 1304
1304 8582
8582 352
352 3444
3444 6328
6328 6058
6058 6982
6982 127
127 9189
9189 4329
4329 5702
5702 738
738 6825
6825 8996
8996 2031
2031 2535
2535 4291
4291 477
477 8917
8917 3664
3664 5062
5062 3063
3063 2531
2531 8087
8087 4213
4213 6803
6803 6983
6983 2605
2605 858
858 8963
8963 8184
8184 3530
3530 6017
6017 9198
9198 5463
5463 592
592 8207
8207 8965
8965 5354
5354 5707
5707 7823
7823 8839
8839 4398
4398 7311
7311 9932
9932 9070
9070 438
438 8064
8064 2844
2844 9618
9618 6428
6428 1064
1064 6141
6141 886
886 7612
7612 3242
3242 3579
3579 6934
6934 2695
2695 6208
6208 5018
5018 3596
3596 1024
1024 9235
9235 621
621 6748
6748 3211
3211 2675
2675 4002
4002 4846
4846 5466
5466 2116
2116 6242
6242 5180
5180 4692
4692 6101
6101 2567
2567 7383
7383 1719
1719 8533
8533 3629
3629 8305
8305 4191
4191 7555
7555 4878
4878 5087
5087 6353
6353 6268
6268 916
916 2550
2550 6254
6254 2437
2437 805
805 9104
9104 6821
6821 4292
4292 1431
1431 2623
2623 1512
1512 4688
4688 9881
9881 2629
2629 1439
1439 2317
2317 4602
4602 9542
9542 4724
4724 3251
3251 8643
8643 543
543 4359
4359 700
700 2447
2447 8309
8309 7248
7248 4637
4637 559
559 1860
1860 1327
1327 1466
1466 4154
4154 7777
7777 1913
1913 4266
4266 8899
8899 4058
4058 3595
3595 3846
3846 8797
8797 8802
8802 9925
9925 7191
7191 8615
8615 2744
2744 9153
9153 2291
2291 1490
1490 4618
4618 6576
6576 9278
9278 648
648 3990
3990 1944
1944 3522
3522 3472
3472 405
405 7600
7600 3073
3073 9883
9883 6192
6192 6166
6166 9482
9482 6952
6952 968
968 7180
7180 9475
9475 1184
1184 9968
9968 5989
5989 4716
4716 8233
8233 902
902 6072
6072 9654
9654 7495
7495 7126
7126 7411
7411 447
447 804
804 6619
6619 4620
4620 8238
8238 3621
3621 9159
9159 3636
3636 4057
4057 5831
5831 9675
9675 4964
4964 5461
5461 6720
6720 2812
2812 6784
6784 8152
8152 5048
5048 595
595 9971
9971 7195
7195 2554
2554 2268
2268 1317
1317 7159
7159 3097
3097 8101
8101 6761
6761 6513
6513 1758
1758 4389
4389 3970
3970 3452
3452 413
413 2622
2622 1971
1971 1105
1105 873
873 1371
1371 7315
7315 8546
8546 5323
5323 7952
7952 8784
8784 4654
4654 4600
4600 3303
3303 147
147 3085
3085 7403
7403 2019
2019 9073
9073 291
291 2165
2165 7851
7851 9272
9272 2591
2591 7053
7053 839
839 8477
8477 9934
9934 3174
3174 3531
3531 2559
2559 3602
3602 59
59 2601
2601 5004
5004 7567
7567 6348
6348 9226
9226 7594
7594 8339
8339 9735
9735 5079
5079 7807
7807 216
216 2647
2647 8187
8187 9631
9631 5331
5331 7073
7073 1342
1342 3738
3738 539
539 8901
8901 4513
4513 1435
1435 1029
1029 4435
4435 2045
2045 4693
4693 4551
4551 2885
2885 8884
8884 6157
6157 380
380 5554
5554 4407
4407 394
394 8909
8909 5823
5823 5914
5914 9978
9978 9665
9665 154
154 91
91 7979
7979 5841
5841 9551
9551 1877
1877 4363
4363 6435
6435 5668
5668 1704
1704 7001
7001 326
326 9185
9185 3069
3069 3273
3273 9984
9984 9318
9318 3985
3985 3877
3877 8370
8370 1733
1733 1210
1210 8035
8035 2681
2681 6895
6895 2151
2151 9213
9213 6471
6471 5150
5150 5981
5981 4218
4218 9424
9424 2884
2884 268
268 8806
8806 7077
7077 551
551 4597
4597 2537
2537 5630
5630 6135
6135 8763
8763 640
640 7920
7920 1247
1247 1279
1279 8269
8269 435
435 4612
4612 2761
2761 2141
2141 307
307 295
295 6256
6256 6438
6438 8572
8572 1813
1813 3820
3820 8467
8467 3173
3173 1623
1623 508
508 6649
6649 8890
8890 9662
9662 4348
4348 7404
7404 7810
7810 2380
2380 9889
9889 8753
8753 4202
4202 9893
9893 9240
9240 7406
7406 7062
7062 3345
3345 6611
6611 2505
2505 8169
8169 8462
8462 488
488 1454
1454 3765
3765 5848
5848 7223
7223 4562
4562 1359
1359 2352
2352 6081
6081 6885
6885 4505
4505 7081
7081 2619
2619 8682
8682 8633
8633 8224
8224 9379
9379 7545
7545 9730
9730 192
192 8840
8840 630
630 5497
5497 8998
8998 4223
4223 7845
7845 923
923 4528
4528 5704
5704 6269
6269 2764
2764 3255
3255 3527
3527 3290
3290 9156
9156 143
143 3762
3762 8603
8603 1591
1591 4784
4784 9118
9118 5682
5682 1517
1517 7684
7684 7211
7211 8566
8566 5033
5033 1522
1522 1875
1875 272
272 5250
5250 3592
3592 301
301 2593
2593 1420
1420 7672
7672 7407
7407 3131
3131 4685
4685 9613
9613 4587
4587 6798
6798 5565
5565 2594
2594 2436
2436 4432
4432 4052
4052 584
584 3321
3321 5910
5910 2455
2455 8396
8396 7556
7556 4843
4843 6086
6086 5836
5836 5577
5577 3723
3723 4259
4259 3608
3608 5429
5429 3793
3793 7899
7899 5851
5851 5104
5104 4717
4717 1973
1973 7352
7352 1848
1848 4114
4114 5974
5974 6070
6070 8707
8707 9685
9685 121
121 1558
1558 8970
8970 2602
2602 3637
3637 7510
7510 651
651 51
51 8651
8651 4622
4622 3430
3430 5404
5404 273
273 2080
2080 2390
2390 5069
5069 4026
4026 1564
1564 8001
8001 5905
5905 9626
9626 1131
1131 2833
2833 6556
6556 6555
6555 4282
4282 4929
4929 2242
2242 9105
9105 7332
7332 7902
7902 5557
5557 7691
7691 6854
6854 7449
7449 6965
6965 3394
3394 7119
7119 1859
1859 8067
8067 4319
4319 3540
3540 323
323 264
264 4675
4675 6189
6189 4362
4362 924
924 9572
9572 8260
8260 6905
6905 7853
7853 7464
7464 1857
1857 6691
6691 9196
9196 4120
4120 5056
5056 9312
9312 6717
6717 7374
7374 5112
5112 64
64 4566
4566 7658
7658 605
605 5604
5604 5692
5692 5299
5299 7976
7976 68
68 8941
8941 7443
7443 953
953 8416
8416 7145
7145 5878
5878 1962
1962 1768
1768 3628
3628 2664
2664 5028
5028 9814
9814 9780
9780 3098
3098 5450
5450 4554
4554 3147
3147 1691
1691 786
786 1194
1194 2936
2936 6154
6154 6494
6494 4276
4276 7927
7927 6954
6954 9125
9125 6394
6394 7192
7192 341
341 1740
1740 136
136 9210
9210 9898
9898 6079
6079 3198
3198 8095
8095 4281
4281 402
402 1506
1506 856
856 841
841 654
654 9177
9177 7276
7276 65
65 3538
3538 5292
5292 6544
6544 5419
5419 3529
3529 919
919 3343
3343 2952
2952 5690
5690 7421
7421 8945
8945 6894
6894 7570
7570 771
771 7160
7160 8301
8301 2381
2381 8618
8618 5799
5799 2940
2940 5418
5418 9577
9577 8353
8353 3132
3132 8031
8031 6312
6312 5869
5869 4133
4133 3149
3149 5307
5307 1772
1772 2635
2635 9466
9466 5529
5529 9418
9418 7874
7874 9731
9731 4101
4101 4873
4873 4732
4732 3295
3295 8406
8406 3130
3130 3831
3831 4176
4176 3870
3870 6518
6518 2125
2125 6781
6781 261
261 1014
1014 387
387 3979
3979 5676
5676 451
451 4015
4015 230
230 9308
9308 3618
3618 608
608 9783
9783 5470
5470 3183
3183 8231
8231 6116
6116 5311
5311 9517
9517 1787
1787 6270
6270 8165
8165 2395
2395 9369
9369 4877
4877 2365
2365 4356
4356 6074
6074 6457
6457 6743
6743 5563
5563 7269
7269 8559
8559 1026
1026 4826
4826 8150
8150 3924
3924 745
745 8793
8793 7704
7704 2644
2644 4029
4029 7905
7905 749
749 2040
2040 9106
9106 4559
4559 1379
1379 783
783 4799
4799 2325
2325 512
512 4314
4314 3102
3102 4174
4174 6510
6510 2283
2283 4075
4075 1950
1950 5729
5729 5136
5136 2845
2845 5361
5361 3946
3946 7418
7418 1396
1396 7108
7108 9914
9914 6429
6429 5709
5709 4221
4221 3476
3476 7547
7547 7665
7665 685
685 6482
6482 2411
2411 6741
6741 6350
6350 1957
1957 4848
4848 9940
9940 8193
8193 6522
6522 7474
7474 652
652 4795
4795 7689
7689 7235
7235 8071
8071 7234
7234 5688
5688 7754
7754 2106
2106 4330
4330 7697
7697 5541
5541 7176
7176 657
657 1445
1445 9552
9552 7511
7511 2693
2693 1192
1192 3606
3606 7371
7371 79
79 2997
2997 5138
5138 2429
2429 6863
6863 9317
9317 6021
6021 1286
1286 774
774 1091
1091 9829
9829 2698
2698 5528
5528 1349
1349 4416
4416 8259
8259 5460
5460 3899
3899 297
297 2103
2103 6424
6424 5442
5442 7649
7649 5523
5523 3542
3542 3254
3254 1261
1261 6916
6916 7992
7992 7579
7579 8214
8214 8331
8331 541
541 6311
6311 5403
5403 8955
8955 5449
5449 5385
5385 1773
1773 3641
3641 9191
9191 7854
7854 6196
6196 7516
7516 8077
8077 3913
3913 7967
7967 1521
1521 458
458 701
701 2514
2514 3012
3012 6988
6988 8140
8140 4737
4737 3193
3193 4258
4258 2696
2696 1888
1888 5985
5985 947
947 5827
5827 1834
1834 4730
4730 7635
7635 1111
1111 1935
1935 3593
3593 1885
1885 7093
7093 7669
7669 6329
6329 4040
4040 6580
6580 3635
3635 5001
5001 7709
7709 2359
2359 3163
3163 1083
1083 3453
3453 2660
2660 8492
8492 1690
1690 8767
8767 4265
4265 9206
9206 8446
8446 371
371 3336
3336 1839
1839 7580
7580 835
835 4250
4250 2220
2220 38
38 4468
4468 2700
2700 3416
3416 2497
2497 1250
1250 9031
9031 2614
2614 7347
7347 3340
3340 9857
9857 658
658 9204
9204 5178
5178 5633
5633 9728
9728 5051
5051 6591
6591 5970
5970 5712
5712 8539
8539 7783
7783 6133
6133 3821
3821 1201
1201 1693
1693 9465
9465 9097
9097 7146
7146 7625
7625 2656
2656 5294
5294 8811
8811 2981
2981 4746
4746 5471
5471 7638
7638 7524
7524 9025
9025 3437
3437 3356
3356 3497
3497 3257
3257 6308
6308 2989
2989 5109
5109 8722
8722 6362
6362 223
223 7257
7257 4140
4140 573
573 5959
5959 9300
9300 1109
1109 997
997 3903
3903 513
513 1251
1251 2006
2006 5952
5952 6810
6810 4278
4278 249
249 3521
3521 4982
4982 6774
6774 9825
9825 2850
2850 8660
8660 6912
6912 1945
1945 439
439 8504
8504 589
589 2928
2928 245
245 6298
6298 7316
7316 7493
7493 5940
5940 1947
1947 9640
9640 5842
5842 446
446 321
321 9750
9750 5941
5941 9133
9133 3202
3202 7480
7480 3092
3092 4200
4200 5194
5194 1741
1741 9444
9444 9145
9145 7993
7993 5269
5269 7636
7636 4773
4773 7288
7288 2439
2439 4972
4972 8447
8447 2462
2462 8973
8973 9677
9677 3998
3998 4477
4477 7935
7935 9115
9115 9331
9331 5290
5290 1360
1360 9386
9386 8830
8830 9058
9058 3229
3229 14
14 6478
6478 110
110 7775
7775 9470
9470 8838
8838 4743
4743 8951
8951 292
292 7568
7568 8589
8589 3562
3562 9512
9512 7262
7262 1447
1447 7864
7864 7279
7279 5260
5260 2501
2501 729
729 3747
3747 4968
4968 4720
4720 4531
4531 8284
8284 2420
2420 41
41 2858
2858 8029
8029 8732
8732 1598
1598 7156
7156 6881
6881 1523
1523 7044
7044 1339
1339 8377
8377 836
836 7415
7415 8225
8225 7497
7497 748
748 6643
6643 2927
2927 5422
5422 9641
9641 6589
6589 2137
2137 6626
6626 6125
6125 2683
2683 2061
2061 4986
4986 8554
8554 2610
2610 5474
5474 6
6 779
779 62
62 1182
1182 9941
9941 9948
9948 9356
9356 2093
2093 1791
1791 4879
4879 5291
5291 6950
6950 4962
4962 9523
9523 7034
7034 8926
8926 9485
9485 880
880 8769
8769 7933
7933 5874
5874 9546
9546 9439
9439 6744
6744 7105
7105 5103
5103 1257
1257 3369
3369 5074
5074 3060
3060 699
699 8350
8350 2817
2817 1108
1108 4336
4336 780
780 346
346 3944
3944 3338
3338 8969
8969 7395
7395 2161
2161 4307
4307 5720
5720 7296
7296 1587
1587 4830
4830 3528
3528 3790
3790 7960
7960 9522
9522 5152
5152 5175
5175 44
44 8130
8130 1362
1362 4220
4220 7503
7503 6936
6936 4862
4862 2960
2960 2689
2689 8303
8303 9776
9776 1708
1708 3518
3518 975
975 209
209 3460
3460 2549
2549 9805
9805 3756
3756 1498
1498 6327
6327 9628
9628 1989
1989 9714
9714 3875
3875 1229
1229 5558
5558 9230
9230 6648
6648 2174
2174 6483
6483 6595
6595 5534
5534 8578
8578 5521
5521 1568
1568 3626
3626 72
72 3396
3396 565
565 2914
2914 8685
8685 7378
7378 3816
3816 3673
3673 9333
9333 428
428 6698
6698 7690
7690 1578
1578 4374
4374 3754
3754 9819
9819 2173
2173 1069
1069 4036
4036 2673
2673 6731
6731 2469
2469 4666
4666 3598
3598 2987
2987 3713
3713 259
259 82
82 4141
4141 475
475 5646
5646 9959
9959 5583
5583 7337
7337 6935
6935 7974
7974 5125
5125 2732
2732 4394
4394 443
443 5373
5373 7201
7201 4661
4661 7664
7664 6247
6247 1977
1977 1338
1338 3062
3062 6882
6882 784
784 4237
4237 8122
8122 9541
9541 4112
4112 3176
3176 7740
7740 8931
8931 8897
8897 7655
7655 2918
2918 3128
3128 9132
9132 8711
8711 9472
9472 3726
3726 857
857 6749
6749 5699
5699 29
29 6417
6417 5979
5979 9414
9414 5148
5148 7772
7772 8698
8698 4739
4739 6908
6908 2691
2691 3271
3271 6629
6629 67
67 9733
9733 7596
7596 7216
7216 3755
3755 1676
1676 9847
9847 2991
2991 5778
5778 4798
4798 2969
2969 7026
7026 7605
7605 8792
8792 6160
6160 8465
8465 6570
6570 8397
8397 8178
8178 1308
1308 222
222 1385
1385 3090
3090 1996
1996 6496
6496 482
482 7954
7954 5705
5705 9401
9401 1298
1298 1409
1409 3549
3549 6818
6818 588
588 7706
7706 6799
6799 2468
2468 2366
2366 9246
9246 4080
4080 9131
9131 949
949 7756
7756 9400
9400 5670
5670 816
816 9059
9059 990
990 9216
9216 4705
4705 4021
4021 9144
9144 5519
5519 6303
6303 3810
3810 1315
1315 8182
8182 9702
9702 7277
7277 6119
6119 9248
9248 8983
8983 4397
4397 2181
2181 2398
2398 797
797 5188
5188 2416
2416 4937
4937 9391
9391 210
210 6461
6461 5532
5532 2440
2440 3752
3752 3464
3464 8934
8934 5875
5875 150
150 3520
3520 9636
9636 9885
9885 7490
7490 3993
3993 8527
8527 4117
4117 972
972 5873
5873 2905
2905 3269
3269 2241
2241 1440
1440 3826
3826 7255
7255 9404
9404 1646
1646 6665
6665 7087
7087 4261
4261 2590
2590 7732
7732 6886
6886 5660
5660 7770
7770 7508
7508 6145
6145 9952
9952 22
22 8011
8011 1318
1318 104
104 6294
6294 8987
8987 8119
8119 847
847 9383
9383 3478
3478 4366
4366 425
425 5235
5235 7743
7743 8171
8171 1783
1783 1213
1213 2697
2697 6601
6601 466
466 6077
6077 7937
7937 187
187 7466
7466 2457
2457 3515
3515 236
236 385
385 1918
1918 2951
2951 2808
2808 1322
1322 6109
6109 5790
5790 3728
3728 1650
1650 2476
2476 9337
9337 4187
4187 7329
7329 8871
8871 5399
5399 255
255 4645
4645 8875
8875 95
95 753
753 870
870 2752
2752 7348
7348 4894
4894 939
939 2558
2558 6071
6071 7109
7109 3773
3773 2541
2541 9997
9997 4804
4804 2086
2086 3662
3662 8208
8208 1618
1618 156
156 316
316 9587
9587 1356
1356 5355
5355 2084
2084 7099
7099 8988
8988 1477
1477 7434
7434 1176
1176 3533
3533 5815
5815 2534
2534 5135
5135 437
437 6226
6226 8360
8360 4838
4838 3435
3435 2421
2421 6198
6198 9736
9736 996
996 5133
5133 4849
4849 8333
8333 1790
1790 4096
4096 6093
6093 277
277 5564
5564 680
680 8244
8244 1387
1387 7498
7498 7584
7584 3461
3461 9051
9051 9497
9497 7409
7409 8748
8748 7796
7796 4729
4729 1597
1597 5977
5977 5484
5484 9187
9187 2055
2055 372
372 9895
9895 3006
3006 9749
9749 8032
8032 3866
3866 7834
7834 2034
2034 7530
7530 3376
3376 286
286 7227
7227 1836
1836 2453
2453 7762
7762 2849
2849 5093
5093 7983
7983 9652
9652 2444
2444 695
695 8729
8729 6495
6495 4864
4864 2814
2814 8106
8106 6857
6857 4514
4514 1975
1975 7924
7924 982
982 1009
1009 274
274 5438
5438 4924
4924 5843
5843 6257
6257 3601
3601 7748
7748 6430
6430 4726
4726 1265
1265 7071
7071 2044
2044 5723
5723 6249
6249 1383
1383 5642
5642 1680
1680 9575
9575 42
42 656
656 8690
8690 5232
5232 9916
9916 386
386 897
897 6381
6381 842
842 5173
5173 9043
9043 7429
7429 2682
2682 4275
4275 3665
3665 9912
9912 6525
6525 8628
8628 7272
7272 7364
7364 5322
5322 8435
8435 9621
9621 6044
6044 5595
5595 2464
2464 3653
3653 8720
8720 367
367 572
572 6476
6476 7004
7004 7226
7226 3438
3438 7307
7307 8012
8012 2478
2478 5716
5716 8176
8176 7966
7966 2240
2240 5495
5495 9737
9737 9734
9734 1775
1775 2778
2778 8836
8836 1557
1557 4772
4772 8508
8508 3383
3383 2167
2167 6480
6480 2112
2112 75
75 3958
3958 3302
3302 3927
3927 7870
7870 4829
4829 7673
7673 9864
9864 2115
2115 4227
4227 2727
2727 8807
8807 4299
4299 5574
5574 5317
5317 3236
3236 2544
2544 6299
6299 8956
8956 5080
5080 391
391 1831
1831 6090
6090 5096
5096 8762
8762 1268
1268 9339
9339 3761
3761 6163
6163 6994
6994 1556
1556 8779
8779 8328
8328 6773
6773 5892
5892 8872
8872 4934
4934 1124
1124 4515
4515 8870
8870 7236
7236 3301
3301 6443
6443 8403
8403 4315
4315 7129
7129 2046
2046 766
766 5726
5726 1616
1616 2142
2142 2308
2308 4644
4644 7202
7202 7472
7472 9221
9221 2607
2607 8874
8874 5978
5978 8346
8346 561
561 3305
3305 1580
1580 4530
4530 865
865 4347
4347 7986
7986 7996
7996 5608
5608 563
563 1823
1823 8911
8911 3366
3366 1543
1543 6309
6309 4889
4889 6858
6858 4796
4796 7430
7430 647
647 1599
1599 1238
1238 3455
3455 6110
6110 7128
7128 1135
1135 8204
8204 2712
2712 7055
7055 9724
9724 9486
9486 5157
5157 5285
5285 5653
5653 6406
6406 8761
8761 3972
3972 1042
1042 2772
2772 8577
8577 4745
4745 1835
1835 7822
7822 4298
4298 2418
2418 9709
9709 6010
6010 7370
7370 2949
2949 764
764 6004
6004 5693
5693 5862
5862 2652
2652 4042
4042 8758
8758 6849
6849 7674
7674 8323
8323 4555
4555 6488
6488 6993
6993 2009
2009 2990
2990 1134
1134 6688
6688 3997
3997 3490
3490 9463
9463 3721
3721 3843
3843 2932
2932 713
713 3385
3385 2200
2200 5852
5852 6347
6347 5750
5750 2511
2511 7252
7252 3511
3511 9747
9747 278
278 8592
8592 5971
5971 5042
5042 429
429 1373
1373 135
135 3382
3382 2293
2293 2171
2171 3291
3291 6889
6889 4492
4492 3863
3863 1060
1060 6640
6640 6358
6358 172
172 9040
9040 211
211 4388
4388 6817
6817 1073
1073 2613
2613 1395
1395 8595
8595 2160
2160 4422
4422 2101
2101 3638
3638 1086
1086 3672
3672 456
456 9673
9673 8975
8975 7955
7955 5485
5485 1076
1076 1709
1709 9160
9160 6218
6218 460
460 6928
6928 6284
6284 434
434 5551
5551 8815
8815 2315
2315 2562
2562 8113
8113 5040
5040 3981
3981 6420
6420 9926
9926 3919
3919 3114
3114 3408
3408 6620
6620 4690
4690 1384
1384 9524
9524 8928
8928 5021
5021 7876
7876 3564
3564 1043
1043 6887
6887 3083
3083 1926
1926 9772
9772 1569
1569 2300
2300 8944
8944 1104
1104 5381
5381 2721
2721 3749
3749 4756
4756 6036
6036 8708
8708 7575
7575 7357
7357 8249
8249 3075
3075 788
788 1695
1695 1419
1419 3675
3675 4961
4961 7334
7334 9855
9855 4589
4589 6184
6184 3371
3371 8276
8276 232
232 8047
8047 2877
2877 5666
5666 6779
6779 2886
2886 6760
6760 4478
4478 7848
7848 6080
6080 8088
8088 3495
3495 8964
8964 2519
2519 5618
5618 8912
8912 4789
4789 189
189 9155
9155 2502
2502 3711
3711 6563
6563 5736
5736 4371
4371 3350
3350 7185
7185 1107
1107 6015
6015 3216
3216 2135
2135 4695
4695 481
481 671
671 544
544 3419
3419 5742
5742 7794
7794 2277
2277 2393
2393 2480
2480 7741
7741 2004
2004 48
48 2410
2410 8129
8129 2441
2441 4473
4473 4016
4016 4197
4197 9279
9279 6087
6087 681
681 3386
3386 9684
9684 1066
1066 2529
2529 9639
9639 306
306 349
349 1777
1777 1995
1995 9182
9182 270
270 4486
4486 7945
7945 369
369 1605
1605 7162
7162 1452
1452 4457
4457 2217
2217 3014
3014 932
932 3902
3902 2186
2186 3885
3885 8773
8773 9732
9732 3957
3957 8404
8404 8041
8041 2658
2658 490
490 5432
5432 3732
3732 4352
4352 1353
1353 1050
1050 8418
8418 1299
1299 2573
2573 6666
6666 9748
9748 8237
8237 9433
9433 934
934 7825
7825 7963
7963 9918
9918 9367
9367 5767
5767 6498
6498 4014
4014 9361
9361 2388
2388 8978
8978 9282
9282 8494
8494 2762
2762 9236
9236 6147
6147 3502
3502 5624
5624 3967
3967 3186
3186 8287
8287 5901
5901 476
476 506
506 9481
9481 9767
9767 5130
5130 4184
4184 9886
9886 6013
6013 2946
2946 4123
4123 8338
8338 9499
9499 1770
1770 5649
5649 4499
4499 4097
4097 8111
8111 9856
9856 2415
2415 829
829 3403
3403 7554
7554 6352
6352 4609
4609 334
334 9816
9816 6504
6504 6637
6637 6615
6615 9016
9016 4987
4987 9529
9529 8382
8382 4427
4427 3043
3043 5759
5759 3851
3851 2364
2364 3462
3462 3889
3889 7811
7811 1450
1450 580
580 1890
1890 6898
6898 7041
7041 627
627 6014
6014 8843
8843 2628
2628 598
598 2574
2574 1382
1382 3994
3994 6732
6732 5123
5123 6624
6624 5797
5797 9981
9981 162
162 4069
4069 9627
9627 5868
5868 8809
8809 9896
9896 452
452 4051
4051 7569
7569 6986
6986 6616
6616 7479
7479 940
940 6029
6029 6190
6190 8696
8696 9087
9087 3788
3788 5734
5734 7007
7007 2204
2204 7133
7133 2302
2302 3143
3143 2284
2284 4527
4527 874
874 9656
9656 6968
6968 931
931 9085
9085 1462
1462 6266
6266 9149
9149 2298
2298 3839
3839 9635
9635 2316
2316 6128
6128 142
142 5619
5619 141
141 4308
4308 6687
6687 7539
7539 5789
5789 5095
5095 2882
2882 5614
5614 850
850 602
602 9042
9042 8616
8616 1774
1774 5987
5987 1197
1197 9648
9648 7281
7281 4456
4456 107
107 3661
3661 7090
7090 9184
9184 7300
7300 5029
5029 808
808 7016
7016 1020
1020 5861
5861 4413
4413 7514
7514 7939
7939 6578
6578 2551
2551 6540
6540 3324
3324 616
616 4000
4000 8003
8003 7950
7950 9513
9513 4333
4333 743
743 1116
1116 3214
3214 1643
1643 9579
9579 8028
8028 4472
4472 6536
6536 3205
3205 3882
3882 4857
4857 7657
7657 7170
7170 8443
8443 2059
2059 9154
9154 298
298 7015
7015 2807
2807 8731
8731 2121
2121 6038
6038 6063
6063 6441
6441 5809
5809 6792
6792 8124
8124 5065
5065 8542
8542 2701
2701 4758
4758 9741
9741 1039
1039 5665
5665 2132
2132 2379
2379 7175
7175 5924
5924 965
965 8900
8900 3112
3112 6543
6543 645
645 5798
5798 1829
1829 7574
7574 5078
5078 8146
8146 5741
5741 6981
6981 2512
2512 3241
3241 7527
7527 2412
2412 5548
5548 1732
1732 5066
5066 7708
7708 6046
6046 5071
5071 161
161 1113
1113 1595
1595 1820
1820 8801
8801 7742
7742 642
642 8369
8369 191
191 7898
7898 9023
9023 9690
9690 1183
1183 721
721 3351
3351 5654
5654 3718
3718 2528
2528 8253
8253 1202
1202 3259
3259 5925
5925 5694
5694 6823
6823 6342
6342 7934
7934 5444
5444 4481
4481 318
318 1965
1965 6684
6684 848
848 8138
8138 8730
8730 8567
8567 7872
7872 3789
3789 2048
2048 3940
3940 50
50 5662
5662 6297
6297 6103
6103 9500
9500 5309
5309 1019
1019 3999
3999 4469
4469 3155
3155 4310
4310 5149
5149 4445
4445 7239
7239 7369
7369 1348
1348 7005
7005 2404
2404 536
536 8340
8340 1117
1117 6008
6008 6027
6027 1548
1548 6999
6999 9171
9171 9676
9676 6860
6860 4575
4575 1881
1881 3391
3391 2033
2033 1326
1326 8855
8855 2680
2680 9623
9623 7428
7428 3720
3720 969
969 614
614 9604
9604 312
312 5477
5477 2459
2459 798
798 7178
7178 2079
2079 8622
8622 6459
6459 2169
2169 7678
7678 6828
6828 6437
6437 1199
1199 4516
4516 8072
8072 9701
9701 8080
8080 78
78 5944
5944 5617
5617 2230
2230 5945
5945 84
84 518
518 3265
3265 9976
9976 5022
5022 5714
5714 8388
8388 1725
1725 5341
5341 8663
8663 849
849 8314
8314 2822
2822 5262
5262 2072
2072 8943
8943 6040
6040 7910
7910 8200
8200 4368
4368 6497
6497 2260
2260 4309
4309 118
118 8740
8740 2595
2595 3769
3769 9014
9014 4037
4037 8873
8873 4778
4778 7309
7309 1854
1854 3948
3948 4748
4748 1771
1771 777
777 9550
9550 9110
9110 6132
6132 1795
1795 9057
9057 1753
1753 1366
1366 6367
6367 1769
1769 309
309 2456
2456 9164
9164 7868
7868 1819
1819 7956
7956 8505
8505 242
242 9878
9878 7224
7224 3841
3841 2785
2785 6647
6647 2703
2703 8017
8017 8433
8433 1220
1220 5197
5197 20
20 9256
9256 746
746 1702
1702 1364
1364 1928
1928 1144
1144 2841
2841 2450
2450 5773
5773 1924
1924 1164
1164 3220
3220 6527
6527 9745
9745 4455
4455 2888
2888 2170
2170 1001
1001 1180
1180 6547
6547 8816
8816 3479
3479 483
483 6977
6977 6442
6442 3137
3137 9658
9658 9972
9972 7020
7020 6807
6807 7377
7377 9774
9774 7717
7717 6127
6127 1080
1080 4800
4800 8562
8562 9973
9973 5680
5680 1156
1156 6528
6528 5994
5994 4859
4859 1862
1862 6180
6180 7173
7173 4868
4868 8274
8274 8864
8864 4091
4091 2895
2895 6872
6872 2754
2754 6162
6162 4807
4807 9458
9458 7532
7532 4020
4020 9140
9140 8475
8475 85
85 938
938 8409
8409 3457
3457 2113
2113 5030
5030 5318
5318 463
463 8982
8982 4560
4560 8372
8372 4339
4339 3541
3541 2013
2013 3101
3101 1806
1806 9041
9041 6408
6408 6765
6765 1621
1621 6393
6393 6835
6835 8438
8438 5406
5406 1280
1280 7733
7733 5625
5625 4603
4603 6830
6830 5386
5386 978
978 5227
5227 9622
9622 4216
4216 8093
8093 6373
6373 619
619 2434
2434 4160
4160 8295
8295 6357
6357 7889
7889 995
995 775
775 246
246 7292
7292 8906
8906 8123
8123 7871
7871 4284
4284 7621
7621 670
670 9065
9065 4919
4919 4482
4482 9568
9568 5803
5803 3233
3233 7930
7930 4381
4381 1756
1756 4938
4938 1940
1940 4004
4004 2909
2909 2730
2730 2448
2448 311
311 4593
4593 715
715 2247
2247 3715
3715 3683
3683 5412
5412 2659
2659 7843
7843 6404
6404 1291
1291 9989
9989 663
663 5298
5298 3398
3398 4364
4364 5140
5140 6955
6955 799
799 9143
9143 2376
2376 2751
2751 979
979 6263
6263 8721
8721 892
892 8749
8749 3911
3911 792
792 5942
5942 1332
1332 5114
5114 6587
6587 8329
8329 2282
2282 4067
4067 5661
5661 3506
3506 1388
1388 9501
9501 2973
2973 8820
8820 4835
4835 4127
4127 3802
3802 8255
8255 751
751 1634
1634 6041
6041 7782
7782 7560
7560 3646
3646 1639
1639 2249
2249 9135
9135 8251
8251 4700
4700 4380
4380 3574
3574 2518
2518 4361
4361 4183
4183 5627
5627 9001
9001 1856
1856 2234
2234 905
905 4155
4155 9610
9610 7154
7154 6551
6551 3555
3555 8143
8143 1866
1866 7563
7563 9768
9768 7923
7923 10
10 6136
6136 6574
6574 3045
3045 5044
5044 6926
6926 6401
6401 2794
2794 2632
2632 690
690 8048
8048 4210
4210 7451
7451 1610
1610 575
575 7221
7221 355
355 6426
6426 496
496 6444
6444 7998
7998 5144
5144 2757
2757 2781
2781 3873
3873 9207
9207 8430
8430 1273
1273 5886
5886 3317
3317 4116
4116 6933
6933 1737
1737 5165
5165 3023
3023 9370
9370 5845
5845 2787
2787 3551
3551 4740
4740 1097
1097 1123
1123 5505
5505 6918
6918 6045
6045 3878
3878 1244
1244 9617
9617 7948
7948 8285
8285 1672
1672 8468
8468 9682
9682 8543
8543 21
21 1239
1239 8693
8693 6389
6389 4537
4537 7120
7120 9792
9792 7608
7608 6579
6579 8454
8454 5400
5400 3685
3685 7299
7299 1415
1415 9138
9138 8057
8057 981
981 3935
3935 1158
1158 7729
7729 3848
3848 6565
6565 5980
5980 2935
2935 339
339 350
350 7282
7282 3536
3536 9892
9892 6628
6628 1331
1331 8831
8831 2775
2775 4296
4296 722
722 7630
7630 3201
3201 8600
8600 7666
7666 2742
2742 937
937 9532
9532 9090
9090 6253
6253 5394
5394 6512
6512 3412
3412 422
422 8904
8904 2869
2869 1653
1653 1678
1678 7633
7633 3482
3482 7326
7326 3232
3232 3352
3352 9101
9101 1530
1530 5902
5902 4912
4912 4201
4201 1706
1706 6048
6048 2408
2408 9095
9095 2391
2391 3217
3217 3597
3597 5111
5111 6368
6368 5199
5199 6844
6844 1422
1422 604
604 4935
4935 4954
4954 3245
3245 1421
1421 1841
1841 4088
4088 9449
9449 2144
2144 5791
5791 7525
7525 7780
7780 1551
1551 1376
1376 4790
4790 6282
6282 3003
3003 7054
7054 1505
1505 5739
5739 2067
2067 9385
9385 325
325 1796
1796 5645
5645 1844
1844 612
612 9434
9434 9130
9130 1651
1651 4147
4147 2641
2641 9953
9953 4328
4328 8243
8243 501
501 864
864 4564
4564 7453
7453 6379
6379 8046
8046 113
113 9209
9209 5073
5073 7723
7723 3599
3599 4590
4590 1809
1809 279
279 6006
6006 3855
3855 3156
3156 433
433 5106
5106 6000
6000 8678
8678 4049
4049 103
103 1407
1407 9181
9181 3539
3539 2127
2127 8902
8902 1085
1085 2205
2205 8863
8863 4003
4003 6290
6290 3105
3105 2070
2070 6121
6121 6187
6187 803
803 3037
3037 9352
9352 4263
4263 3577
3577 4749
4749 5398
5398 801
801 5652
5652 9666
9666 169
169 9650
9650 7283
7283 5629
5629 4302
4302 5526
5526 3341
3341 6130
6130 3
3 6392
6392 7165
7165 1008
1008 4506
4506 2139
2139 2576
2576 9922
9922 3055
3055 4794
4794 2917
2917 8410
8410 5433
5433 5998
5998 4867
4867 7627
7627 5555
5555 1801
1801 5266
5266 4343
4343 3758
3758 9288
9288 6153
6153 8070
8070 9362
9362 4928
4928 9328
9328 1089
1089 6585
6585 6231
6231 7615
7615 6694
6694 7019
7019 23
23 73
73 7857
7857 5656
5656 6382
6382 3818
3818 8164
8164 4805
4805 6169
6169 8417
8417 4757
4757 4089
4089 4105
4105 3968
3968 3104
3104 3500
3500 4616
4616 9615
9615 7990
7990 1495
1495 2358
2358 3335
3335 5424
5424 9441
9441 3089
3089 8985
8985 9907
9907 7167
7167 3395
3395 3657
3657 6397
6397 8910
8910 5744
5744 1993
1993 3737
3737 464
464 3682
3682 5337
5337 180
180 8487
8487 2148
2148 9214
9214 258
258 7052
7052 1368
1368 9476
9476 7408
7408 3813
3813 7179
7179 1581
1581 3309
3309 2425
2425 2716
2716 4285
4285 8580
8580 9655
9655 7557
7557 1893
1893 7335
7335 1438
1438 1102
1102 8198
8198 7552
7552 4164
4164 3954
3954 2976
2976 1232
1232 1153
1153 9365
9365 6623
6623 1546
1546 3107
3107 6621
6621 5728
5728 2819
2819 7138
7138 7397
7397 3262
3262 4396
4396 2428
2428 3036
3036 1645
1645 6194
6194 1062
1062 3246
3246 2401
2401 2149
2149 7444
7444 3795
3795 7187
7187 2633
2633 5058
5058 1976
1976 8318
8318 877
877 5214
5214 1218
1218 9242
9242 1016
1016 4738
4738 8679
8679 2771
2771 6176
6176 8649
8649 2126
2126 2120
2120 3470
3470 4811
4811 9260
9260 5930
5930 6137
6137 4425
4425 7435
7435 7349
7349 7693
7693 1059
1059 4947
4947 8623
8623 9197
9197 5425
5425 2944
2944 5101
5101 3964
3964 8179
8179 4539
4539 504
504 5141
5141 6718
6718 3002
3002 5589
5589 9739
9739 3983
3983 1300
1300 4031
4031 1200
1200 3669
3669 3379
3379 876
876 204
204 4944
4944 9071
9071 2110
2110 4395
4395 1242
1242 2037
2037 6207
6207 1620
1620 3923
3923 7476
7476 8827
8827 6003
6003 6866
6866 1657
1657 7749
7749 6603
6603 5566
5566 3830
3830 5876
5876 5995
5995 2996
2996 2538
2538 4631
4631 7991
7991 6868
6868 454
454 1816
1816 2438
2438 1613
1613 1960
1960 2214
2214 5011
5011 45
45 2368
2368 5533
5533 1473
1473 7566
7566 7256
7256 9076
9076 7855
7855 5854
5854 3109
3109 8796
8796 4293
4293 4245
4245 6656
6656 8971
8971 6468
6468 9642
9642 6227
6227 7405
7405 3170
3170 653
653 7875
7875 644
644 7964
7964 8275
8275 1821
1821 2636
2636 6759
6759 2492
2492 9756
9756 9598
9598 9075
9075 7387
7387 7526
7526 5675
5675 2475
2475 1152
1152 3582
3582 2577
2577 2618
2618 4068
4068 5916
5916 1406
1406 552
552 7069
7069 3591
3591 6716
6716 6705
6705 6320
6320 1035
1035 4628
4628 7006
7006 239
239 9990
9990 5347
5347 3354
3354 1195
1195 5476
5476 1000
1000 9450
9450 2150
2150 5117
5117 4734
4734 7354
7354 7380
7380 8385
8385 4983
4983 1515
1515 6689
6689 9738
9738 992
992 5882
5882 720
720 3300
3300 30
30 1355
1355 3708
3708 5864
5864 9751
9751 2670
2670 2726
2726 2250
2250 7343
7343 9037
9037 9079
9079 414
414 5375
5375 4490
4490 6271
6271 1138
1138 8432
8432 6946
6946 2479
2479 8878
8878 5414
5414 3018
3018 6138
6138 709
709 9565
9565 1471
1471 4254
4254 3446
3446 7837
7837 4231
4231 8818
8818 2863
2863 7080
7080 7280
7280 1635
1635 9691
9691 7314
7314 6920
6920 5906
5906 2734
2734 5701
5701 593
593 3679
3679 9794
9794 5154
5154 4190
4190 5229
5229 1463
1463 7712
7712 4870
4870 4064
4064 8686
8686 6278
6278 9430
9430 3770
3770 6363
6363 3450
3450 5043
5043 5434
5434 2930
2930 8634
8634 8128
8128 6553
6553 2482
2482 310
310 2743
2743 7590
7590 5356
5356 9643
9643 9371
9371 6258
6258 365
365 1446
1446 9638
9638 2370
2370 9461
9461 3041
3041 1700
1700 7013
7013 7607
7607 8423
8423 7312
7312 4212
4212 3266
3266 2527
2527 5567
5567 2354
2354 7805
7805 1811
1811 5363
5363 9496
9496 4495
4495 6834
6834 1045
1045 5626
5626 7025
7025 1545
1545 669
669 6711
6711 9490
9490 6369
6369 3349
3349 6507
6507 7622
7622 1647
1647 1241
1241 412
412 7941
7941 9477
9477 8162
8162 6802
6802 9719
9719 8400
8400 9080
9080 7310
7310 140
140 3289
3289 6739
6739 6899
6899 4662
4662 3034
3034 8383
8383 1542
1542 7441
7441 7515
7515 3456
3456 2745
2745 9116
9116 6766
6766 4545
4545 5575
5575 1198
1198 677
677 8488
8488 4497
4497 4599
4599 562
562 6246
6246 5472
5472 7641
7641 6413
6413 4301
4301 7489
7489 9544
9544 2038
2038 2351
2351 3572
3572 4744
4744 4650
4650 100
100 6396
6396 9614
9614 5756
5756 3118
3118 117
117 3705
3705 2382
2382 2487
2487 6056
6056 9287
9287 5969
5969 9939
9939 1688
1688 4814
4814 9078
9078 7231
7231 7808
7808 5219
5219 6508
6508 4104
4104 7398
7398 4144
4144 4405
4405 8478
8478 6878
6878 1677
1677 2166
2166 3748
3748 1427
1427 3925
3925 9030
9030 4969
4969 9540
9540 1018
1018 1437
1437 7546
7546 5274
5274 1953
1953 5805
5805 3365
3365 9136
9136 269
269 7929
7929 2085
2085 5569
5569 9219
9219 3188
3188 1334
1334 6451
6451 9336
9336 3504
3504 9081
9081 2310
2310 8310
8310 6131
6131 3333
3333 2796
2796 3510
3510 5027
5027 2804
2804 8141
8141 9088
9088 1254
1254 7759
7759 7863
7863 3779
3779 9667
9667 1465
1465 1033
1033 1674
1674 3716
3716 9452
9452 3361
3361 9491
9491 9255
9255 5162
5162 7583
7583 1196
1196 607
607 7618
7618 3377
3377 9712
9712 5233
5233 6590
6590 9943
9943 1851
1851 7278
7278 6747
6747 7907
7907 9561
9561 5520
5520 7738
7738 1449
1449 9725
9725 1968
1968 4538
4538 145
145 4770
4770 5545
5545 6633
6633 971
971 8817
8817 8540
8540 5032
5032 7893
7893 9693
9693 6562
6562 9262
9262 7456
7456 7388
7388 5240
5240 957
957 9473
9473 696
696 9280
9280 5931
5931 4834
4834 198
198 9123
9123 1416
1416 8750
8750 4908
4908 9243
9243 8356
8356 6604
6604 3690
3690 5295
5295 6697
6697 9835
9835 9841
9841 6845
6845 4833
4833 2748
2748 4156
4156 2777
2777 8930
8930 9375
9375 8515
8515 7391
7391 3861
3861 666
666 7662
7662 5860
5860 959
959 6287
6287 8629
8629 5320
5320 2963
2963 4922
4922 2758
2758 3693
3693 2793
2793 479
479 3627
3627 6723
6723 6061
6061 7601
7601 7531
7531 3901
3901 4467
4467 2331
2331 2219
2219 7517
7517 4706
4706 3258
3258 4511
4511 9611
9611 4576
4576 2177
2177 3171
3171 1606
1606 2336
2336 1090
1090 5455
5455 8211
8211 4769
4769 178
178 329
329 6245
6245 6904
6904 6727
6727 9029
9029 6966
6966 9096
9096 1822
1822 3372
3372 9955
9955 5681
5681 1734
1734 2307
2307 4167
4167 7645
7645 4664
4664 2423
2423 2640
2640 3024
3024 3742
3742 8089
8089 1507
1507 4687
4687 4610
4610 1720
1720 2357
2357 260
260 5610
5610 5597
5597 4851
4851 2322
2322 35
35 2938
2938 1906
1906 1491
1491 3252
3252 8293
8293 6052
6052 9982
9982 9018
9018 9867
9867 2943
2943 1527
1527 8118
8118 6524
6524 7842
7842 7375
7375 9419
9419 9833
9833 1716
1716 2140
2140 1549
1549 2335
2335 9048
9048 6301
6301 4179
4179 747
747 4244
4244 1550
1550 9920
9920 1206
1206 4294
4294 7219
7219 1457
1457 1644
1644 9596
9596 4340
4340 8876
8876 9904
9904 3767
3767 7381
7381 8848
8848 1694
1694 8979
8979 5315
5315 8297
8297 7032
7032 8336
8336 2349
2349 716
716 1483
1483 911
911 2039
2039 6462
6462 5405
5405 8125
8125 8390
8390 2902
2902 5504
5504 8375
8375 9438
9438 5059
5059 5991
5991 5305
5305 6679
6679 3912
3912 731
731 6529
6529 4520
4520 9299
9299 741
741 3652
3652 8691
8691 185
185 6405
6405 235
235 9606
9606 7003
7003 5039
5039 4993
4993 2145
2145 5362
5362 7433
7433 6571
6571 9582
9582 1146
1146 4322
4322 3684
3684 123
123 3020
3020 9713
9713 473
473 9152
9152 60
60 2686
2686 8121
8121 1221
1221 2303
2303 7839
7839 3933
3933 1759
1759 1179
1179 2446
2446 5965
5965 6865
6865 5251
5251 1520
1520 8387
8387 5938
5938 3162
3162 7994
7994 3447
3447 951
951 5935
5935 5934
5934 2452
2452 1424
1424 2326
2326 7824
7824 9415
9415 9012
9012 768
768 9509
9509 6216
6216 257
257 2834
2834 2872
2872 4148
4148 4951
4951 498
498 2663
2663 7798
7798 6232
6232 360
360 4782
4782 1375
1375 2409
2409 4785
4785 5127
5127 6001
6001 9790
9790 7942
7942 6768
6768 5735
5735 8173
8173 7091
7091 2369
2369 2612
2612 4906
4906 2876
2876 8617
8617 6037
6037 3814
3814 8683
8683 6209
6209 5508
5508 5628
5628 57
57 129
129 8703
8703 2546
2546 2461
2461 280
280 8590
8590 6630
6630 9492
9492 1476
1476 3805
3805 1849
1849 9157
9157 8282
8282 6914
6914 8175
8175 2714
2714 6659
6659 8560
8560 2919
2919 927
927 5605
5605 188
188 9091
9091 9700
9700 2356
2356 1170
1170 4023
4023 4547
4547 2515
2515 2589
2589 6250
6250 8294
8294 4277
4277 6123
6123 3378
3378 9366
9366 3992
3992 5391
5391 635
635 2820
2820 6096
6096 1754
1754 5247
5247 9469
9469 6658
6658 6464
6464 7012
7012 8363
8363 2655
2655 4111
4111 5139
5139 1970
1970 9986
9986 1808
1808 1703
1703 4984
4984 8025
8025 9502
9502 1925
1925 2520
2520 2566
2566 1211
1211 8004
8004 522
522 8834
8834 6864
6864 17
17 3115
3115 8529
8529 4228
4228 5858
5858 8112
8112 7968
7968 3781
3781 2097
2097 2309
2309 9304
9304 5570
5570 9024
9024 382
382 7561
7561 1352
1352 2611
2611 3569
3569 785
785 8621
8621 4760
4760 4226
4226 5332
5332 3971
3971 6360
6360 869
869 8823
8823 7611
7611 5775
5775 3560
3560 3772
3772 9252
9252 6377
6377 1361
1361 881
881 9006
9006 2934
2934 4188
4188 418
418 611
611 8482
8482 4100
4100 2836
2836 5921
5921 9870
9870 5667
5667 1215
1215 3509
3509 6440
6440 1320
1320 4126
4126 8024
8024 5509
5509 4755
4755 6296
6296 5493
5493 3082
3082 2630
2630 7827
7827 8399
8399 2265
2265 7953
7953 6202
6202 2472
2472 9294
9294 2273
2273 980
980 2710
2710 8090
8090 234
234 9089
9089 5201
5201 9205
9205 8604
8604 3900
3900 8755
8755 8420
8420 7038
7038 9593
9593 2486
2486 5451
5451 624
624 4274
4274 8401
8401 13
13 9543
9543 7209
7209 776
776 8183
8183 3346
3346 3161
3161 4161
4161 3604
3604 4586
4586 7766
7766 2848
2848 4614
4614 5017
5017 8281
8281 1514
1514 4185
4185 5179
5179 9742
9742 4109
4109 5202
5202 1673
1673 2729
2729 4855
4855 9757
9757 2965
2965 2051
2051 324
324 2267
2267 1012
1012 742
742 7586
7586 4965
4965 3329
3329 963
963 1946
1946 4522
4522 726
726 698
698 11
11 4305
4305 4033
4033 8656
8656 4652
4652 1679
1679 6856
6856 3058
3058 3348
3348 5948
5948 3195
3195 2275
2275 6117
6117 8452
8452 6433
6433 3313
3313 2162
2162 190
190 1529
1529 6862
6862 9202
9202 9003
9003 8525
8525 2239
2239 409
409 7260
7260 6957
6957 322
322 6859
6859 9259
9259 1927
1927 6696
6696 9508
9508 827
827 511
511 9863
9863 8908
8908 7097
7097 9991
9991 7987
7987 2389
2389 6307
6307 510
510 7298
7298 5035
5035 8436
8436 144
144 1048
1048 7896
7896 6811
6811 9343
9343 1305
1305 1847
1847 6600
6600 46
46 4311
4311 7189
7189 9232
9232 4752
4752 4596
4596 4372
4372 5757
5757 3543
3543 7588
7588 2264
2264 8700
8700 2569
2569 1443
1443 9689
9689 2913
2913 5216
5216 1269
1269 8948
8948 6500
6500 5808
5808 2203
2203 8598
8598 3547
3547 4604
4604 7149
7149 1052
1052 5312
5312 1046
1046 4300
4300 524
524 9222
9222 9022
9022 6068
6068 1166
1166 1482
1482 7919
7919 6662
6662 2600
2600 2839
2839 7536
7536 2224
2224 5674
5674 8665
8665 4290
4290 5430
5430 6533
6533 1588
1588 8344
8344 80
80 3410
3410 7828
7828 587
587 6370
6370 8705
8705 7460
7460 8531
8531 8631
8631 4945
4945 5616
5616 6499
6499 2202
2202 4103
4103 1760
1760 8272
8272 6321
6321 2645
2645 7543
7543 6568
6568 3858
3858 1013
1013 5612
5612 4357
4357 3180
3180 1948
1948 2811
2811 4503
4503 8037
8037 6972
6972 4209
4209 6813
6813 9801
9801 3800
3800 9436
9436 7634
7634 6418
6418 9067
9067 9503
9503 914
914 7699
7699 8607
8607 6340
6340 124
124 535
535 6840
6840 7597
7597 8500
8500 2774
2774 4557
4557 9842
9842 1780
1780 2337
2337 7158
7158 1070
1070 7768
7768 1120
1120 3512
3512 6695
6695 6707
6707 3883
3883 4836
4836 9653
9653 2001
2001 3559
3559 706
706 4509
4509 9460
9460 5819
5819 4483
4483 6636
6636 213
213 6558
6558 5939
5939 9298
9298 5853
5853 5325
5325 5389
5389 4719
4719 8058
8058 1121
1121 9368
9368 974
974 2233
2233 4420
4420 6215
6215 7913
7913 5784
5784 9603
9603 7710
7710 1185
1185 4709
4709 2313
2313 2470
2470 6025
6025 8316
8316 4874
4874 7675
7675 4334
4334 6324
6324 9309
9309 1161
1161 6237
6237 5482
5482 6700
6700 8771
8771 2842
2842 8550
8550 6644
6644 5366
5366 7114
7114 7438
7438 8279
8279 4930
4930 7676
7676 225
225 1084
1084 1297
1297 3248
3248 3929
3929 6534
6534 2717
2717 7241
7241 6890
6890 8541
8541 7499
7499 7620
7620 9261
9261 6181
6181 8267
8267 6653
6653 5445
5445 1497
1497 6650
6650 6386
6386 3740
3740 769
769 7487
7487 2779
2779 9416
9416 4458
4458 99
99 3017
3017 6293
6293 8073
8073 9924
9924 6144
6144 6402
6402 1309
1309 3949
3949 2892
2892 4135
4135 567
567 9826
9826 3563
3563 7237
7237 8893
8893 2294
2294 3650
3650 3729
3729 2564
2564 7072
7072 4345
4345 9127
9127 4901
4901 1289
1289 1
1 6989
6989 3768
3768 2557
2557 7755
7755 342
342 5986
5986 5488
5488 3244
3244 1403
1403 5817
5817 485
485 6142
6142 1432
1432 3473
3473 2195
2195 5036
5036 6941
6941 9201
9201 1154
1154 4959
4959 9409
9409 5156
5156 2847
2847 4452
4452 1448
1448 7068
7068 6875
6875 998
998 7747
7747 718
718 4327
4327 8534
8534 3307
3307 467
467 9793
9793 137
137 7123
7123 8341
8341 5753
5753 9785
9785 4268
4268 6740
6740 6721
6721 9834
9834 4146
4146 8632
8632 9556
9556 7849
7849 4423
4423 2218
2218 6043
6043 2187
2187 950
950 4093
4093 6820
6820 793
793 1625
1625 8081
8081 6883
6883 8222
8222 5581
5581 6960
6960 3417
3417 214
214 8203
8203 9781
9781 2715
2715 1593
1593 4243
4243 7338
7338 3630
3630 4271
4271 6305
6305 1423
1423 2916
2916 7643
7643 8167
8167 1041
1041 489
489 1110
1110 5458
5458 6888
6888 7758
7758 5345
5345 1493
1493 8921
8921 724
724 4480
4480 3358
3358 7362
7362 8933
8933 6332
6332 3106
3106 7155
7155 7213
7213 7467
7467 7801
7801 2484
2484 96
96 1509
1509 5764
5764 2755
2755 4170
4170 7140
7140 918
918 8159
8159 2707
2707 6018
6018 6901
6901 4487
4487 2985
2985 811
811 9763
9763 5166
5166 688
688 4351
4351 7166
7166 9377
9377 3121
3121 5943
5943 1503
1503 1128
1128 4712
4712 1562
1562 8366
8366 9359
9359 3154
3154 6796
6796 6917
6917 5099
5099 8819
8819 6816
6816 516
516 7186
7186 8485
8485 7462
7462 7238
7238 7774
7774 317
317 3943
3943 4150
4150 3237
3237 3844
3844 8069
8069 6724
6724 5830
5830 550
550 6097
6097 8364
8364 3780
3780 5762
5762 8142
8142 3071
3071 5483
5483 5584
5584 615
615 6607
6607 6852
6852 8591
8591 4578
4578 4269
4269 5384
5384 9407
9407 6900
6900 7614
7614 313
313 9950
9950 4872
4872 910
910 7214
7214 3189
3189 9271
9271 3677
3677 4252
4252 7504
7504 7050
7050 8846
8846 8644
8644 303
303 9721
9721 6797
6797 4035
4035 2075
2075 7021
7021 1049
1049 4365
4365 4454
4454 7046
7046 9818
9818 5352
5352 3532
3532 5691
5691 6944
6944 1544
1544 9128
9128 4424
4424 1782
1782 1721
1721 6780
6780 831
831 7764
7764 4844
4844 4074
4074 1057
1057 1127
1127 6228
6228 5540
5540 8593
8593 6152
6152 8756
8756 1671
1671 5052
5052 7112
7112 9831
9831 7629
7629 8641
8641 568
568 347
347 89
89 9868
9868 8324
8324 7208
7208 7887
7887 9923
9923 4777
4777 9388
9388 3493
3493 1776
1776 7014
7014 7540
7540 3548
3548 1889
1889 9882
9882 4464
4464 6385
6385 5006
5006 9879
9879 9771
9771 5598
5598 6112
6112 7781
7781 8670
8670 5761
5761 1228
1228 1130
1130 7965
7965 3932
3932 3584
3584 9770
9770 859
859 1761
1761 4163
4163 8349
8349 4615
4615 8104
8104 7765
7765 2118
2118 1863
1863 7502
7502 5340
5340 5771
5771 2345
2345 8620
8620 1949
1949 781
781 2669
2669 7619
7619 7327
7327 7096
7096 7894
7894 4927
4927 1223
1223 6188
6188 4897
4897 7858
7858 7685
7685 3655
3655 9276
9276 1337
1337 8006
8006 4960
4960 4279
4279 8766
8766 6541
6541 7092
7092 8986
8986 8407
8407 3318
3318 1785
1785 7816
7816 6850
6850 1032
1032 7506
7506 1181
1181 2392
2392 5727
5727 4124
4124 4086
4086 9363
9363 626
626 4741
4741 98
98 9663
9663 7484
7484 590
590 6422
6422 4619
4619 868
868 4006
4006 9962
9962 474
474 1757
1757 3099
3099 5301
5301 999
999 4686
4686 5335
5335 5279
5279 4217
4217 1619
1619 659
659 7294
7294 855
855 8822
8822 4715
4715 9549
9549 1855
1855 8795
8795 4871
4871 9521
9521 4235
4235 4926
4926 9630
9630 6272
6272 1392
1392 600
600 3256
3256 4384
4384 420
420 5344
5344 7785
7785 7603
7603 8775
8775 240
240 6597
6597 8799
8799 5703
5703 672
672 5224
5224 492
492 2209
2209 4634
4634 5607
5607 9815
9815 4504
4504 2971
2971 4659
4659 503
503 3091
3091 8553
8553 6143
6143 9633
9633 3759
3759 9347
9347 8869
8869 7698
7698 4496
4496 6449
6449 6682
6682 7916
7916 6726
6726 5733
5733 883
883 6752
6752 8850
8850 6924
6924 8752
8752 5535
5535 8459
8459 900
900 8671
8671 7051
7051 9456
9456 3080
3080 6089
6089 455
455 7417
7417 8940
8940 9098
9098 3854
3854 7242
7242 8719
8719 758
758 6683
6683 7163
7163 8586
8586 7455
7455 8942
8942 6057
6057 3649
3649 8180
8180 6708
6708 4402
4402 3334
3334 4171
4171 1845
1845 3575
3575 8654
8654 6223
6223 9290
9290 119
119 5743
5743 9011
9011 840
840 2667
2667 3294
3294 282
282 5270
5270 6959
6959 9788
9788 1604
1604 8412
8412 6509
6509 7713
7713 8242
8242 527
527 6082
6082 345
345 4512
4512 8825
8825 8257
8257 5517
5517 5983
5983 2548
2548 4297
4297 3249
3249 9382
9382 4771
4771 9350
9350 4577
4577 819
819 9795
9795 55
55 4808
4808 528
528 9583
9583 7789
7789 9590
9590 193
193 8518
8518 2168
2168 5393
5393 2386
2386 5725
5725 1155
1155 3322
3322 4118
4118 6484
6484 2082
2082 1765
1765 8786
8786 8953
8953 1966
1966 3042
3042 6557
6557 3783
3783 8386
8386 4626
4626 7997
7997 9423
9423 8320
8320 5490
5490 5781
5781 8343
8343 5453
5453 989
989 4256
4256 8667
8667 752
752 7751
7751 6837
6837 9381
9381 5273
5273 1907
1907 4866
4866 1436
1436 8547
8547 8765
8765 3908
3908 7879
7879 8688
8688 4332
4332 2992
2992 1133
1133 7306
7306 7104
7104 3587
3587 2737
2737 5686
5686 8832
8832 7085
7085 5865
5865 9324
9324 373
373 7305
7305 917
917 1892
1892 5844
5844 6632
6632 4153
4153 1818
1818 3086
3086 5576
5576 6998
6998 7273
7273 1842
1842 8994
8994 194
194 4441
4441 3178
3178 7293
7293 732
732 948
948 3496
3496 7107
7107 7735
7735 7225
7225 4940
4940 9417
9417 6315
6315 1736
1736 3922
3922 5677
5677 3966
3966 3311
3311 6214
6214 2957
2957 5990
5990 2709
2709 2907
2907 395
395 7392
7392 8636
8636 8361
8361 5486
5486 2339
2339 2454
2454 8201
8201 2604
2604 2995
2995 3624
3624 5469
5469 2489
2489 1496
1496 2154
2154 825
825 7671
7671 4936
4936 1370
1370 5503
5503 1246
1246 7985
7985 9505
9505 8050
8050 7914
7914 1891
1891 1951
1951 4095
4095 3297
3297 5636
5636 7350
7350 2299
2299 1106
1106 2776
2776 7313
7313 2654
2654 9283
9283 4678
4678 3850
3850 6262
6262 4594
4594 5499
5499 3796
3796 9821
9821 2894
2894 4426
4426 9672
9672 1151
1151 4437
4437 106
106 714
714 8606
8606 3686
3686 1807
1807 7844
7844 9413
9413 1699
1699 3000
3000 6150
6150 5550
5550 8668
8668 606
606 3463
3463 8503
8503 7792
7792 1002
1002 2311
2311 5321
5321 8558
8558 1030
1030 7860
7860 7356
7356 7670
7670 4196
4196 676
676 4030
4030 8019
8019 7667
7667 1077
1077 8174
8174 8117
8117 9173
9173 9566
9566 5651
5651 4238
4238 8770
8770 9695
9695 7695
7695 4813
4813 8427
8427 1510
1510 444
444 3760
3760 1414
1414 9437
9437 125
125 7010
7010 1718
1718 3095
3095 3914
3914 2545
2545 625
625 9588
9588 5237
5237 4053
4053 9498
9498 7486
7486 2023
2023 4792
4792 4444
4444 4517
4517 9958
9958 4375
4375 9612
9612 6486
6486 6710
6710 8135
8135 69
69 5788
5788 3192
3192 8292
8292 5777
5777 1538
1538 8812
8812 531
531 4970
4970 9355
9355 8565
8565 9167
9167 1566
1566 6783
6783 1789
1789 9446
9446 4698
4698 7063
7063 6252
6252 4198
4198 944
944 8907
8907 2937
2937 6016
6016 8065
8065 4911
4911 8552
8552 2384
2384 6410
6410 3431
3431 2525
2525 3514
3514 9137
9137 2646
2646 122
122 5904
5904 2773
2773 2236
2236 5489
5489 5792
5792 1879
1879 8885
8885 1224
1224 8442
8442 1516
1516 2054
2054 2830
2830 5552
5552 4660
4660 90
90 5663
5663 344
344 9802
9802 8991
8991 8197
8197 8587
8587 2509
2509 5834
5834 9657
9657 4139
4139 5510
5510 9007
9007 9056
9056 1729
1729 6325
6325 9866
9866 2750
2750 97
97 3094
3094 7376
7376 9403
9403 195
195 9077
9077 8856
8856 1453
1453 2868
2868 4131
4131 393
393 3750
3750 7668
7668 5129
5129 3328
3328 618
618 3093
3093 2208
2208 2783
2783 9315
9315 8405
8405 9913
9913 9109
9109 8915
8915 1189
1189 1079
1079 2036
2036 5435
5435 3647
3647 3741
3741 1240
1240 1357
1357 6095
6095 6980
6980 7572
7572 356
356 6693
6693 4977
4977 3676
3676 3864
3864 8444
8444 6069
6069 8984
8984 3697
3697 1554
1554 3544
3544 4349
4349 9268
9268 7836
7836 1303
1303 1583
1583 494
494 8602
8602 2394
2394 6398
6398 2029
2029 2089
2089 3605
3605 5514
5514 3363
3363 8557
8557 8393
8393 2718
2718 8078
8078 8481
8481 3634
3634 8493
8493 2699
2699 7059
7059 6050
6050 7396
7396 6737
6737 3184
3184 9398
9398 7351
7351 1248
1248 6976
6976 5786
5786 7500
7500 5374
5374 828
828 2251
2251 5053
5053 3293
3293 1374
1374 6778
6778 755
755 4900
4900 2825
2825 5769
5769 4186
4186 1252
1252 7609
7609 7275
7275 6334
6334 6372
6372 9195
9195 2542
2542 5697
5697 8236
8236 5593
5593 5710
5710 3743
3743 7124
7124 4383
4383 5609
5609 5408
5408 9680
9680 6519
6519 6134
6134 5719
5719 7880
7880 1726
1726 7141
7141 5501
5501 8083
8083 4061
4061 3719
3719 3486
3486 6337
6337 7164
7164 2280
2280 6491
6491 5847
5847 7951
7951 6975
6975 3164
3164 1459
1459 6139
6139 7719
7719 8441
8441 4337
4337 6729
6729 3204
3204 3614
3614 3151
3151 6861
6861 3125
3125 5537
5537 19
19 8483
8483 1922
1922 4385
4385 5572
5572 6151
6151 9946
9946 9995
9995 5698
5698 9165
9165 6923
6923 964
964 5061
5061 7008
7008 7682
7682 3422
3422 5683
5683 5193
5193 3557
3557 2596
2596 6832
6832 6851
6851 4725
4725 7799
7799 727
727 597
597 6349
6349 2688
2688 81
81 3330
3330 1902
1902 3084
3084 2442
2442 1258
1258 480
480 4966
4966 9183
9183 7943
7943 4318
4318 5226
5226 9766
9766 9727
9727 4653
4653 7355
7355 2523
2523 2580
2580 6083
6083 251
251 3568
3568 4884
4884 1748
1748 6906
6906 5859
5859 3519
3519 8040
8040 4903
4903 9421
9421 6634
6634 4070
4070 5776
5776 4742
4742 3326
3326 6521
6521 3400
3400 1037
1037 8097
8097 6745
6745 4335
4335 401
401 1561
1561 9448
9448 682
682 8787
8787 1098
1098 6699
6699 8016
8016 7295
7295 6159
6159 7791
7791 7900
7900 692
692 6970
6970 4369
4369 4658
4658 364
364 2216
2216 2678
2678 6244
6244 3253
3253 860
860 1797
1797 2955
2955 4338
4338 4412
4412 4786
4786 4386
4386 8966
8966 5372
5372 1547
1547 2521
2521 8706
8706 4410
4410 6937
6937 4718
4718 4711
4711 3706
3706 1272
1272 5196
5196 596
596 9238
9238 4224
4224 650
650 5748
5748 4613
4613 6446
6446 1444
1444 895
895 955
955 8512
8512 2788
2788 8859
8859 9506
9506 9625
9625 8108
8108 8009
8009 3409
3409 5525
5525 1915
1915 1068
1068 4168
4168 9778
9778 6573
6573 3991
3991 8273
8273 379
379 2708
2708 1115
1115 8777
8777 7800
7800 1398
1398 2063
2063 6427
6427 5003
5003 8701
8701 7431
7431 8734
8734 5678
5678 8523
8523 9849
9849 1508
1508 6984
6984 7793
7793 9773
9773 4669
4669 2720
2720 9447
9447 2532
2532 6085
6085 2705
2705 8266
8266 8161
8161 7297
7297 2405
2405 1586
1586 8619
8619 9836
9836 6032
6032 7550
7550 3116
3116 5327
5327 9798
9798 1518
1518 6763
6763 1095
1095 3663
3663 2237
2237 8655
8655 5416
5416 8325
8325 521
521 1381
1381 6542
6542 1287
1287 5894
5894 6627
6627 1837
1837 459
459 3445
3445 2883
2883 8813
8813 6375
6375 9021
9021 1190
1190 27
27 7188
7188 2083
2083 5204
5204 8716
8716 2278
2278 4831
4831 8648
8648 772
772 9349
9349 8107
8107 5524
5524 9830
9830 6876
6876 7679
7679 1428
1428 2977
2977 3100
3100 8049
8049 8277
8277 6639
6639 9743
9743 8456
8456 2643
2643 8563
8563 441
441 9275
9275 4876
4876 2620
2620 3439
3439 3049
3049 2340
2340 9394
9394 4565
4565 1519
1519 3320
3320 9054
9054 8726
8726 3208
3208 4083
4083 7653
7653 6548
6548 8896
8896 3375
3375 5428
5428 8664
8664 3959
3959 5215
5215 5342
5342 6114
6114 7718
7718 2286
2286 7820
7820 3887
3887 2396
2396 3794
3794 4034
4034 8051
8051 7835
7835 891
891 1145
1145 6434
6434 9837
9837 1749
1749 3523
3523 9426
9426 956
956 4893
4893 2253
2253 8100
8100 2108
2108 7339
7339 6387
6387 7432
7432 599
599 8472
8472 1660
1660 1468
1468 3774
3774 7918
7918 6054
6054 1455
1455 7035
7035 6991
6991 4999
4999 2507
2507 6455
6455 3426
3426 5885
5885 7921
7921 9553
9553 2615
2615 2015
2015 1504
1504 3973
3973 5020
5020 6100
6100 7346
7346 2269
2269 6670
6670 3103
3103 1511
1511 6907
6907 5780
5780 9108
9108 2880
2880 4134
4134 3404
3404 4019
4019 7802
7802 4639
4639 1314
1314 5324
5324 8110
8110 1394
1394 2427
2427 1784
1784 8347
8347 3323
3323 4431
4431 4821
4821 427
427 5946
5946 241
241 7103
7103 4942
4942 7496
7496 1552
1552 7470
7470 3033
3033 6703
6703 6843
6843 8829
8829 2490
2490 3360
3360 4316
4316 9595
9595 1004
1004 664
664 5183
5183 254
254 4204
4204 8537
8537 1682
1682 1828
1828 3917
3917 2572
2572 1805
1805 4524
4524 9032
9032 1328
1328 7528
7528 5459
5459 2770
2770 5718
5718 7233
7233 5811
5811 4529
4529 6111
6111 7095
7095 4071
4071 4747
4747 8880
8880 1405
1405 4008
4008 9799
9799 1990
1990 3052
3052 8810
8810 5329
5329 3787
3787 8614
8614 1159
1159 6754
6754 8213
8213 3414
3414 2143
2143 7728
7728 6286
6286 6354
6354 2661
2661 3415
3415 2451
2451 6035
6035 8280
8280 9410
9410 4762
4762 2552
2552 8821
8821 3179
3179 5379
5379 8428
8428 3727
3727 2223
2223 3230
3230 1526
1526 9093
9093 1142
1142 6612
6612 4607
4607 6961
6961 691
691 9169
9169 5107
5107 5121
5121 2060
2060 7122
7122 6067
6067 8166
8166 2069
2069 5217
5217 7865
7865 3871
3871 471
471 6412
6412 3488
3488 693
693 8421
8421 3978
3978 9004
9004 7688
7688 6064
6064 2498
2498 9696
9696 4428
4428 7819
7819 1565
1565 4932
4932 5415
5415 5527
5527 4436
4436 571
571 9957
9957 403
403 4648
4648 3219
3219 6463
6463 6706
6706 3423
3423 9824
9824 519
519 5639
5639 9967
9967 7468
7468 2341
2341 6149
6149 6757
6757 4754
4754 5205
5205 9399
9399 9277
9277 1281
1281 4791
4791 1296
1296 1270
1270 5218
5218 7365
7365 5091
5091 5516
5516 3806
3806 9851
9851 8044
8044 1402
1402 1204
1204 5975
5975 7027
7027 2491
2491 9528
9528 7270
7270 8715
8715 5806
5806 9854
9854 3898
3898 5094
5094 285
285 7975
7975 8498
8498 9345
9345 6065
6065 4007
4007 3918
3918 5012
5012 7259
7259 9217
9217 1093
1093 7076
7076 6671
6671 8155
8155 9493
9493 943
943 5288
5288 8659
8659 2266
2266 9122
9122 4861
4861 6762
6762 8258
8258 4567
4567 1141
1141 3701
3701 8733
8733 5937
5937 3319
3319 4958
4958 4510
4510 3167
3167 6617
6617 4484
4484 3550
3550 2402
2402 5590
5590 7533
7533 952
952 2908
2908 8724
8724 5120
5120 8936
8936 8296
8296 8342
8342 7589
7589 4617
4617 711
711 9980
9980 7746
7746 9629
9629 7400
7400 7413
7413 3469
3469 4433
4433 1534
1534 7416
7416 3048
3048 5561
5561 862
862 9348
9348 24
24 6456
6456 1259
1259 5002
5002 5172
5172 3134
3134 2838
2838 6777
6777 9871
9871 9380
9380 5659
5659 2319
2319 9570
9570 3920
3920 542
542 1344
1344 4429
4429 4818
4818 8160
8160 9813
9813 3692
3692 4018
4018 6403
6403 1400
1400 5098
5098 389
389 7075
7075 4571
4571 3975
3975 4689
4689 1208
1208 7030
7030 9659
9659 9052
9052 4121
4121 6168
6168 4605
4605 2642
2642 7258
7258 6458
6458 9944
9944 4525
4525 5267
5267 6191
6191 6076
6076 1319
1319 7212
7212 5768
5768 601
601 7070
7070 3545
3545 9218
9218 6736
6736 6322
6322 5770
5770 4629
4629 5553
5553 6800
6800 4387
4387 3145
3145 9514
9514 1217
1217 1243
1243 9637
9637 8105
8105 9408
9408 4976
4976 8326
8326 6677
6677 1341
1341 8677
8677 8938
8938 1967
1967 5380
5380 7862
7862 6947
6947 872
872 9017
9017 9464
9464 2159
2159 3600
3600 3746
3746 970
970 1139
1139 2879
2879 5915
5915 3632
3632 983
983 3056
3056 7247
7247 8076
8076 5131
5131 4242
4242 7592
7592 8334
8334 5170
5170 9307
9307 9584
9584 5586
5586 4981
4981 361
361 7804
7804 2672
2672 5893
5893 5014
5014 3936
3936 8210
8210 6873
6873 8935
8935 9494
9494 9364
9364 3065
3065 3314
3314 262
262 1494
1494 7518
7518 1730
1730 9036
9036 9178
9178 791
791 2983
2983 5766
5766 4055
4055 304
304 3733
3733 4062
4062 7463
7463 636
636 6445
6445 3869
3869 7368
7368 6550
6550 54
54 3296
3296 381
381 5174
5174 108
108 9520
9520 3977
3977 5326
5326 7773
7773 4649
4649 4536
4536 3238
3238 1533
1533 9146
9146 5568
5568 7623
7623 6929
6929 2915
2915 368
368 8271
8271 6140
6140 9917
9917 2091
2091 7203
7203 2467
2467 8015
8015 4001
4001 1937
1937 7544
7544 1963
1963 7061
7061 4448
4448 4949
4949 2929
2929 1705
1705 3680
3680 9942
9942 3449
3449 1178
1178 759
759 6791
6791 9988
9988 4633
4633 8
8 3658
3658 8687
8687 5382
5382 750
750 906
906 3498
3498 5880
5880 7817
7817 9744
9744 5785
5785 9311
9311 6599
6599 1055
1055 2327
2327 3406
3406 8437
8437 9301
9301 5231
5231 4568
4568 6167
6167 6871
6871 8612
8612 4766
4766 818
818 1675
1675 1071
1071 3736
3736 8471
8471 2674
2674 2627
2627 2999
2999 921
921 8226
8226 1047
1047 9754
9754 5211
5211 558
558 5395
5395 2941
2941 9586
9586 9467
9467 1910
1910 7962
7962 9244
9244 9571
9571 5105
5105 7521
7521 1005
1005 9335
9335 2117
2117 6973
6973 9028
9028 8480
8480 3671
3671 3359
3359 3797
3797 5041
5041 296
296 3494
3494 4312
4312 2361
2361 5213
5213 5077
5077 4059
4059 8351
8351 5491
5491 319
319 5838
5838 88
88 6911
6911 6758
6758 7142
7142 7812
7812 4102
4102 5439
5439 3096
3096 9495
9495 8594
8594 2400
2400 3688
3688 1271
1271 4165
4165 9899
9899 426
426 8672
8672 9405
9405 7303
7303 1380
1380 2583
2583 9064
9064 486
486 8681
8681 7
7 570
570 3227
3227 7057
7057 9697
9697 6465
6465 3963
3963 767
767 363
363 7650
7650 7372
7372 3852
3852 4462
4462 7042
7042 4022
4022 3896
3896 5884
5884 9360
9360 219
219 8645
8645 3433
3433 1574
1574 8218
8218 9880
9880 4534
4534 9961
9961 6416
6416 8039
8039 3280
3280 3234
3234 3986
3986 4869
4869 5443
5443 9564
9564 2262
2262 1489
1489 1101
1101 3146
3146 5928
5928 5397
5397 2713
2713 2155
2155 2073
2073 7286
7286 4113
4113 2735
2735 6225
6225 4852
4852 754
754 217
217 8036
8036 7585
7585 179
179 1288
1288 1815
1815 7125
7125 5711
5711 3845
3845 1659
1659 9807
9807 3505
3505 3077
3077 1025
1025 7290
7290 954
954 5579
5579 7840
7840 3025
3025 795
795 3804
3804 9759
9759 8205
8205 9674
9674 7150
7150 8674
8674 9142
9142 1916
1916 3133
3133 4827
4827 7436
7436 8220
8220 6848
6848 6535
6535 8158
8158 4840
4840 4449
4449 1746
1746 5506
5506 9715
9715 3546
3546 9249
9249 1710
1710 1969
1969 378
378 6657
6657 8946
8946 3286
3286 3610
3610 8221
8221 5936
5936 5696
5696 9340
9340 5919
5919 6709
6709 3250
3250 8989
8989 1555
1555 6485
6485 6066
6066 9559
9559 5640
5640 52
52 6104
6104 8556
8556 9860
9860 415
415 4199
4199 2008
2008 9395
9395 6106
6106 8548
8548 5436
5436 7331
7331 3907
3907 1850
1850 8499
8499 1480
1480 4880
4880 7778
7778 9820
9820 3792
3792 6098
6098 200
200 9141
9141 6561
6561 9162
9162 1458
1458 5145
5145 3136
3136 9919
9919 1378
1378 199
199 7707
7707 1088
1088 1369
1369 5349
5349 4355
4355 6588
6588 7116
7116 4158
4158 4028
4028 9753
9753 9270
9270 8774
8774 4763
4763 643
643 2616
2616 7769
7769 5635
5635 1524
1524 7771
7771 9442
9442 7230
7230 8206
8206 3840
3840 281
281 2736
2736 4162
4162 6378
6378 8365
8365 7106
7106 2855
2855 4438
4438 3617
3617 5465
5465 7558
7558 9208
9208 4498
4498 8862
8862 5911
5911 2766
2766 6221
6221 8757
8757 2516
2516 1418
1418 4832
4832 8835
8835 6243
6243 6756
6756 4955
4955 2458
2458 9994
9994 6652
6652 7696
7696 3224
3224 6283
6283 8229
8229 6421
6421 3603
3603 224
224 7410
7410 907
907 2050
2050 2348
2348 3076
3076 8624
8624 218
218 5825
5825 5303
5303 2350
2350 2890
2890 4642
4642 5920
5920 1637
1637 4399
4399 6161
6161 1092
1092 417
417 4822
4822 2970
2970 3837
3837 3611
3611 6240
6240 2910
2910 9888
9888 9850
9850 5242
5242 1793
1793 6129
6129 6560
6560 9859
9859 1408
1408 8216
8216 7232
7232 9539
9539 8298
8298 9645
9645 3857
3857 922
922 4621
4621 9983
9983 7199
7199 2328
2328 1500
1500 6002
6002 2147
2147 4255
4255 8120
8120 2105
2105 9193
9193 4011
4011 5909
5909 4973
4973 6084
6084 6932
6932 1118
1118 9796
9796 7193
7193 6475
6475 2190
2190 7744
7744 1336
1336 9086
9086 4802
4802 2406
2406 6552
6552 2158
2158 6893
6893 3950
3950 5243
5243 4696
4696 5812
5812 3203
3203 6384
6384 6374
6374 8868
8868 4249
4249 661
661 1750
1750 1747
1747 8157
8157 9800
9800 9378
9378 4624
4624 4152
4152 1081
1081 3005
3005 4215
4215 5302
5302 9906
9906 9858
9858 2797
2797 1654
1654 6261
6261 388
388 4883
4883 6730
6730 896
896 8639
8639 2481
2481 8652
8652 7829
7829 7538
7538 207
207 9373
9373 4608
4608 5984
5984 9107
9107 4899
4899 2343
2343 7324
7324 3817
3817 4408
4408 8299
8299 6039
6039 8853
8853 1956
1956 5244
5244 6583
6583 2500
2500 6769
6769 8114
8114 6204
6204 2297
2297 3347
3347 7803
7803 1698
1698 7011
7011 7973
7973 3819
3819 2058
2058 3807
3807 5181
5181 569
569 1576
1576 8191
8191 866
866 4065
4065 4918
4918 730
730 815
815 1188
1188 6606
6606 1921
1921 7553
7553 5818
5818 4193
4193 4558
4558 4211
4211 7254
7254 370
370 6492
6492 7507
7507 5596
5596 133
133 5996
5996 9322
9322 6490
6490 5300
5300 7651
7651 6503
6503 4886
4886 7478
7478 421
421 1397
1397 7018
7018 4582
4582 8422
8422 9468
9468 2827
2827 5907
5907 5163
5163 7734
7734 8145
8145 1293
1293 2422
2422 665
665 184
184 6672
6672 1838
1838 4601
4601 4417
4417 3001
3001 6313
6313 9103
9103 9432
9432 5089
5089 8034
8034 3308
3308 9711
9711 6156
6156 9762
9762 3113
3113 9241
9241 9257
9257 4025
4025 761
761 2805
2805 9852
9852 8583
8583 1367
1367 25
25 7029
7029 3465
3465 2508
2508 7624
7624 5641
5641 9761
9761 1938
1938 6318
6318 9782
9782 8357
8357 288
288 4683
4683 8923
8923 631
631 9947
9947 8676
8676 3776
3776 1642
1642 5480
5480 5658
5658 3491
3491 1603
1603 2801
2801 9608
9608 591
591 3561
3561 9234
9234 3835
3835 2043
2043 5060
5060 9372
9372 9581
9581 8322
8322 6931
6931 9163
9163 3175
3175 3235
3235 583
583 2163
2163 3016
3016 9050
9050 2582
2582 9928
9928 1762
1762 1301
1301 8411
8411 6782
6782 4491
4491 8997
8997 6733
6733 6654
6654 5929
5929 9027
9027 9707
9707 6546
6546 1350
1350 2271
2271 5613
5613 1399
1399 2477
2477 708
708 8455
8455 4598
4598 2606
2606 7505
7505 7659
7659 3074
3074 6602
6602 8635
8635 7218
7218 5779
5779 7485
7485 6265
6265 4054
4054 8286
8286 3225
3225 7833
7833 1167
1167 594
594 5828
5828 8391
8391 3996
3996 9194
9194 9966
9966 7632
7632 6229
6229 1479
1479 7060
7060 794
794 248
248 9560
9560 9188
9188 4241
4241 5810
5810 7304
7304 8246
8246 2588
2588 177
177 6897
6897 3645
3645 4519
4519 7358
7358 3088
3088 2378
2378 3829
3829 4350
4350 8261
8261 7083
7083 1696
1696 2026
2026 5212
5212 4172
4172 744
744 6879
6879 1827
1827 2346
2346 5365
5365 5023
5023 6222
6222 3938
3938 9811
9811 5957
5957 5421
5421 7359
7359 697
697 1072
1072 6921
6921 2649
2649 9174
9174 5793
5793 5185
5185 7895
7895 1191
1191 2225
2225 9890
9890 3181
3181 8092
8092 2906
2906 622
622 3015
3015 7251
7251 520
520 39
39 9531
9531 203
203 3739
3739 2926
2926 6992
6992 5159
5159 7818
7818 8042
8042 1681
1681 3995
3995 5198
5198 4106
4106 8968
8968 9965
9965 2035
2035 5054
5054 6919
6919 8723
8723 6409
6409 2961
2961 6815
6815 4236
4236 9705
9705 8209
8209 5108
5108 4837
4837 9937
9937 637
637 6356
6356 5
5 3689
3689 8517
8517 1590
1590 416
416 9905
9905 2881
2881 8611
8611 1900
1900 7469
7469 3210
3210 505
505 4222
4222 8568
8568 3709
3709 6526
6526 3822
3822 2027
2027 1636
1636 6023
6023 6839
6839 3287
3287 1325
1325 3888
3888 7401
7401 5190
5190 5049
5049 5502
5502 6685
6685 376
376 9887
9887 5296
5296 5369
5369 2553
2553 7171
7171 2
2 9817
9817 9964
9964 4017
4017 6414
6414 576
576 1689
1689 5559
5559 1711
1711 7767
7767 2017
2017 9901
9901 966
966 6217
6217 4178
4178 8394
8394 1631
1631 4119
4119 8895
8895 4764
4764 9729
9729 5208
5208 8960
8960 3625
3625 9212
9212 7602
7602 1528
1528 4636
4636 7581
7581 8319
8319 1914
1914 8502
8502 4273
4273 9668
9668 8026
8026 3622
3622 33
33 9083
9083 6793
6793 4753
4753 5500
5500 5955
5955 3623
3623 6943
6943 6411
6411 935
935 8304
8304 1492
1492 5115
5115 3616
3616 2597
2597 1939
1939 343
343 3353
3353 4038
4038 4978
4978 1417
1417 4303
4303 1171
1171 8845
8845 4465
4465 2831
2831 7683
7683 2189
2189 3413
3413 8894
8894 4931
4931 2279
2279 7501
7501 2287
2287 7642
7642 6592
6592 4627
4627 1624
1624 7045
7045 4288
4288 4267
4267 7867
7867 1982
1982 8302
8302 4640
4640 5055
5055 4326
4326 9392
9392 8098
8098 5879
5879 8927
8927 450
450 846
846 1285
1285 7190
7190 5284
5284 1306
1306 6489
6489 4761
4761 2025
2025 6264
6264 244
244 6979
6979 8230
8230 3849
3849 6891
6891 6199
6199 1036
1036 2741
2741 4177
4177 9616
9616 6646
6646 3039
3039 7644
7644 9516
9516 1006
1006 2081
2081 77
77 8662
8662 4247
4247 3310
3310 7559
7559 7049
7049 6326
6326 2176
2176 4731
4731 2183
2183 8408
8408 6172
6172 2212
2212 5228
5228 4985
4985 1686
1686 908
908 1567
1567 3886
3886 7813
7813 7831
7831 5280
5280 7423
7423 6642
6642 5867
5867 991
991 5866
5866 9567
9567 4952
4952 1592
1592 6073
6073 585
585 31
31 8760
8760 5367
5367 3008
3008 152
152 6055
6055 4549
4549 8993
8993 7039
7039 2213
2213 9910
9910 9828
9828 2637
2637 1460
1460 9289
9289 5988
5988 2824
2824 3197
3197 4902
4902 3507
3507 4370
4370 9679
9679 2288
2288 4073
4073 6827
6827 4611
4611 9045
9045 7267
7267 5580
5580 3988
3988 3172
3172 5917
5917 8085
8085 7938
7938 6692
6692 3513
3513 5083
5083 5118
5118 4694
4694 5113
5113 5623
5623 2799
2799 7613
7613 3573
3573 8052
8052 8626
8626 9113
9113 8395
8395 6341
6341 5539
5539 8156
8156 1539
1539 4084
4084 7779
7779 2493
2493 4865
4865 7648
7648 8704
8704 5448
5448 2192
2192 1810
1810 5685
5685 8168
8168 4552
4552 4295
4295 9411
9411 4550
4550 7520
7520 6059
6059 9558
9558 2739
2739 1874
1874 8877
8877 3980
3980 5155
5155 3631
3631 7341
7341 4082
4082 7562
7562 2733
2733 548
548 8574
8574 7153
7153 8788
8788 4447
4447 3070
3070 9354
9354 4632
4632 5177
5177 9861
9861 838
838 5671
5671 961
961 2180
2180 832
832 9074
9074 3962
3962 7656
7656 3218
3218 1377
1377 3687
3687 9987
9987 9931
9931 6755
6755 8235
8235 5562
5562 9784
9784 3763
3763 6205
6205 8291
8291 3823
3823 8898
8898 9536
9536 4592
4592 3059
3059 2621
2621 5376
5376 5378
5378 2972
2972 138
138 9161
9161 2130
2130 8519
8519 6466
6466 3177
3177 9480
9480 5592
5592 8709
8709 8133
8133 4128
4128 6170
6170 1594
1594 8005
8005 499
499 3221
3221 6690
6690 2966
2966 7064
7064 243
243 7737
7737 7886
7886 8239
8239 2323
2323 8551
8551 9326
9326 9179
9179 9478
9478 8337
8337 5855
5855 4713
4713 7492
7492 2375
2375 4674
4674 8814
8814 5057
5057 221
221 7703
7703 3827
3827 7440
7440 796
796 4533
4533 4793
4793 56
56 9323
9323 6625
6625 1667
1667 5912
5912 1187
1187 3120
3120 2068
2068 4234
4234 9296
9296 2289
2289 3316
3316 6295
6295 7220
7220 9390
9390 2256
2256 9445
9445 7152
7152 4535
4535 7210
7210 3775
3775 8362
8362 2360
2360 6376
6376 8379
8379 5706
5706 4048
4048 4081
4081 9602
9602 7394
7394 8074
8074 3644
3644 4788
4788 3038
3038 8466
8466 3834
3834 5973
5973 4063
4063 4459
4459 4180
4180 5009
5009 4668
4668 9853
9853 9053
9053 6714
6714 1715
1715 7652
7652 5047
5047 2483
2483 1099
1099 2513
2513 1488
1488 7271
7271 8027
8027 2953
2953 6201
6201 4248
4248 2767
2767 2579
2579 3032
3032 8448
8448 4286
4286 7265
7265 8149
8149 6099
6099 5184
5184 7722
7722 2057
2057 3200
3200 5330
5330 1752
1752 1173
1173 3778
3778 7422
7422 7727
7727 6964
6964 7089
7089 5679
5679 6115
6115 1955
1955 7379
7379 7646
7646 8413
8413 2911
2911 2795
2795 5800
5800 7419
7419 5492
5492 5647
5647 7420
7420 6285
6285 5496
5496 6009
6009 9557
9557 9687
9687 4714
4714 6158
6158 6331
6331 1333
1333 6193
6193 3169
3169 5950
5950 5097
5097 4943
4943 7488
7488 1596
1596 3160
3160 5132
5132 613
613 3411
3411 3443
3443 1897
1897 1222
1222 610
610 4703
4703 2134
2134 8256
8256 2723
2723 3031
3031 8315
8315 8713
8713 6053
6053 7088
7088 985
985 2803
2803 884
884 6361
6361 1744
1744 8768
8768 5826
5826 9775
9775 867
867 4856
4856 2925
2925 1852
1852 4997
4997 1063
1063 1666
1666 7340
7340 3390
3390 6549
6549 8920
8920 5392
5392 2373
2373 5832
5832 2786
2786 5587
5587 4479
4479 6622
6622 2923
2923 8571
8571 9402
9402 87
87 6005
6005 8646
8646 8368
8368 7587
7587 176
176 9911
9911 4881
4881 3710
3710 6896
6896 3691
3691 5186
5186 1987
1987 1615
1615 9015
9015 4005
4005 976
976 247
247 7686
7686 2536
2536 9302
9302 4045
4045 6175
6175 8528
8528 9121
9121 8521
8521 4875
4875 6146
6146 1147
1147 5849
5849 8669
8669 3159
3159 1630
1630 7043
7043 577
577 7457
7457 8638
8638 8805
8805 5760
5760 5334
5334 802
802 3368
3368 8373
8373 5223
5223 328
328 1137
1137 1629
1629 7626
7626 8905
8905 2856
2856 5951
5951 9594
9594 4783
4783 7243
7243 6927
6927 5319
5319 4175
4175 2012
2012 1034
1034 5122
5122 1577
1577 4046
4046 2978
2978 736
736 7761
7761 851
851 1214
1214 9683
9683 2624
2624 4595
4595 8974
8974 1119
1119 3127
3127 8575
8575 6676
6676 2810
2810 9471
9471 2076
2076 4914
4914 1669
1669 8952
8952 2816
2816 3670
3670 4461
4461 3872
3872 7229
7229 465
465 3856
3856 5822
5822 4548
4548 549
549 1713
1713 9147
9147 1633
1633 7815
7815 6962
6962 182
182 5255
5255 5657
5657 1981
1981 2988
2988 8099
8099 3782
3782 3890
3890 7366
7366 8300
8300 5427
5427 3703
3703 8717
8717 3695
3695 6990
6990 2367
2367 9592
9592 5782
5782 2948
2948 890
890 2152
2152 3921
3921 3508
3508 7182
7182 1798
1798 9443
9443 582
582 1372
1372 532
532 9873
9873 7884
7884 7249
7249 5972
5972 5368
5368 1225
1225 3046
3046 1017
1017 2272
2272 2078
2078 8079
8079 9530
9530 139
139 2002
2002 1487
1487 3931
3931 8728
8728 4679
4679 5889
5889 1389
1389 8359
8359 101
101 6686
6686 3801
3801 7846
7846 1602
1602 8278
8278 3516
3516 6241
6241 9111
9111 8445
8445 3581
3581 8549
8549 632
632 8018
8018 6675
6675 4643
4643 5063
5063 8584
8584 9538
9538 533
533 9440
9440 6722
6722 9651
9651 2687
2687 2424
2424 431
431 2725
2725 1670
1670 159
159 6915
6915 5220
5220 5637
5637 5168
5168 3694
3694 4207
4207 8380
8380 4625
4625 6922
6922 6969
6969 854
854 8949
8949 1899
1899 8177
8177 5441
5441 7814
7814 4230
4230 424
424 578
578 7037
7037 6472
6472 6364
6364 662
662 9897
9897 2258
2258 673
673 2254
2254 3704
3704 6614
6614 2702
2702 2138
2138 8747
8747 6853
6853 4523
4523 5602
5602 5669
5669 5410
5410 6276
6276 1640
1640 920
920 5967
5967 9484
9484 1858
1858 8043
8043 1687
1687 2021
2021 8509
8509 4803
4803 9
9 6776
6776 7922
7922 8268
8268 1929
1929 1056
1056 4379
4379 461
461 6655
6655 5932
5932 3785
3785 1162
1162 1584
1584 1600
1600 7028
7028 2852
2852 5276
5276 8808
8808 4079
4079 5287
5287 4493
4493 3279
3279 4546
4546 3524
3524 1804
1804 6460
6460 5258
5258 2199
2199 6751
6751 7217
7217 6833
6833 5870
5870 5134
5134 9066
9066 1997
1997 206
206 2413
2413 7856
7856 2653
2653 289
289 8355
8355 5833
5833 1994
1994 9063
9063 5494
5494 3029
3029 4801
4801 2005
2005 9945
9945 3129
3129 2956
2956 9960
9960 7031
7031 6867
6867 9694
9694 6537
6537 5364
5364 1537
1537 1553
1553 5976
5976 2109
2109 6291
6291 4130
4130 4979
4979 9008
9008 9504
9504 5958
5958 2798
2798 3753
3753 359
359 357
357 8692
8692 1410
1410 1799
1799 6995
6995 4136
4136 5085
5085 8254
8254 9019
9019 337
337 871
871 8474
8474 2096
2096 807
807 8451
8451 3441
3441 7110
7110 5700
5700 7522
7522 114
114 4913
4913 7161
7161 6681
6681 2124
2124 5282
5282 7157
7157 7151
7151 6390
6390 495
495 6514
6514 3436
3436 1930
1930 6317
6317 1236
1236 4219
4219 5807
5807 7342
7342 5143
5143 3633
3633 5357
5357 4817
4817 2207
2207 398
398 5903
5903 7573
7573 5401
5401 5082
5082 6725
6725 899
899 6022
6022 6212
6212 3722
3722 9069
9069 66
66 5264
5264 5409
5409 6577
6577 8684
8684 3466
3466 4543
4543 2676
2676 6826
6826 4780
4780 3926
3926 5454
5454 7445
7445 2759
2759 4050
4050 3812
3812 1441
1441 1302
1302 5034
5034 8854
8854 8828
8828 5272
5272 6805
6805 4946
4946 1786
1786 6831
6831 2449
2449 4500
4500 6034
6034 6746
6746 1203
1203 5446
5446 1067
1067 5895
5895 8976
8976 5187
5187 5547
5547 9843
9843 7551
7551 8102
8102 8605
8605 4260
4260 7548
7548 3040
3040 3724
3724 7888
7888 843
843 8625
8625 1292
1292 377
377 5000
5000 7715
7715 6515
6515 1912
1912 6473
6473 4378
4378 879
879 9009
9009 6870
6870 9872
9872 3424
3424 2332
2332 7726
7726 430
430 115
115 1501
1501 6605
6605 7184
7184 6419
6419 1053
1053 988
988 6523
6523 5738
5738 4173
4173 2499
2499 7519
7519 7763
7763 8653
8653 5025
5025 2016
2016 3960
3960 4321
4321 8735
8735 2042
2042 7172
7172 1878
1878 8434
8434 6940
6940 171
171 9862
9862 6520
6520 3260
3260 530
530 9120
9120 4723
4723 4149
4149 6235
6235 1978
1978 2030
2030 9351
9351 9574
9574 7023
7023 6292
6292 1486
1486 5239
5239 1323
1323 1601
1601 9049
9049 6948
6948 717
717 158
158 8867
8867 61
61 7640
7640 3187
3187 5900
5900 8666
8666 8453
8453 3124
3124 2704
2704 8980
8980 2206
2206 116
116 1607
1607 1840
1840 9537
9537 167
167 6165
6165 2185
2185 7481
7481 2111
2111 2460
2460 6339
6339 845
845 1401
1401 933
933 7168
7168 2873
2873 6958
6958 7450
7450 5631
5631 737
737 7776
7776 9319
9319 2114
2114 1802
1802 7078
7078 5887
5887 4907
4907 8922
8922 1295
1295 4544
4544 8449
8449 9102
9102 4344
4344 8068
8068 5966
5966 687
687 7098
7098 7730
7730 4382
4382 3047
3047 7932
7932 2924
2924 5751
5751 5820
5820 789
789 4446
4446 3884
3884 3429
3429 3276
3276 4989
4989 6051
6051 1391
1391 5050
5050 3475
3475 8597
8597 5538
5538 3731
3731 6680
6680 5772
5772 2789
2789 9634
9634 5088
5088 8866
8866 149
149 9810
9810 3292
3292 1919
1919 9806
9806 5191
5191 9548
9548 5045
5045 5997
5997 4542
4542 1570
1570 8689
8689 7452
7452 9511
9511 160
160 4257
4257 6211
6211 1571
1571 8402
8402 2244
2244 7253
7253 2998
2998 1861
1861 5968
5968 197
197 5954
5954 6829
6829 2000
2000 8062
8062 287
287 9047
9047 6259
6259 1172
1172 2571
2571 7906
7906 1011
1011 3526
3526 9848
9848 6874
6874 2763
2763 5962
5962 9545
9545 2020
2020 1061
1061 327
327 128
128 514
514 936
936 3325
3325 2857
2857 9704
9704 3474
3474 4195
4195 4233
4233 6517
6517 9428
9428 7869
7869 1411
1411 7066
7066 8754
8754 3799
3799 9374
9374 5092
5092 8858
8858 4953
4953 2485
2485 7135
7135 813
813 8520
8520 3867
3867 4229
4229 2578
2578 5222
5222 6734
6734 8657
8657 4673
4673 8725
8725 3388
3388 2221
2221 6186
6186 5708
5708 8865
8865 9126
9126 7725
7725 4403
4403 4421
4421 411
411 7512
7512 275
275 5643
5643 5947
5947 7169
7169 4306
4306 7274
7274 4895
4895 1054
1054 8932
8932 497
497 9951
9951 617
617 7724
7724 9927
9927 300
300 5600
5600 7677
7677 384
384 5370
5370 8014
8014 4418
4418 2533
2533 1412
1412 2184
2184 8879
8879 5993
5993 3619
3619 1905
1905 1609
1609 3451
3451 6493
6493 875
875 833
833 1275
1275 8059
8059 1649
1649 6506
6506 2235
2235 8860
8860 7399
7399 2263
2263 4169
4169 6985
6985 7291
7291 4787
4787 305
305 2222
2222 8038
8038 1658
1658 4272
4272 4099
4099 2706
2706 1207
1207 1126
1126 8637
8637 366
366 7000
7000 6715
6715 1148
1148 3053
3053 3725
3725 4779
4779 3537
3537 8419
8419 4270
4270 1662
1662 3281
3281 5918
5918 8496
8496 3489
3489 2342
2342 3534
3534 5402
5402 58
58 8555
8555 6809
6809 2443
2443 2229
2229 4181
4181 396
396 9180
9180 436
436 1074
1074 6987
6987 912
912 2131
2131 3327
3327 5252
5252 8857
8857 7048
7048 8335
8335 4699
4699 2760
2760 7752
7752 7121
7121 2324
2324 8439
8439 3477
3477 4623
4623 763
763 228
228 6951
6951 9199
9199 6415
6415 9038
9038 8513
8513 8020
8020 9489
9489 7639
7639 2175
2175 7694
7694 3066
3066 5142
5142 1502
1502 5839
5839 8021
8021 8045
8045 903
903 8263
8263 8800
8800 7102
7102 2276
2276 4013
4013 1283
1283 5236
5236 3051
3051 4828
4828 9084
9084 5747
5747 1177
1177 9769
9769 4920
4920 4890
4890 756
756 2896
2896 9233
9233 2372
2372 6567
6567 1833
1833 6884
6884 6102
6102 1735
1735 6838
6838 4885
4885 109
109 5277
5277 4707
4707 336
336 3976
3976 1051
1051 7289
7289 6474
6474 889
889 2921
2921 9975
9975 9451
9451 4990
4990 1988
1988 3428
3428 7901
7901 5164
5164 1870
1870 8252
8252 7838
7838 1351
1351 6767
6767 2087
2087 5158
5158 4563
4563 2312
2312 623
623 3865
3865 5585
5585 2639
2639 9384
9384 3771
3771 5195
5195 6814
6814 7542
7542 9223
9223 8570
8570 6822
6822 6255
6255 445
445 5084
5084 2228
2228 2802
2802 8091
8091 6019
6019 4325
4325 8995
8995 4032
4032 7222
7222 1174
1174 168
168 820
820 7564
7564 1617
1617 1065
1065 2609
2609 2003
2003 1986
1986 3440
3440 5024
5024 6314
6314 8313
8313 4988
4988 8961
8961 863
863 7483
7483 3467
3467 8977
8977 3484
3484 8094
8094 6596
6596 1826
1826 7284
7284 3836
3836 2634
2634 3270
3270 2128
2128 6978
6978 8234
8234 2815
2815 7427
7427 4012
4012 1814
1814 231
231 5956
5956 3987
3987 7947
7947 2526
2526 8673
8673 7454
7454 9644
9644 1129
1129 5339
5339 8490
8490 7447
7447 8061
8061 3955
3955 5481
5481 4684
4684 3751
3751 3123
3123 5684
5684 5102
5102 9251
9251 4360
4360 609
609 5644
5644 5542
5542 7892
7892 667
667 4470
4470 256
256 1612
1612 2188
2188 5257
5257 9535
9535 8889
8889 8469
8469 4262
4262 2901
2901 5259
5259 6020
6020 4839
4839 9483
9483 2565
2565 9334
9334 8919
8919 1685
1685 8785
8785 4415
4415 1697
1697 6344
6344 8232
8232 7959
7959 1003
1003 8066
8066 9327
9327 7024
7024 7017
7017 4657
4657 9591
9591 994
994 9332
9332 5086
5086 9569
9569 7471
7471 6836
6836 5351
5351 8999
8999 9215
9215 9992
9992 3166
3166 7094
7094 9791
9791 1585
1585 9585
9585 3342
3342 6531
6531 7883
7883 7287
7287 4066
4066 5070
5070 8137
8137 6281
6281 1712
1712 3222
3222 9035
9035 9306
9306 4320
4320 8217
8217 1952
1952 1149
1149 9620
9620 7115
7115 6300
6300 8227
8227 3842
3842 8972
8972 4916
4916 4373
4373 5802
5802 6790
6790 9877
9877 3261
3261 1277
1277 1235
1235 7215
7215 6939
6939 7912
7912 3648
3648 335
335 704
704 2765
2765 4488
4488 3226
3226 8937
8937 7204
7204 9845
9845 6877
6877 4812
4812 7878
7878 986
986 212
212 7491
7491 3492
3492 4891
4891 5648
5648 8737
8737 7130
7130 3140
3140 5265
5265 3425
3425 3228
3228 8170
8170 7830
7830 3454
3454 2065
2065 7790
7790 7702
7702 7058
7058 5835
5835 4702
4702 6771
6771 9425
9425 8881
8881 725
725 238
238 2226
2226 26
26 9459
9459 2211
2211 8778
8778 6280
6280 894
894 9954
9954 5306
5306 8981
8981 8883
8883 6239
6239 6974
6974 2172
2172 4323
4323 6200
6200 8544
8544 3278
3278 660
660 9832
9832 2090
2090 12
12 8954
8954 2851
2851 8497
8497 4251
4251 5846
5846 6383
6383 8585
8585 5203
5203 3556
3556 8109
8109 8658
8658 7877
7877 6108
6108 227
227 7523
7523 9114
9114 2399
2399 358
358 9900
9900 468
468 8990
8990 1883
1883 4411
4411 509
509 1262
1262 4494
4494 5230
5230 6195
6195 9601
9601 9909
9909 3191
3191 1186
1186 5588
5588 7606
7606 1260
1260 1347
1347 6251
6251 3275
3275 3418
3418 2510
2510 8661
8661 7909
7909 1535
1535 2556
2556 7999
7999 9865
9865 7198
7198 1803
1803 1330
1330 800
800 5543
5543 8000
8000 7599
7599 4440
4440 5281
5281 330
330 5796
5796 3586
3586 6467
6467 3525
3525 6345
6345 973
973 7591
7591 4847
4847 9387
9387 4845
4845 733
733 4142
4142 2967
2967 1028
1028 1140
1140 453
453 1622
1622 4502
4502 8245
8245 4584
4584 3828
3828 1169
1169 5124
5124 7721
7721 8473
8473 6501
6501 2861
2861 7361
7361 4917
4917 7448
7448 7928
7928 987
987 5128
5128 9699
9699 2053
2053 3714
3714 37
37 9316
9316 4393
4393 3583
3583 3953
3953 735
735 694
694 1209
1209 4750
4750 2014
2014 6060
6060 8789
8789 500
500 5241
5241 2292
2292 6355
6355 4967
4967 7753
7753 6581
6581 5511
5511 4858
4858 5387
5387 4842
4842 1078
1078 8516
8516 2426
2426 432
432 1267
1267 6302
6302 5923
5923 6310
6310 7389
7389 1456
1456 2371
2371 7850
7850 6423
6423 6539
6539 740
740 9929
9929 9281
9281 4825
4825 2933
2933 1714
1714 4677
4677 2753
2753 5982
5982 8163
8163 9117
9117 6742
6742 1817
1817 8903
8903 7318
7318 2474
2474 7285
7285 8794
8794 7971
7971 1343
1343 5582
5582 9720
9720 43
43 5420
5420 8132
8132 1329
1329 1531
1531 1481
1481 9646
9646 9239
9239 2321
2321 2052
2052 2638
2638 8764
8764 6487
6487 7344
7344 83
83 3277
3277 1100
1100 7117
7117 5897
5897 2862
2862 2711
2711 5013
5013 4044
4044 8892
8892 9166
9166 3696
3696 1513
1513 2875
2875 9453
9453 4701
4701 6395
6395 5731
5731 2854
2854 1425
1425 6910
6910 8511
8511 265
265 2555
2555 6148
6148 4132
4132 3081
3081 3499
3499 3558
3558 3786
3786 5081
5081 9346
9346 8486
8486 8780
8780 1717
1717 5423
5423 2585
2585 201
201 9597
9597 5371
5371 3026
3026 6273
6273 2993
2993 5350
5350 4682
4682 3982
3982 3108
3108 6701
6701 1958
1958 252
252 8476
8476 3285
3285 3485
3485 3892
3892 2828
2828 7541
7541 3803
3803 7465
7465 4289
4289 9607
9607 9082
9082 2064
2064 354
354 6024
6024 5755
5755 2984
2984 5475
5475 9891
9891 9777
9777 2719
2719 958
958 5263
5263 686
686 5176
5176 5821
5821 9061
9061 9600
9600 4774
4774 6945
6945 6274
6274 9686
9686 2387
2387 6380
6380 2866
2866 6171
6171 6564
6564 4317
4317 7852
7852 9293
9293 7882
7882 8538
8538 3402
3402 778
778 4138
4138 6275
6275 3144
3144 202
202 3951
3951 315
315 7181
7181 7681
7681 7736
7736 9286
9286 1499
1499 8131
8131 4975
4975 5209
5209 2722
2722 2417
2417 9998
9998 4815
4815 6770
6770 5271
5271 7067
7067 8530
8530 6855
6855 5814
5814 2466
2466 7206
7206 9605
9605 6277
6277 1536
1536 523
523 6088
6088 9267
9267 1665
1665 3894
3894 1701
1701 2301
2301 16
16 8640
8640 4283
4283 6956
6956 457
457 1964
1964 164
164 5850
5850 5336
5336 1896
1896 7982
7982 4090
4090 4076
4076 8699
8699 3157
3157 4995
4995 5573
5573 1979
1979 5293
5293 4680
4680 3642
3642 5026
5026 9758
9758 8185
8185 834
834 1193
1193 6400
6400 6448
6448 7961
7961 181
181 1575
1575 9305
9305 5715
5715 3698
3698 9192
9192 9112
9112 2994
2994 5126
5126 9562
9562 7317
7317 7826
7826 628
628 913
913 7382
7382 4672
4672 5171
5171 678
678 5816
5816 8247
8247 2860
2860 1212
1212 1429
1429 6469
6469 8241
8241 5745
5745 4526
4526 7981
7981 2074
2074 689
689 1894
1894 2666
2666 7412
7412 546
546 7177
7177 266
266 6470
6470 8199
8199 4994
4994 9787
9787 8573
8573 1936
1936 3501
3501 3304
3304 2575
2575 9303
9303 6220
6220 7082
7082 8127
8127 1992
1992 5037
5037 3777
3777 399
399 8506
8506 1094
1094 3135
3135 6185
6185 9412
9412 8579
8579 3717
3717 1867
1867 6033
6033 7598
7598 174
174 6316
6316 1684
1684 3891
3891 8886
8886 7700
7700 809
809 6963
6963 9669
9669 5650
5650 6664
6664 4392
4392 2245
2245 4570
4570 9389
9389 3158
3158 3640
3640 4905
4905 707
707 8608
8608 8219
8219 9547
9547 2495
2495 734
734 8851
8851 1021
1021 502
502 7131
7131 9993
9993 9692
9692 2731
2731 8939
8939 3389
3389 6635
6635 2049
2049 2496
2496 8172
8172 6477
6477 7494
7494 7891
7891 1727
1727 8852
8852 4710
4710 47
47 2330
2330 9809
9809 1664
1664 9227
9227 407
407 5346
5346 8967
8967 7925
7925 1954
1954 5632
5632 10000
10000 2837
2837 448
448 8348
8348 4765
4765 2959
2959 5468
5468 1779
1779 3061
3061 3282
3282 7995
7995 1103
1103 3212
3212 9237
9237 5783
5783 3067
3067 7903
7903 2193
2193 9779
9779 538
538 3182
3182 5724
5724 5883
5883 1792
1792 4854
4854 1731
1731 3881
3881 7509
7509 4606
4606 926
926 7866
7866 1865
1865 9094
9094 8613
8613 5763
5763 6997
6997 7908
7908 3910
3910 7022
7022 5119
5119 71
71 5310
5310 7367
7367 1692
1692 3370
3370 8790
8790 3068
3068 5353
5353 2285
2285 9846
9846 8929
8929 1227
1227 3928
3928 5075
5075 3930
3930 3027
3027 9671
9671 5169
5169 2432
2432 2648
2648 710
710 8743
8743 9510
9510 2243
2243 7680
7680 2563
2563 6366
6366 6753
6753 2032
2032 4419
4419 1231
1231 2100
2100 229
229 4904
4904 3620
3620 9474
9474 6772
6772 4443
4443 2198
2198 9487
9487 7577
7577 5413
5413 5953
5953 2104
2104 9974
9974 3934
3934 8588
8588 7385
7385 861
861 1451
1451 2912
2912 8262
8262 7705
7705 74
74 2445
2445 2196
2196 3659
3659 5888
5888 2305
2305 4489
4489 5110
5110 8887
8887 2897
2897 5722
5722 537
537 94
94 5182
5182 5407
5407 3209
3209 6613
6613 1469
1469 8264
8264 5713
5713 5591
5591 2756
2756 3185
3185 4094
4094 7132
7132 8950
8950 8536
8536 7861
7861 5411
5411 5256
5256 7036
7036 1923
1923 2568
2568 5599
5599 8596
8596 8022
8022 1256
1256 5740
5740 9970
9970 5689
5689 5898
5898 1433
1433 7002
7002 196
196 6841
6841 7571
7571 8630
8630 5960
5960 1903
1903 3373
3373 4409
4409 7250
7250 4910
4910 1832
1832 6702
6702 7784
7784 634
634 2504
2504 6532
6532 6206
6206 8312
8312 7047
7047 3013
3013 3355
3355 9344
9344 4453
4453 7972
7972 6391
6391 6511
6511 2290
2290 5314
5314 4556
4556 9273
9273 7890
7890 6107
6107 830
830 9930
9930 8464
8464 8055
8055 3974
3974 9840
9840 760
760 2738
2738 70
70 9172
9172 3153
3153 9320
9320 4667
4667 4098
4098 6775
6775 4888
4888 3009
3009 4253
4253 2870
2870 1871
1871 7593
7593 6007
6007 8228
8228 8308
8308 9284
9284 7582
7582 4887
4887 9804
9804 6031
6031 7113
7113 4471
4471 6447
6447 2631
2631 271
271 8136
8136 4898
4898 3434
3434 9573
9573 6026
6026 941
941 1800
1800 7353
7353 8153
8153 1160
1160 8144
8144 6094
6094 9254
9254 641
641 165
165 8514
8514 5899
5899 1541
1541 4450
4450 7786
7786 1767
1767 9979
9979 3745
3745 5560
5560 3956
3956 8392
8392 220
220 8248
8248 1628
1628 5008
5008 1096
1096 5297
5297 5289
5289 6764
6764 8744
8744 2022
2022 6182
6182 1579
1579 284
284 5556
5556 3381
3381 6359
6359 1853
1853 6230
6230 5268
5268 410
410 2295
2295 4635
4635 2344
2344 7009
7009 8627
8627 3734
3734 2210
2210 2123
2123 7661
7661 7446
7446 1868
1868 1738
1738 8450
8450 8212
8212 1031
1031 9985
9985 534
534 8096
8096 2694
2694 7261
7261 1044
1044 2179
2179 6173
6173 6967
6967 8384
8384 9963
9963 9722
9722 3590
