10000
1 2
1 3
3 4
2 5
1 6
5 7
1 8
8 9
9 10
9 11
8 12
6 13
13 14
11 15
10 16
10 17
1 18
15 19
5 20
17 21
2 22
6 23
10 24
5 25
9 26
5 27
20 28
28 29
19 30
6 31
9 32
3 33
2 34
10 35
15 36
27 37
5 38
5 39
38 40
16 41
15 42
24 43
2 44
7 45
12 46
44 47
33 48
1 49
48 50
45 51
32 52
22 53
48 54
30 55
1 56
43 57
9 58
40 59
41 60
27 61
40 62
28 63
7 64
10 65
34 66
1 67
41 68
65 69
42 70
14 71
7 72
42 73
72 74
43 75
49 76
28 77
27 78
64 79
65 80
40 81
80 82
53 83
23 84
22 85
14 86
28 87
65 88
30 89
12 90
41 91
31 92
49 93
32 94
62 95
22 96
85 97
29 98
80 99
16 100
16 101
40 102
4 103
51 104
87 105
11 106
59 107
15 108
67 109
109 110
87 111
97 112
3 113
88 114
18 115
54 116
26 117
103 118
42 119
32 120
13 121
51 122
19 123
10 124
23 125
114 126
81 127
55 128
86 129
62 130
47 131
114 132
107 133
35 134
26 135
73 136
19 137
14 138
1 139
33 140
53 141
137 142
61 143
125 144
92 145
99 146
29 147
135 148
92 149
86 150
130 151
90 152
1 153
118 154
136 155
54 156
68 157
50 158
108 159
42 160
1 161
32 162
71 163
92 164
1 165
32 166
54 167
132 168
7 169
33 170
62 171
158 172
145 173
28 174
97 175
74 176
46 177
151 178
160 179
164 180
93 181
87 182
15 183
113 184
57 185
69 186
153 187
111 188
140 189
110 190
161 191
131 192
191 193
115 194
3 195
88 196
163 197
57 198
67 199
161 200
148 201
153 202
23 203
76 204
86 205
143 206
100 207
2 208
77 209
112 210
188 211
150 212
63 213
57 214
30 215
163 216
190 217
159 218
154 219
139 220
143 221
90 222
38 223
93 224
103 225
111 226
59 227
32 228
102 229
183 230
157 231
163 232
185 233
89 234
94 235
229 236
30 237
115 238
137 239
187 240
65 241
71 242
119 243
196 244
9 245
138 246
107 247
121 248
36 249
228 250
174 251
229 252
135 253
124 254
8 255
27 256
214 257
111 258
210 259
186 260
87 261
81 262
142 263
13 264
71 265
105 266
17 267
191 268
123 269
237 270
27 271
148 272
52 273
129 274
174 275
92 276
80 277
179 278
243 279
74 280
78 281
135 282
9 283
175 284
72 285
214 286
79 287
68 288
171 289
110 290
118 291
57 292
155 293
289 294
285 295
50 296
68 297
256 298
203 299
45 300
209 301
243 302
265 303
32 304
88 305
304 306
95 307
119 308
171 309
217 310
114 311
238 312
131 313
74 314
289 315
106 316
263 317
190 318
284 319
119 320
134 321
254 322
150 323
122 324
297 325
278 326
277 327
296 328
267 329
294 330
143 331
175 332
34 333
99 334
156 335
111 336
211 337
198 338
234 339
52 340
134 341
8 342
87 343
12 344
306 345
277 346
142 347
311 348
306 349
174 350
194 351
191 352
131 353
294 354
165 355
300 356
289 357
118 358
45 359
346 360
184 361
316 362
242 363
87 364
132 365
35 366
124 367
133 368
346 369
119 370
177 371
139 372
287 373
267 374
13 375
82 376
126 377
19 378
105 379
253 380
116 381
170 382
101 383
374 384
376 385
82 386
211 387
350 388
18 389
186 390
350 391
59 392
120 393
104 394
140 395
304 396
195 397
201 398
366 399
89 400
365 401
291 402
80 403
34 404
323 405
113 406
262 407
96 408
382 409
267 410
55 411
263 412
51 413
342 414
181 415
96 416
346 417
263 418
229 419
110 420
77 421
297 422
106 423
297 424
216 425
402 426
185 427
424 428
386 429
224 430
176 431
274 432
340 433
96 434
101 435
383 436
223 437
348 438
253 439
172 440
237 441
102 442
266 443
419 444
20 445
431 446
388 447
330 448
187 449
47 450
72 451
260 452
411 453
138 454
24 455
275 456
247 457
291 458
348 459
123 460
147 461
424 462
88 463
290 464
177 465
385 466
6 467
167 468
360 469
69 470
295 471
16 472
167 473
423 474
285 475
146 476
193 477
128 478
78 479
248 480
194 481
421 482
441 483
353 484
97 485
182 486
417 487
206 488
156 489
464 490
63 491
267 492
193 493
382 494
25 495
95 496
246 497
124 498
420 499
286 500
377 501
322 502
211 503
495 504
113 505
144 506
157 507
107 508
117 509
230 510
443 511
511 512
314 513
440 514
301 515
352 516
483 517
16 518
183 519
496 520
357 521
132 522
417 523
494 524
88 525
44 526
103 527
149 528
496 529
437 530
229 531
370 532
49 533
86 534
52 535
77 536
468 537
183 538
1 539
113 540
387 541
36 542
541 543
493 544
127 545
296 546
300 547
79 548
301 549
268 550
47 551
369 552
262 553
531 554
531 555
263 556
9 557
255 558
258 559
557 560
141 561
406 562
409 563
355 564
533 565
29 566
433 567
100 568
71 569
129 570
220 571
395 572
325 573
141 574
305 575
57 576
64 577
6 578
207 579
9 580
96 581
37 582
2 583
88 584
291 585
468 586
296 587
139 588
183 589
393 590
344 591
567 592
573 593
431 594
218 595
434 596
252 597
118 598
60 599
372 600
161 601
509 602
116 603
495 604
164 605
50 606
501 607
343 608
161 609
377 610
173 611
593 612
411 613
471 614
230 615
507 616
142 617
161 618
579 619
91 620
83 621
594 622
369 623
194 624
429 625
254 626
482 627
354 628
565 629
415 630
47 631
285 632
113 633
329 634
188 635
247 636
624 637
238 638
109 639
123 640
382 641
473 642
117 643
246 644
638 645
401 646
540 647
311 648
534 649
33 650
205 651
240 652
169 653
636 654
583 655
224 656
541 657
396 658
172 659
282 660
87 661
406 662
493 663
326 664
431 665
217 666
592 667
38 668
351 669
601 670
556 671
299 672
104 673
349 674
31 675
271 676
251 677
18 678
114 679
457 680
25 681
671 682
553 683
604 684
241 685
661 686
38 687
51 688
550 689
253 690
639 691
651 692
511 693
222 694
35 695
133 696
604 697
633 698
195 699
474 700
89 701
385 702
463 703
69 704
584 705
417 706
1 707
200 708
305 709
176 710
203 711
289 712
547 713
354 714
349 715
605 716
251 717
695 718
411 719
114 720
321 721
685 722
258 723
371 724
609 725
624 726
83 727
55 728
211 729
570 730
469 731
650 732
58 733
288 734
549 735
182 736
186 737
655 738
221 739
67 740
578 741
418 742
388 743
242 744
137 745
332 746
482 747
349 748
228 749
84 750
635 751
744 752
543 753
162 754
559 755
411 756
402 757
243 758
158 759
690 760
611 761
73 762
186 763
214 764
241 765
383 766
279 767
95 768
311 769
497 770
273 771
411 772
647 773
350 774
138 775
596 776
670 777
742 778
480 779
672 780
651 781
616 782
401 783
683 784
329 785
723 786
378 787
368 788
210 789
290 790
209 791
274 792
337 793
360 794
537 795
367 796
23 797
283 798
479 799
661 800
111 801
602 802
138 803
491 804
661 805
409 806
255 807
229 808
458 809
734 810
580 811
476 812
554 813
22 814
323 815
252 816
322 817
488 818
376 819
459 820
759 821
2 822
405 823
686 824
628 825
83 826
336 827
621 828
574 829
150 830
592 831
769 832
345 833
760 834
822 835
320 836
716 837
239 838
22 839
597 840
278 841
744 842
72 843
280 844
7 845
678 846
417 847
665 848
785 849
821 850
505 851
834 852
75 853
325 854
429 855
73 856
269 857
408 858
790 859
626 860
54 861
591 862
28 863
372 864
91 865
59 866
667 867
505 868
728 869
46 870
830 871
669 872
112 873
193 874
696 875
810 876
371 877
90 878
175 879
608 880
472 881
73 882
737 883
12 884
531 885
70 886
538 887
426 888
706 889
663 890
320 891
772 892
634 893
712 894
354 895
143 896
539 897
97 898
831 899
367 900
169 901
93 902
30 903
606 904
173 905
489 906
526 907
15 908
233 909
146 910
809 911
746 912
209 913
110 914
177 915
302 916
782 917
316 918
738 919
478 920
317 921
475 922
410 923
202 924
300 925
559 926
145 927
827 928
895 929
577 930
206 931
731 932
91 933
319 934
163 935
500 936
374 937
16 938
694 939
528 940
376 941
30 942
194 943
650 944
264 945
323 946
287 947
590 948
182 949
403 950
704 951
219 952
219 953
476 954
337 955
403 956
948 957
210 958
321 959
595 960
709 961
901 962
617 963
856 964
239 965
715 966
190 967
289 968
896 969
871 970
217 971
857 972
354 973
362 974
462 975
937 976
516 977
893 978
730 979
520 980
897 981
150 982
748 983
260 984
325 985
458 986
758 987
857 988
494 989
893 990
246 991
525 992
980 993
59 994
453 995
608 996
147 997
320 998
947 999
187 1000
679 1001
647 1002
716 1003
612 1004
245 1005
593 1006
186 1007
155 1008
570 1009
722 1010
601 1011
583 1012
675 1013
182 1014
201 1015
777 1016
354 1017
318 1018
105 1019
261 1020
508 1021
247 1022
689 1023
232 1024
773 1025
7 1026
203 1027
588 1028
409 1029
315 1030
921 1031
325 1032
727 1033
334 1034
687 1035
1032 1036
549 1037
1004 1038
22 1039
363 1040
717 1041
839 1042
787 1043
73 1044
469 1045
980 1046
599 1047
699 1048
384 1049
550 1050
761 1051
988 1052
868 1053
310 1054
1012 1055
755 1056
185 1057
261 1058
944 1059
93 1060
997 1061
463 1062
349 1063
848 1064
235 1065
754 1066
653 1067
929 1068
308 1069
180 1070
523 1071
358 1072
734 1073
522 1074
181 1075
141 1076
1004 1077
710 1078
1065 1079
381 1080
1075 1081
428 1082
170 1083
463 1084
276 1085
1062 1086
844 1087
614 1088
257 1089
40 1090
109 1091
965 1092
646 1093
522 1094
622 1095
595 1096
847 1097
483 1098
410 1099
436 1100
803 1101
100 1102
229 1103
791 1104
646 1105
241 1106
94 1107
657 1108
316 1109
212 1110
1047 1111
861 1112
721 1113
450 1114
17 1115
519 1116
1069 1117
518 1118
1069 1119
4 1120
981 1121
118 1122
175 1123
192 1124
664 1125
442 1126
303 1127
89 1128
318 1129
240 1130
3 1131
959 1132
777 1133
402 1134
545 1135
733 1136
26 1137
804 1138
931 1139
34 1140
125 1141
200 1142
1141 1143
619 1144
813 1145
510 1146
583 1147
21 1148
23 1149
153 1150
1131 1151
243 1152
52 1153
361 1154
756 1155
204 1156
991 1157
237 1158
105 1159
56 1160
1076 1161
1138 1162
1095 1163
648 1164
328 1165
82 1166
64 1167
654 1168
8 1169
1036 1170
741 1171
1021 1172
238 1173
142 1174
807 1175
1142 1176
963 1177
325 1178
30 1179
1107 1180
900 1181
826 1182
942 1183
717 1184
1010 1185
466 1186
1135 1187
1141 1188
59 1189
664 1190
408 1191
893 1192
372 1193
984 1194
110 1195
694 1196
81 1197
1013 1198
1174 1199
844 1200
421 1201
806 1202
589 1203
853 1204
152 1205
618 1206
1002 1207
105 1208
990 1209
230 1210
801 1211
670 1212
1146 1213
262 1214
832 1215
113 1216
708 1217
543 1218
174 1219
120 1220
937 1221
516 1222
47 1223
803 1224
678 1225
153 1226
690 1227
536 1228
558 1229
1023 1230
413 1231
639 1232
712 1233
117 1234
825 1235
546 1236
577 1237
286 1238
1189 1239
1224 1240
1121 1241
1226 1242
859 1243
622 1244
320 1245
1043 1246
978 1247
996 1248
1095 1249
1047 1250
993 1251
64 1252
67 1253
1208 1254
587 1255
76 1256
228 1257
488 1258
1084 1259
300 1260
1215 1261
1223 1262
430 1263
1066 1264
40 1265
583 1266
856 1267
361 1268
623 1269
382 1270
474 1271
188 1272
647 1273
197 1274
879 1275
1252 1276
273 1277
760 1278
861 1279
940 1280
867 1281
947 1282
870 1283
443 1284
275 1285
117 1286
1133 1287
1263 1288
441 1289
999 1290
469 1291
984 1292
800 1293
392 1294
937 1295
1007 1296
729 1297
316 1298
605 1299
7 1300
556 1301
745 1302
132 1303
502 1304
776 1305
762 1306
149 1307
770 1308
1206 1309
326 1310
997 1311
665 1312
508 1313
840 1314
11 1315
448 1316
307 1317
490 1318
574 1319
1206 1320
37 1321
570 1322
617 1323
216 1324
323 1325
812 1326
120 1327
312 1328
856 1329
90 1330
334 1331
565 1332
880 1333
82 1334
441 1335
445 1336
518 1337
1120 1338
1038 1339
835 1340
1126 1341
875 1342
415 1343
177 1344
66 1345
611 1346
50 1347
1124 1348
1116 1349
314 1350
618 1351
697 1352
523 1353
518 1354
1084 1355
146 1356
306 1357
204 1358
1013 1359
534 1360
913 1361
1262 1362
639 1363
1120 1364
899 1365
244 1366
140 1367
940 1368
14 1369
825 1370
1347 1371
1266 1372
36 1373
1033 1374
616 1375
873 1376
150 1377
145 1378
54 1379
1042 1380
1292 1381
973 1382
850 1383
338 1384
359 1385
196 1386
1280 1387
878 1388
832 1389
1182 1390
390 1391
1300 1392
263 1393
526 1394
18 1395
529 1396
1295 1397
464 1398
113 1399
1090 1400
1273 1401
276 1402
805 1403
873 1404
1019 1405
1109 1406
997 1407
1171 1408
1006 1409
1054 1410
153 1411
930 1412
892 1413
451 1414
130 1415
203 1416
32 1417
364 1418
1377 1419
1142 1420
315 1421
577 1422
1330 1423
425 1424
142 1425
686 1426
28 1427
1378 1428
378 1429
751 1430
934 1431
1330 1432
1393 1433
692 1434
112 1435
1388 1436
1018 1437
663 1438
559 1439
844 1440
225 1441
1051 1442
572 1443
882 1444
1130 1445
879 1446
917 1447
1258 1448
381 1449
1076 1450
1262 1451
432 1452
620 1453
1432 1454
1030 1455
760 1456
1061 1457
946 1458
150 1459
897 1460
850 1461
582 1462
695 1463
1338 1464
68 1465
1179 1466
1255 1467
418 1468
1432 1469
805 1470
872 1471
1081 1472
266 1473
339 1474
1436 1475
463 1476
833 1477
352 1478
536 1479
676 1480
201 1481
1307 1482
639 1483
127 1484
229 1485
1029 1486
1481 1487
617 1488
909 1489
1056 1490
647 1491
216 1492
461 1493
504 1494
842 1495
418 1496
1391 1497
796 1498
676 1499
674 1500
1020 1501
638 1502
262 1503
93 1504
1341 1505
519 1506
1471 1507
259 1508
161 1509
414 1510
1219 1511
1169 1512
1023 1513
516 1514
186 1515
445 1516
371 1517
749 1518
702 1519
952 1520
1172 1521
432 1522
72 1523
505 1524
631 1525
721 1526
211 1527
41 1528
1157 1529
39 1530
1272 1531
49 1532
560 1533
1407 1534
511 1535
119 1536
1003 1537
1090 1538
881 1539
738 1540
36 1541
1073 1542
35 1543
1134 1544
1011 1545
994 1546
1125 1547
718 1548
821 1549
46 1550
871 1551
469 1552
473 1553
996 1554
14 1555
568 1556
1342 1557
1132 1558
375 1559
1129 1560
1235 1561
1239 1562
1349 1563
1365 1564
114 1565
1514 1566
198 1567
662 1568
691 1569
261 1570
1007 1571
738 1572
1514 1573
1206 1574
626 1575
233 1576
785 1577
742 1578
482 1579
1505 1580
1476 1581
1426 1582
1144 1583
638 1584
1217 1585
505 1586
40 1587
772 1588
1136 1589
499 1590
1142 1591
825 1592
546 1593
1567 1594
602 1595
42 1596
703 1597
1585 1598
1189 1599
833 1600
763 1601
1505 1602
692 1603
765 1604
1503 1605
1048 1606
431 1607
35 1608
1576 1609
149 1610
552 1611
740 1612
168 1613
1485 1614
396 1615
652 1616
1240 1617
1185 1618
700 1619
1517 1620
1289 1621
1231 1622
1286 1623
1369 1624
938 1625
14 1626
568 1627
1108 1628
1023 1629
1076 1630
1567 1631
1566 1632
228 1633
920 1634
790 1635
498 1636
402 1637
1212 1638
833 1639
1533 1640
1246 1641
1256 1642
685 1643
1176 1644
363 1645
1490 1646
225 1647
856 1648
1290 1649
1189 1650
903 1651
1393 1652
750 1653
549 1654
1401 1655
561 1656
246 1657
112 1658
1122 1659
775 1660
447 1661
76 1662
1006 1663
543 1664
1520 1665
901 1666
890 1667
439 1668
213 1669
304 1670
189 1671
1187 1672
509 1673
1650 1674
304 1675
1093 1676
1638 1677
1248 1678
1169 1679
639 1680
1582 1681
677 1682
45 1683
694 1684
91 1685
725 1686
553 1687
1569 1688
1171 1689
499 1690
893 1691
354 1692
531 1693
734 1694
1022 1695
1530 1696
690 1697
568 1698
478 1699
1399 1700
243 1701
1298 1702
161 1703
1053 1704
1625 1705
830 1706
1000 1707
457 1708
29 1709
452 1710
245 1711
733 1712
1002 1713
1621 1714
1623 1715
232 1716
112 1717
1495 1718
41 1719
1697 1720
671 1721
848 1722
601 1723
745 1724
661 1725
21 1726
845 1727
80 1728
697 1729
139 1730
722 1731
853 1732
1547 1733
266 1734
533 1735
703 1736
533 1737
150 1738
1449 1739
173 1740
964 1741
1700 1742
1495 1743
1272 1744
1433 1745
1344 1746
1309 1747
1520 1748
925 1749
451 1750
80 1751
378 1752
724 1753
399 1754
860 1755
123 1756
582 1757
614 1758
168 1759
1058 1760
688 1761
381 1762
1128 1763
1632 1764
1379 1765
1031 1766
897 1767
561 1768
217 1769
765 1770
1572 1771
915 1772
1179 1773
1501 1774
535 1775
1317 1776
399 1777
716 1778
1198 1779
1016 1780
1589 1781
1114 1782
1089 1783
1166 1784
1499 1785
1084 1786
628 1787
880 1788
1213 1789
1389 1790
673 1791
901 1792
933 1793
1553 1794
319 1795
290 1796
193 1797
1214 1798
279 1799
1193 1800
1767 1801
1269 1802
1115 1803
478 1804
240 1805
1579 1806
432 1807
1584 1808
761 1809
1395 1810
866 1811
748 1812
827 1813
556 1814
1216 1815
591 1816
1628 1817
1645 1818
1763 1819
1787 1820
1133 1821
764 1822
1067 1823
1551 1824
239 1825
313 1826
1168 1827
749 1828
1014 1829
1394 1830
1816 1831
667 1832
387 1833
543 1834
256 1835
1693 1836
796 1837
1788 1838
1613 1839
1426 1840
1667 1841
1673 1842
34 1843
698 1844
973 1845
1387 1846
834 1847
657 1848
996 1849
1457 1850
1488 1851
1257 1852
904 1853
1265 1854
139 1855
1462 1856
891 1857
1173 1858
1715 1859
805 1860
795 1861
81 1862
166 1863
494 1864
1284 1865
1591 1866
497 1867
1631 1868
17 1869
1476 1870
1755 1871
417 1872
1 1873
1426 1874
1297 1875
708 1876
514 1877
1085 1878
1585 1879
1833 1880
74 1881
1489 1882
1826 1883
1227 1884
1598 1885
777 1886
646 1887
166 1888
1228 1889
796 1890
976 1891
1834 1892
968 1893
1774 1894
1012 1895
252 1896
1127 1897
99 1898
697 1899
739 1900
32 1901
147 1902
932 1903
426 1904
1384 1905
979 1906
874 1907
396 1908
459 1909
1854 1910
262 1911
1784 1912
805 1913
245 1914
375 1915
1312 1916
330 1917
38 1918
388 1919
777 1920
1747 1921
1398 1922
539 1923
1258 1924
634 1925
612 1926
988 1927
1762 1928
1022 1929
399 1930
768 1931
1198 1932
941 1933
1819 1934
515 1935
1882 1936
755 1937
1906 1938
1612 1939
1596 1940
1308 1941
981 1942
1451 1943
1116 1944
1116 1945
1520 1946
708 1947
1548 1948
513 1949
957 1950
1595 1951
521 1952
1210 1953
866 1954
1411 1955
1829 1956
659 1957
1360 1958
967 1959
618 1960
1390 1961
1579 1962
171 1963
1274 1964
1795 1965
483 1966
1471 1967
1226 1968
335 1969
1326 1970
698 1971
222 1972
672 1973
324 1974
76 1975
1881 1976
1899 1977
1734 1978
1389 1979
1782 1980
388 1981
1194 1982
1285 1983
1195 1984
1189 1985
901 1986
1638 1987
331 1988
1179 1989
331 1990
1299 1991
346 1992
496 1993
615 1994
1990 1995
1105 1996
907 1997
1965 1998
1196 1999
1801 2000
361 2001
733 2002
1367 2003
1058 2004
1377 2005
1335 2006
824 2007
1678 2008
2002 2009
982 2010
1606 2011
888 2012
784 2013
1845 2014
1739 2015
959 2016
1843 2017
1209 2018
1732 2019
1534 2020
860 2021
505 2022
1944 2023
78 2024
1601 2025
1559 2026
546 2027
1255 2028
1789 2029
1768 2030
2013 2031
955 2032
1262 2033
1678 2034
1545 2035
727 2036
490 2037
1118 2038
1873 2039
1585 2040
18 2041
258 2042
1248 2043
1308 2044
137 2045
582 2046
1736 2047
689 2048
1377 2049
1493 2050
156 2051
812 2052
1711 2053
2000 2054
404 2055
1281 2056
1178 2057
359 2058
801 2059
1811 2060
844 2061
1487 2062
497 2063
1644 2064
501 2065
1359 2066
1052 2067
200 2068
468 2069
1398 2070
1832 2071
983 2072
736 2073
1772 2074
789 2075
650 2076
376 2077
1084 2078
1486 2079
1872 2080
875 2081
1449 2082
317 2083
1956 2084
1969 2085
160 2086
59 2087
1123 2088
159 2089
1160 2090
555 2091
1670 2092
581 2093
1535 2094
1222 2095
1854 2096
251 2097
77 2098
1724 2099
662 2100
1826 2101
1190 2102
1612 2103
196 2104
88 2105
386 2106
1423 2107
653 2108
176 2109
466 2110
197 2111
1115 2112
2031 2113
1175 2114
1746 2115
1192 2116
1777 2117
2083 2118
859 2119
906 2120
911 2121
261 2122
1583 2123
1386 2124
976 2125
1124 2126
2102 2127
1661 2128
1703 2129
237 2130
1298 2131
2049 2132
607 2133
445 2134
1327 2135
734 2136
1980 2137
1675 2138
617 2139
768 2140
1848 2141
115 2142
531 2143
1207 2144
1136 2145
1477 2146
2142 2147
1971 2148
3 2149
1749 2150
1546 2151
1311 2152
1793 2153
432 2154
448 2155
1146 2156
1066 2157
696 2158
607 2159
1680 2160
1013 2161
769 2162
767 2163
418 2164
426 2165
1152 2166
207 2167
506 2168
202 2169
1531 2170
206 2171
1033 2172
255 2173
1405 2174
607 2175
1107 2176
1562 2177
1319 2178
409 2179
1459 2180
1916 2181
1891 2182
873 2183
552 2184
134 2185
867 2186
41 2187
617 2188
841 2189
1183 2190
1546 2191
1523 2192
202 2193
1768 2194
2045 2195
2078 2196
1046 2197
1475 2198
68 2199
1997 2200
1585 2201
324 2202
1547 2203
955 2204
685 2205
911 2206
1607 2207
2167 2208
543 2209
897 2210
406 2211
291 2212
1746 2213
827 2214
1558 2215
109 2216
304 2217
1806 2218
416 2219
1709 2220
1115 2221
1662 2222
402 2223
672 2224
1784 2225
67 2226
1274 2227
1196 2228
109 2229
808 2230
1404 2231
1374 2232
462 2233
1179 2234
230 2235
683 2236
204 2237
1331 2238
2075 2239
559 2240
758 2241
1565 2242
2106 2243
1358 2244
2197 2245
552 2246
2143 2247
782 2248
1493 2249
2127 2250
1945 2251
1468 2252
1279 2253
1209 2254
213 2255
1706 2256
778 2257
805 2258
636 2259
637 2260
31 2261
1280 2262
1494 2263
1198 2264
844 2265
2067 2266
72 2267
354 2268
522 2269
397 2270
382 2271
1928 2272
1000 2273
1247 2274
1904 2275
2076 2276
773 2277
2028 2278
2254 2279
932 2280
1713 2281
687 2282
1504 2283
1123 2284
1919 2285
812 2286
162 2287
311 2288
424 2289
2163 2290
2287 2291
408 2292
700 2293
2085 2294
840 2295
898 2296
1770 2297
592 2298
332 2299
383 2300
1024 2301
2177 2302
2054 2303
1513 2304
984 2305
96 2306
1997 2307
423 2308
2078 2309
1075 2310
1098 2311
666 2312
2022 2313
702 2314
209 2315
692 2316
859 2317
2143 2318
2271 2319
681 2320
2193 2321
1144 2322
670 2323
938 2324
812 2325
2294 2326
1582 2327
1493 2328
1488 2329
720 2330
960 2331
1358 2332
2 2333
373 2334
495 2335
591 2336
2144 2337
2170 2338
901 2339
2000 2340
279 2341
417 2342
1290 2343
1336 2344
1372 2345
577 2346
1892 2347
2315 2348
1646 2349
1909 2350
1000 2351
866 2352
1800 2353
1329 2354
2028 2355
1644 2356
2080 2357
2272 2358
2137 2359
80 2360
2306 2361
2111 2362
1636 2363
2108 2364
613 2365
1730 2366
777 2367
1564 2368
896 2369
1184 2370
1471 2371
274 2372
911 2373
1252 2374
2044 2375
1561 2376
1579 2377
960 2378
1188 2379
483 2380
1084 2381
705 2382
1806 2383
96 2384
400 2385
512 2386
950 2387
781 2388
2258 2389
2010 2390
1805 2391
1901 2392
1713 2393
1210 2394
1491 2395
250 2396
828 2397
1021 2398
1290 2399
610 2400
1621 2401
1522 2402
290 2403
954 2404
387 2405
2142 2406
501 2407
2327 2408
1688 2409
1210 2410
2206 2411
2255 2412
870 2413
2353 2414
1028 2415
919 2416
1902 2417
921 2418
915 2419
2237 2420
400 2421
2329 2422
1757 2423
109 2424
561 2425
1812 2426
1639 2427
1331 2428
1491 2429
1622 2430
712 2431
1469 2432
347 2433
1438 2434
1347 2435
1502 2436
738 2437
146 2438
5 2439
1791 2440
1759 2441
2287 2442
1260 2443
1947 2444
2167 2445
1414 2446
371 2447
502 2448
664 2449
202 2450
1767 2451
2 2452
57 2453
218 2454
2175 2455
2054 2456
1308 2457
871 2458
1822 2459
304 2460
666 2461
187 2462
1846 2463
1806 2464
1748 2465
1965 2466
1009 2467
613 2468
2424 2469
403 2470
1110 2471
1999 2472
2363 2473
455 2474
1846 2475
352 2476
1908 2477
399 2478
1623 2479
6 2480
1903 2481
1092 2482
2344 2483
694 2484
1949 2485
1254 2486
844 2487
812 2488
310 2489
1914 2490
2019 2491
1689 2492
2107 2493
606 2494
1560 2495
2123 2496
1419 2497
1796 2498
712 2499
1740 2500
1459 2501
1589 2502
305 2503
1901 2504
889 2505
1011 2506
1247 2507
1887 2508
778 2509
1867 2510
2206 2511
2179 2512
618 2513
655 2514
2024 2515
556 2516
785 2517
1903 2518
893 2519
2219 2520
669 2521
442 2522
1083 2523
1725 2524
1714 2525
709 2526
1383 2527
1199 2528
2302 2529
957 2530
2422 2531
891 2532
201 2533
2196 2534
2422 2535
338 2536
1750 2537
1176 2538
637 2539
2365 2540
1885 2541
1204 2542
1755 2543
1324 2544
249 2545
166 2546
267 2547
2096 2548
1787 2549
1242 2550
2291 2551
665 2552
2193 2553
380 2554
1874 2555
1296 2556
1667 2557
615 2558
1027 2559
1605 2560
727 2561
531 2562
2428 2563
1893 2564
732 2565
1359 2566
1358 2567
1559 2568
2246 2569
1657 2570
352 2571
183 2572
1201 2573
470 2574
2562 2575
1979 2576
2345 2577
47 2578
60 2579
2501 2580
1431 2581
109 2582
2506 2583
1418 2584
611 2585
1491 2586
111 2587
436 2588
564 2589
2405 2590
792 2591
2591 2592
711 2593
2087 2594
2582 2595
2221 2596
539 2597
508 2598
2076 2599
2473 2600
2443 2601
811 2602
704 2603
2405 2604
1160 2605
6 2606
323 2607
974 2608
2286 2609
1276 2610
1131 2611
1817 2612
2135 2613
2487 2614
45 2615
142 2616
50 2617
1182 2618
1783 2619
2165 2620
1503 2621
1016 2622
426 2623
217 2624
1609 2625
1958 2626
1692 2627
1001 2628
1145 2629
1895 2630
1568 2631
806 2632
1074 2633
1886 2634
2118 2635
729 2636
2305 2637
1558 2638
2339 2639
1408 2640
1688 2641
1390 2642
2011 2643
1003 2644
1863 2645
1972 2646
1935 2647
1500 2648
131 2649
259 2650
1230 2651
1594 2652
429 2653
2455 2654
2632 2655
2615 2656
1006 2657
987 2658
2267 2659
2139 2660
1877 2661
791 2662
808 2663
2228 2664
429 2665
1633 2666
1792 2667
662 2668
1672 2669
2604 2670
2153 2671
2244 2672
2276 2673
943 2674
1080 2675
2498 2676
999 2677
839 2678
1678 2679
1457 2680
24 2681
321 2682
1997 2683
259 2684
1907 2685
761 2686
1666 2687
1690 2688
117 2689
828 2690
1049 2691
2118 2692
1855 2693
1921 2694
1319 2695
183 2696
2324 2697
2130 2698
355 2699
1158 2700
1241 2701
844 2702
2117 2703
2218 2704
1350 2705
102 2706
69 2707
1398 2708
2017 2709
795 2710
2479 2711
233 2712
213 2713
1276 2714
275 2715
1681 2716
1849 2717
145 2718
2102 2719
1130 2720
497 2721
1251 2722
2285 2723
1906 2724
640 2725
334 2726
2565 2727
941 2728
1354 2729
2385 2730
768 2731
757 2732
1597 2733
1556 2734
1510 2735
760 2736
2673 2737
611 2738
2197 2739
178 2740
953 2741
70 2742
1526 2743
1077 2744
308 2745
1271 2746
521 2747
2494 2748
1775 2749
924 2750
1827 2751
2730 2752
291 2753
799 2754
1658 2755
816 2756
2348 2757
743 2758
1275 2759
444 2760
833 2761
1519 2762
1784 2763
705 2764
626 2765
1501 2766
2145 2767
250 2768
82 2769
2347 2770
1177 2771
1510 2772
1067 2773
15 2774
2457 2775
2755 2776
2693 2777
1428 2778
2494 2779
2395 2780
1235 2781
152 2782
2384 2783
1870 2784
2126 2785
1698 2786
779 2787
153 2788
1541 2789
1113 2790
673 2791
2455 2792
717 2793
808 2794
764 2795
2087 2796
1312 2797
5 2798
984 2799
367 2800
701 2801
137 2802
1526 2803
2311 2804
202 2805
2388 2806
2212 2807
389 2808
443 2809
2201 2810
2673 2811
190 2812
2791 2813
1478 2814
2095 2815
2012 2816
320 2817
1764 2818
2562 2819
628 2820
1625 2821
2748 2822
1878 2823
1272 2824
2677 2825
234 2826
1866 2827
1874 2828
483 2829
341 2830
2389 2831
2686 2832
1537 2833
1210 2834
1849 2835
400 2836
1907 2837
395 2838
1568 2839
240 2840
371 2841
1469 2842
581 2843
1748 2844
1691 2845
1852 2846
2837 2847
2415 2848
817 2849
982 2850
1532 2851
1280 2852
1162 2853
20 2854
2463 2855
1661 2856
2101 2857
1982 2858
2181 2859
1257 2860
2613 2861
1859 2862
541 2863
347 2864
1963 2865
1645 2866
2383 2867
931 2868
645 2869
1125 2870
1352 2871
1270 2872
2788 2873
2334 2874
2579 2875
2006 2876
2133 2877
2496 2878
2276 2879
1287 2880
2441 2881
445 2882
589 2883
1487 2884
2154 2885
1635 2886
2261 2887
1044 2888
2725 2889
1292 2890
1274 2891
1728 2892
557 2893
1232 2894
1552 2895
63 2896
86 2897
1519 2898
459 2899
2134 2900
106 2901
2879 2902
1500 2903
1791 2904
2670 2905
2652 2906
695 2907
263 2908
2662 2909
703 2910
1975 2911
1316 2912
611 2913
1710 2914
1341 2915
1998 2916
1875 2917
127 2918
1674 2919
2029 2920
1986 2921
2357 2922
1121 2923
2336 2924
1163 2925
1602 2926
31 2927
561 2928
1451 2929
2196 2930
397 2931
2568 2932
2753 2933
2724 2934
524 2935
2045 2936
1819 2937
1225 2938
360 2939
473 2940
2106 2941
2366 2942
747 2943
2656 2944
1671 2945
493 2946
879 2947
103 2948
1028 2949
2299 2950
914 2951
1807 2952
1256 2953
359 2954
1988 2955
260 2956
581 2957
1078 2958
1652 2959
2904 2960
42 2961
1474 2962
1897 2963
1171 2964
300 2965
905 2966
2778 2967
2334 2968
1361 2969
1334 2970
100 2971
2675 2972
1801 2973
911 2974
2918 2975
2888 2976
832 2977
2624 2978
1925 2979
1354 2980
148 2981
675 2982
2749 2983
2290 2984
258 2985
1815 2986
798 2987
2757 2988
2884 2989
2789 2990
1021 2991
1047 2992
1138 2993
1521 2994
1893 2995
2760 2996
2750 2997
570 2998
760 2999
2276 3000
1138 3001
1750 3002
705 3003
2522 3004
322 3005
2407 3006
2982 3007
1632 3008
2232 3009
11 3010
725 3011
2114 3012
633 3013
438 3014
85 3015
1899 3016
1680 3017
611 3018
240 3019
1171 3020
2057 3021
2135 3022
1220 3023
135 3024
103 3025
537 3026
2 3027
37 3028
1429 3029
195 3030
292 3031
2242 3032
1233 3033
1166 3034
2286 3035
1886 3036
1773 3037
940 3038
2175 3039
1236 3040
2853 3041
1178 3042
1038 3043
2316 3044
2380 3045
2911 3046
1631 3047
1428 3048
1676 3049
2254 3050
2167 3051
1365 3052
54 3053
215 3054
702 3055
2070 3056
1984 3057
1841 3058
1304 3059
563 3060
1505 3061
1905 3062
1813 3063
2871 3064
700 3065
272 3066
2606 3067
2235 3068
2941 3069
885 3070
1726 3071
2521 3072
2447 3073
1063 3074
707 3075
913 3076
417 3077
686 3078
2270 3079
1816 3080
1288 3081
2839 3082
672 3083
3059 3084
808 3085
2618 3086
987 3087
797 3088
2091 3089
1048 3090
1368 3091
2578 3092
1713 3093
186 3094
1469 3095
669 3096
1049 3097
2796 3098
343 3099
1667 3100
2721 3101
1643 3102
2609 3103
2129 3104
2431 3105
2094 3106
1639 3107
2037 3108
2684 3109
330 3110
902 3111
3088 3112
1737 3113
1195 3114
430 3115
2682 3116
2547 3117
265 3118
2101 3119
836 3120
570 3121
3058 3122
2397 3123
590 3124
419 3125
800 3126
837 3127
2574 3128
100 3129
434 3130
725 3131
1316 3132
2270 3133
1971 3134
2709 3135
2310 3136
1644 3137
2963 3138
1922 3139
2968 3140
278 3141
1325 3142
1429 3143
751 3144
2568 3145
634 3146
1812 3147
1844 3148
1224 3149
2817 3150
609 3151
1968 3152
642 3153
1151 3154
857 3155
1781 3156
2930 3157
2806 3158
352 3159
2415 3160
384 3161
19 3162
2986 3163
1848 3164
1011 3165
200 3166
539 3167
2959 3168
305 3169
1222 3170
3086 3171
553 3172
1927 3173
3081 3174
1749 3175
2351 3176
3035 3177
2831 3178
841 3179
1383 3180
2018 3181
414 3182
2609 3183
2739 3184
406 3185
2259 3186
1528 3187
1942 3188
1648 3189
3126 3190
1706 3191
2101 3192
686 3193
1321 3194
1761 3195
1056 3196
1947 3197
1024 3198
469 3199
679 3200
739 3201
3116 3202
1576 3203
2745 3204
2426 3205
905 3206
1625 3207
3096 3208
912 3209
2828 3210
643 3211
416 3212
2157 3213
1453 3214
1810 3215
2969 3216
795 3217
1199 3218
1287 3219
704 3220
1 3221
1844 3222
596 3223
564 3224
14 3225
2197 3226
457 3227
554 3228
850 3229
206 3230
632 3231
2804 3232
600 3233
1442 3234
1252 3235
1984 3236
1572 3237
1118 3238
2747 3239
2820 3240
2894 3241
1896 3242
808 3243
1294 3244
2510 3245
389 3246
3242 3247
584 3248
3010 3249
40 3250
1359 3251
1232 3252
25 3253
1920 3254
2699 3255
380 3256
1425 3257
674 3258
864 3259
44 3260
13 3261
2753 3262
2550 3263
139 3264
2240 3265
2037 3266
1494 3267
2369 3268
193 3269
2247 3270
1285 3271
1065 3272
2671 3273
765 3274
2695 3275
2642 3276
470 3277
1893 3278
121 3279
1864 3280
2781 3281
1339 3282
2686 3283
3047 3284
1936 3285
1729 3286
1535 3287
1914 3288
1493 3289
439 3290
858 3291
2615 3292
1891 3293
1397 3294
3150 3295
1774 3296
2540 3297
238 3298
2158 3299
2511 3300
1852 3301
2792 3302
1540 3303
457 3304
2115 3305
1718 3306
1832 3307
1471 3308
438 3309
1072 3310
2941 3311
2355 3312
2276 3313
1871 3314
1258 3315
1184 3316
1610 3317
1230 3318
1439 3319
346 3320
49 3321
345 3322
2426 3323
3316 3324
3233 3325
1406 3326
1413 3327
1861 3328
2233 3329
2581 3330
453 3331
742 3332
401 3333
65 3334
2877 3335
827 3336
1864 3337
48 3338
388 3339
1533 3340
1321 3341
864 3342
2739 3343
2620 3344
243 3345
526 3346
513 3347
2356 3348
3132 3349
2590 3350
66 3351
541 3352
893 3353
2800 3354
3157 3355
1570 3356
1058 3357
3308 3358
1848 3359
1520 3360
3210 3361
3335 3362
2896 3363
2622 3364
414 3365
1204 3366
1805 3367
2805 3368
2162 3369
783 3370
282 3371
3305 3372
2363 3373
645 3374
572 3375
583 3376
3264 3377
1595 3378
968 3379
904 3380
171 3381
3101 3382
355 3383
286 3384
3209 3385
1314 3386
2370 3387
584 3388
607 3389
2556 3390
1755 3391
3308 3392
1296 3393
2388 3394
2404 3395
1098 3396
1767 3397
2750 3398
864 3399
2893 3400
2526 3401
218 3402
694 3403
3382 3404
2729 3405
590 3406
2894 3407
2784 3408
2092 3409
2022 3410
1361 3411
1420 3412
2607 3413
2176 3414
1802 3415
684 3416
2305 3417
1636 3418
2449 3419
1061 3420
15 3421
136 3422
1115 3423
2891 3424
3348 3425
61 3426
428 3427
871 3428
3368 3429
800 3430
431 3431
659 3432
2085 3433
1055 3434
1280 3435
2567 3436
1044 3437
3030 3438
1815 3439
724 3440
2208 3441
1290 3442
1988 3443
2388 3444
2277 3445
1603 3446
3069 3447
838 3448
739 3449
3015 3450
2962 3451
3340 3452
3392 3453
631 3454
3027 3455
2769 3456
2055 3457
1232 3458
130 3459
1748 3460
3016 3461
3093 3462
1768 3463
5 3464
1455 3465
3140 3466
1790 3467
257 3468
992 3469
204 3470
2317 3471
3339 3472
2973 3473
3028 3474
2414 3475
788 3476
593 3477
615 3478
2297 3479
3150 3480
1555 3481
162 3482
3222 3483
1844 3484
1797 3485
874 3486
2467 3487
3197 3488
3030 3489
1633 3490
3015 3491
3363 3492
1676 3493
760 3494
3389 3495
619 3496
1438 3497
3260 3498
1333 3499
1667 3500
511 3501
3031 3502
793 3503
1555 3504
997 3505
679 3506
935 3507
2058 3508
2521 3509
2340 3510
2763 3511
2160 3512
2184 3513
1556 3514
1012 3515
471 3516
2084 3517
3146 3518
1055 3519
1 3520
2394 3521
2259 3522
770 3523
383 3524
2320 3525
2228 3526
3488 3527
2806 3528
2436 3529
1371 3530
3377 3531
1944 3532
1667 3533
2646 3534
1998 3535
897 3536
953 3537
3138 3538
2692 3539
3003 3540
2200 3541
262 3542
433 3543
609 3544
673 3545
1746 3546
1954 3547
2374 3548
367 3549
306 3550
1549 3551
2707 3552
646 3553
2966 3554
752 3555
2222 3556
48 3557
2037 3558
3016 3559
748 3560
442 3561
2040 3562
944 3563
1257 3564
1928 3565
167 3566
2477 3567
2236 3568
3543 3569
355 3570
2282 3571
2859 3572
3160 3573
2143 3574
3437 3575
2071 3576
1627 3577
1074 3578
835 3579
3292 3580
884 3581
1244 3582
1838 3583
330 3584
522 3585
696 3586
350 3587
3222 3588
1295 3589
433 3590
3116 3591
1633 3592
2206 3593
1873 3594
1982 3595
3588 3596
405 3597
3090 3598
818 3599
1335 3600
1944 3601
3506 3602
107 3603
2409 3604
1396 3605
3549 3606
3341 3607
1846 3608
3589 3609
2587 3610
1362 3611
396 3612
2821 3613
961 3614
3018 3615
3018 3616
2011 3617
1386 3618
2390 3619
479 3620
2692 3621
3387 3622
1120 3623
2869 3624
1927 3625
1103 3626
1309 3627
44 3628
3017 3629
3495 3630
805 3631
1053 3632
1760 3633
648 3634
2511 3635
2341 3636
855 3637
2954 3638
1080 3639
22 3640
1919 3641
1955 3642
758 3643
3593 3644
1132 3645
137 3646
3041 3647
1909 3648
2427 3649
3645 3650
2174 3651
826 3652
435 3653
1460 3654
620 3655
1588 3656
2643 3657
1870 3658
3139 3659
1290 3660
421 3661
1245 3662
403 3663
3051 3664
2362 3665
2911 3666
419 3667
1310 3668
969 3669
2479 3670
1536 3671
72 3672
2663 3673
2984 3674
1583 3675
1786 3676
1199 3677
3647 3678
3039 3679
1441 3680
1297 3681
2344 3682
2042 3683
3057 3684
3189 3685
3100 3686
1501 3687
1315 3688
2241 3689
1096 3690
944 3691
301 3692
896 3693
155 3694
3693 3695
1609 3696
662 3697
2136 3698
2203 3699
1575 3700
2912 3701
2228 3702
500 3703
2474 3704
2431 3705
10 3706
2239 3707
2552 3708
1572 3709
3107 3710
1695 3711
2769 3712
802 3713
836 3714
3490 3715
633 3716
1774 3717
2376 3718
2828 3719
322 3720
2475 3721
2847 3722
3459 3723
2800 3724
1900 3725
179 3726
3106 3727
3514 3728
3071 3729
740 3730
76 3731
730 3732
2318 3733
669 3734
1343 3735
3537 3736
3716 3737
1926 3738
1970 3739
2732 3740
1687 3741
117 3742
3602 3743
968 3744
3197 3745
2698 3746
2015 3747
1347 3748
3346 3749
3132 3750
423 3751
1048 3752
453 3753
2557 3754
2733 3755
1968 3756
2572 3757
882 3758
469 3759
2225 3760
3737 3761
2048 3762
1848 3763
2717 3764
2788 3765
3163 3766
3034 3767
366 3768
2951 3769
1453 3770
78 3771
1910 3772
2625 3773
35 3774
3438 3775
420 3776
1675 3777
2515 3778
1601 3779
980 3780
2921 3781
1522 3782
3183 3783
2958 3784
2608 3785
1736 3786
2993 3787
1746 3788
2602 3789
3703 3790
2474 3791
1248 3792
229 3793
2679 3794
1312 3795
2255 3796
972 3797
1299 3798
3193 3799
649 3800
1088 3801
2731 3802
3538 3803
1672 3804
1249 3805
1423 3806
875 3807
317 3808
2018 3809
638 3810
310 3811
915 3812
900 3813
1466 3814
1576 3815
2220 3816
2984 3817
274 3818
294 3819
1369 3820
1630 3821
1855 3822
1038 3823
1106 3824
1332 3825
1416 3826
724 3827
3457 3828
1695 3829
454 3830
1634 3831
1889 3832
1519 3833
3725 3834
3492 3835
3742 3836
1383 3837
3067 3838
299 3839
1517 3840
2031 3841
2444 3842
3449 3843
815 3844
671 3845
3052 3846
3076 3847
3713 3848
2948 3849
3070 3850
51 3851
516 3852
2661 3853
1564 3854
421 3855
3613 3856
275 3857
1486 3858
3669 3859
2424 3860
2191 3861
3371 3862
1826 3863
3836 3864
1901 3865
3834 3866
1912 3867
1990 3868
3672 3869
3523 3870
2185 3871
3177 3872
3280 3873
2176 3874
1545 3875
307 3876
1174 3877
2248 3878
944 3879
690 3880
153 3881
1331 3882
3041 3883
420 3884
771 3885
2915 3886
2361 3887
1517 3888
1021 3889
3691 3890
1799 3891
2981 3892
902 3893
2203 3894
2970 3895
57 3896
1990 3897
1298 3898
3262 3899
1651 3900
713 3901
1397 3902
2700 3903
2367 3904
2650 3905
256 3906
3121 3907
3681 3908
2348 3909
292 3910
3853 3911
2958 3912
438 3913
747 3914
1933 3915
286 3916
2200 3917
3463 3918
3203 3919
925 3920
2195 3921
2452 3922
2584 3923
282 3924
562 3925
1645 3926
3782 3927
2262 3928
801 3929
1106 3930
3548 3931
1403 3932
3404 3933
872 3934
855 3935
3625 3936
1117 3937
687 3938
2149 3939
429 3940
2557 3941
1427 3942
565 3943
995 3944
342 3945
1514 3946
2260 3947
1948 3948
3412 3949
2368 3950
2199 3951
1186 3952
3554 3953
1707 3954
3045 3955
3515 3956
1162 3957
3874 3958
2719 3959
3748 3960
3424 3961
2421 3962
3728 3963
2324 3964
2306 3965
771 3966
2502 3967
1924 3968
1825 3969
1884 3970
3524 3971
2834 3972
3045 3973
1319 3974
3224 3975
818 3976
1079 3977
646 3978
730 3979
3168 3980
3693 3981
1809 3982
3109 3983
3048 3984
940 3985
3921 3986
222 3987
3372 3988
1552 3989
1594 3990
83 3991
1743 3992
1046 3993
2016 3994
986 3995
2664 3996
2524 3997
1411 3998
1225 3999
3608 4000
162 4001
3286 4002
2273 4003
2112 4004
1631 4005
2491 4006
3501 4007
2002 4008
356 4009
1500 4010
1262 4011
29 4012
3892 4013
3584 4014
1179 4015
2892 4016
2000 4017
3777 4018
90 4019
397 4020
675 4021
2715 4022
2479 4023
3059 4024
1073 4025
91 4026
3837 4027
2924 4028
1609 4029
1845 4030
2626 4031
470 4032
3386 4033
3185 4034
3190 4035
1652 4036
748 4037
1920 4038
258 4039
1400 4040
1718 4041
3980 4042
1456 4043
1189 4044
3519 4045
3508 4046
1417 4047
3729 4048
2522 4049
465 4050
1680 4051
3869 4052
3812 4053
286 4054
2802 4055
2454 4056
2280 4057
3313 4058
3775 4059
1025 4060
1411 4061
391 4062
977 4063
516 4064
2899 4065
3339 4066
3396 4067
4010 4068
1759 4069
822 4070
1237 4071
2847 4072
857 4073
1968 4074
3007 4075
2597 4076
237 4077
3621 4078
2290 4079
2880 4080
316 4081
3047 4082
2701 4083
3128 4084
2267 4085
210 4086
3844 4087
3673 4088
580 4089
3307 4090
1562 4091
1031 4092
2807 4093
429 4094
1269 4095
2443 4096
3574 4097
3285 4098
326 4099
15 4100
1544 4101
3147 4102
1352 4103
388 4104
3336 4105
1529 4106
137 4107
3280 4108
961 4109
855 4110
799 4111
2296 4112
1720 4113
1406 4114
3846 4115
3818 4116
1906 4117
705 4118
2797 4119
3791 4120
402 4121
1791 4122
1138 4123
2756 4124
935 4125
794 4126
2492 4127
1579 4128
4122 4129
434 4130
3428 4131
3958 4132
626 4133
3171 4134
171 4135
503 4136
934 4137
3381 4138
2906 4139
248 4140
2995 4141
2352 4142
387 4143
1102 4144
3754 4145
3053 4146
3500 4147
641 4148
2460 4149
1357 4150
3335 4151
2030 4152
1512 4153
1026 4154
2697 4155
2572 4156
2808 4157
3604 4158
2214 4159
344 4160
1459 4161
118 4162
1849 4163
1088 4164
2720 4165
2278 4166
1197 4167
3900 4168
2722 4169
1609 4170
2695 4171
2685 4172
4115 4173
188 4174
1258 4175
736 4176
3126 4177
1247 4178
2065 4179
2677 4180
2944 4181
675 4182
587 4183
457 4184
854 4185
1606 4186
239 4187
1293 4188
2705 4189
1062 4190
410 4191
4090 4192
1519 4193
1292 4194
775 4195
301 4196
3795 4197
2902 4198
3875 4199
2222 4200
643 4201
2737 4202
1850 4203
2549 4204
1300 4205
2611 4206
2195 4207
1786 4208
949 4209
2092 4210
1584 4211
1860 4212
1556 4213
978 4214
425 4215
3658 4216
1173 4217
986 4218
531 4219
3634 4220
1414 4221
1057 4222
2590 4223
1811 4224
2779 4225
1566 4226
3845 4227
3340 4228
3240 4229
2956 4230
404 4231
363 4232
1798 4233
2115 4234
2524 4235
2310 4236
1680 4237
3414 4238
2253 4239
455 4240
4215 4241
1353 4242
3053 4243
706 4244
936 4245
2381 4246
62 4247
2042 4248
1434 4249
421 4250
1991 4251
1663 4252
2413 4253
3369 4254
926 4255
4083 4256
1999 4257
1352 4258
457 4259
3471 4260
1095 4261
3663 4262
2974 4263
3513 4264
1712 4265
2947 4266
3897 4267
1817 4268
1122 4269
1300 4270
940 4271
387 4272
3033 4273
1095 4274
455 4275
3199 4276
31 4277
4257 4278
4244 4279
600 4280
442 4281
3100 4282
679 4283
1791 4284
82 4285
4080 4286
765 4287
2877 4288
3402 4289
3945 4290
2817 4291
2043 4292
3070 4293
3506 4294
2383 4295
2465 4296
1049 4297
3421 4298
3668 4299
1755 4300
649 4301
687 4302
920 4303
683 4304
527 4305
482 4306
988 4307
2627 4308
1785 4309
3604 4310
1842 4311
704 4312
1205 4313
516 4314
1500 4315
4251 4316
736 4317
1224 4318
1083 4319
1923 4320
814 4321
3617 4322
1810 4323
3248 4324
2116 4325
3106 4326
2342 4327
3064 4328
2145 4329
950 4330
94 4331
1480 4332
990 4333
4250 4334
1816 4335
4019 4336
610 4337
150 4338
397 4339
2636 4340
2479 4341
57 4342
1052 4343
643 4344
1648 4345
741 4346
1974 4347
802 4348
1093 4349
327 4350
3049 4351
54 4352
1281 4353
186 4354
3045 4355
3292 4356
1809 4357
86 4358
3169 4359
2269 4360
3365 4361
3058 4362
2972 4363
3008 4364
2012 4365
3753 4366
3003 4367
221 4368
477 4369
3743 4370
2337 4371
3241 4372
3977 4373
531 4374
1530 4375
126 4376
2158 4377
3133 4378
3125 4379
2787 4380
1794 4381
920 4382
3853 4383
1248 4384
2574 4385
3994 4386
3870 4387
3970 4388
4161 4389
1109 4390
2871 4391
2157 4392
266 4393
799 4394
1949 4395
2686 4396
2443 4397
1375 4398
824 4399
4397 4400
1781 4401
1778 4402
1696 4403
1671 4404
4008 4405
2139 4406
1560 4407
1888 4408
3373 4409
3293 4410
598 4411
66 4412
347 4413
234 4414
2733 4415
3129 4416
2552 4417
2946 4418
3241 4419
3677 4420
1521 4421
2154 4422
2840 4423
1010 4424
296 4425
835 4426
3912 4427
3535 4428
680 4429
216 4430
4090 4431
3810 4432
633 4433
3736 4434
2513 4435
1704 4436
738 4437
4374 4438
226 4439
3252 4440
673 4441
1107 4442
4 4443
2716 4444
1303 4445
527 4446
2380 4447
2925 4448
3311 4449
3663 4450
3768 4451
4262 4452
118 4453
2987 4454
3284 4455
4163 4456
155 4457
3477 4458
49 4459
1300 4460
2196 4461
4446 4462
3366 4463
1809 4464
2362 4465
501 4466
1266 4467
1656 4468
329 4469
2715 4470
972 4471
559 4472
887 4473
2600 4474
828 4475
3895 4476
318 4477
1826 4478
939 4479
4102 4480
173 4481
888 4482
3756 4483
3007 4484
2107 4485
3960 4486
661 4487
2911 4488
214 4489
2098 4490
2144 4491
3421 4492
2991 4493
4190 4494
4127 4495
1264 4496
1546 4497
2796 4498
2781 4499
1756 4500
1829 4501
3684 4502
4091 4503
3844 4504
2322 4505
3524 4506
2689 4507
3682 4508
4055 4509
646 4510
2464 4511
4068 4512
2479 4513
2480 4514
3830 4515
3284 4516
1591 4517
3694 4518
721 4519
1849 4520
592 4521
1427 4522
2483 4523
1553 4524
1257 4525
3053 4526
108 4527
1695 4528
2245 4529
353 4530
2337 4531
2174 4532
3301 4533
144 4534
1134 4535
874 4536
2059 4537
2770 4538
3898 4539
4398 4540
2777 4541
3558 4542
440 4543
3347 4544
4468 4545
738 4546
3377 4547
4237 4548
2028 4549
1345 4550
1872 4551
1341 4552
3680 4553
3100 4554
3043 4555
4090 4556
601 4557
4042 4558
914 4559
740 4560
3812 4561
1559 4562
2989 4563
3968 4564
3527 4565
500 4566
2229 4567
2881 4568
416 4569
3037 4570
1979 4571
3119 4572
1129 4573
3470 4574
359 4575
4249 4576
538 4577
766 4578
3705 4579
1700 4580
2233 4581
850 4582
153 4583
2288 4584
977 4585
3442 4586
429 4587
1232 4588
2733 4589
3646 4590
1126 4591
3748 4592
935 4593
4368 4594
303 4595
362 4596
240 4597
2215 4598
180 4599
300 4600
2591 4601
3764 4602
1734 4603
4553 4604
1949 4605
2739 4606
3938 4607
35 4608
3083 4609
2424 4610
637 4611
1813 4612
4087 4613
738 4614
2571 4615
1742 4616
42 4617
725 4618
1152 4619
2259 4620
3738 4621
1179 4622
3114 4623
2555 4624
3348 4625
4179 4626
1784 4627
3849 4628
4593 4629
2796 4630
3821 4631
374 4632
1923 4633
3099 4634
1587 4635
2204 4636
352 4637
2220 4638
610 4639
101 4640
3183 4641
310 4642
2342 4643
3321 4644
172 4645
1541 4646
1079 4647
917 4648
4284 4649
99 4650
2225 4651
791 4652
2712 4653
1045 4654
2477 4655
2383 4656
2759 4657
2913 4658
2157 4659
22 4660
442 4661
2178 4662
4066 4663
3640 4664
1748 4665
2525 4666
3581 4667
438 4668
4529 4669
3981 4670
2891 4671
4468 4672
2597 4673
2393 4674
906 4675
2422 4676
702 4677
2878 4678
1617 4679
569 4680
1270 4681
1286 4682
3151 4683
4234 4684
202 4685
2223 4686
2206 4687
1409 4688
3077 4689
4505 4690
2279 4691
2044 4692
537 4693
1375 4694
3529 4695
1818 4696
2145 4697
1230 4698
527 4699
2186 4700
905 4701
1187 4702
3977 4703
2333 4704
1659 4705
3868 4706
235 4707
2434 4708
2789 4709
2478 4710
2706 4711
2443 4712
4134 4713
1529 4714
2287 4715
4073 4716
1247 4717
3752 4718
1152 4719
2808 4720
3353 4721
709 4722
3198 4723
2277 4724
216 4725
1444 4726
94 4727
3480 4728
3494 4729
3394 4730
2400 4731
2987 4732
188 4733
3008 4734
4635 4735
969 4736
3679 4737
2759 4738
3938 4739
3391 4740
1782 4741
1375 4742
42 4743
3365 4744
2613 4745
304 4746
963 4747
2956 4748
3224 4749
3069 4750
4062 4751
1615 4752
4131 4753
3758 4754
2365 4755
2961 4756
3271 4757
814 4758
1491 4759
2019 4760
2917 4761
178 4762
3778 4763
4395 4764
3470 4765
1031 4766
3286 4767
4538 4768
1228 4769
648 4770
525 4771
3507 4772
1923 4773
716 4774
4141 4775
1944 4776
3877 4777
3450 4778
4379 4779
3873 4780
3328 4781
843 4782
2369 4783
1622 4784
1594 4785
4582 4786
3508 4787
1587 4788
398 4789
3692 4790
936 4791
1503 4792
2007 4793
1038 4794
3311 4795
2330 4796
2013 4797
3007 4798
4664 4799
354 4800
1266 4801
1377 4802
4121 4803
2133 4804
4251 4805
132 4806
4424 4807
4078 4808
3658 4809
3503 4810
818 4811
3085 4812
3648 4813
337 4814
2671 4815
280 4816
862 4817
2827 4818
613 4819
2461 4820
2148 4821
2172 4822
557 4823
3041 4824
3808 4825
345 4826
758 4827
3133 4828
104 4829
4374 4830
3817 4831
39 4832
3214 4833
2806 4834
2455 4835
1910 4836
1755 4837
3381 4838
252 4839
2072 4840
1441 4841
835 4842
4264 4843
2130 4844
1343 4845
3286 4846
4219 4847
2814 4848
1125 4849
224 4850
1928 4851
3083 4852
3364 4853
2584 4854
4332 4855
2565 4856
3207 4857
775 4858
627 4859
1531 4860
1513 4861
4541 4862
1847 4863
4509 4864
3081 4865
1473 4866
1085 4867
80 4868
2837 4869
3342 4870
1314 4871
2505 4872
317 4873
4050 4874
215 4875
3937 4876
1588 4877
1563 4878
3049 4879
26 4880
105 4881
4611 4882
1858 4883
337 4884
3710 4885
4248 4886
3627 4887
3476 4888
3485 4889
4125 4890
1441 4891
3126 4892
3405 4893
2794 4894
427 4895
258 4896
3203 4897
116 4898
654 4899
4085 4900
2253 4901
1830 4902
4818 4903
4343 4904
1439 4905
4103 4906
4428 4907
2398 4908
1992 4909
1392 4910
4733 4911
2626 4912
1768 4913
2695 4914
2137 4915
4496 4916
4880 4917
2104 4918
1688 4919
4404 4920
349 4921
1774 4922
2204 4923
2066 4924
1137 4925
719 4926
2322 4927
2210 4928
285 4929
3474 4930
1165 4931
4566 4932
1135 4933
2434 4934
2527 4935
3954 4936
3185 4937
3989 4938
1773 4939
1863 4940
1020 4941
3069 4942
3016 4943
1905 4944
2249 4945
736 4946
3474 4947
4191 4948
1135 4949
998 4950
639 4951
1781 4952
393 4953
2172 4954
2224 4955
571 4956
2452 4957
4521 4958
1177 4959
2230 4960
274 4961
1229 4962
3183 4963
1190 4964
2177 4965
1123 4966
4956 4967
682 4968
4002 4969
2085 4970
4307 4971
2670 4972
4133 4973
1271 4974
2845 4975
162 4976
1261 4977
4205 4978
2806 4979
2342 4980
3526 4981
1079 4982
452 4983
4267 4984
1857 4985
1569 4986
12 4987
4474 4988
4000 4989
4172 4990
4803 4991
1796 4992
3561 4993
1234 4994
3498 4995
3909 4996
1027 4997
2080 4998
4981 4999
3665 5000
3101 5001
3123 5002
4477 5003
2594 5004
3540 5005
4192 5006
4618 5007
3689 5008
1978 5009
2408 5010
1045 5011
1247 5012
3255 5013
270 5014
165 5015
4785 5016
4961 5017
4534 5018
4802 5019
2840 5020
3902 5021
2439 5022
4217 5023
4711 5024
2904 5025
1564 5026
560 5027
1011 5028
1224 5029
3200 5030
3914 5031
864 5032
1178 5033
2865 5034
2766 5035
949 5036
2793 5037
3446 5038
321 5039
2324 5040
1106 5041
4677 5042
731 5043
4059 5044
2554 5045
4120 5046
1249 5047
3611 5048
4201 5049
3072 5050
4351 5051
1544 5052
1351 5053
1421 5054
2250 5055
752 5056
3024 5057
106 5058
1500 5059
3952 5060
1901 5061
222 5062
4805 5063
3818 5064
3322 5065
882 5066
805 5067
2977 5068
563 5069
4017 5070
2738 5071
1492 5072
1999 5073
4307 5074
3934 5075
1935 5076
224 5077
1018 5078
4 5079
2718 5080
2784 5081
3470 5082
1177 5083
3119 5084
3725 5085
3992 5086
351 5087
1918 5088
4540 5089
3806 5090
820 5091
4201 5092
4083 5093
3754 5094
2855 5095
2246 5096
3691 5097
1537 5098
419 5099
4721 5100
360 5101
1884 5102
427 5103
2543 5104
2389 5105
1303 5106
3307 5107
917 5108
3426 5109
2910 5110
886 5111
1341 5112
3133 5113
1323 5114
4484 5115
3919 5116
3726 5117
4264 5118
873 5119
3344 5120
4268 5121
4481 5122
4961 5123
1169 5124
3518 5125
1674 5126
3304 5127
1082 5128
3626 5129
4706 5130
475 5131
2519 5132
4319 5133
360 5134
4104 5135
3240 5136
621 5137
4121 5138
3515 5139
4852 5140
4207 5141
1503 5142
247 5143
1523 5144
1204 5145
2351 5146
2775 5147
1229 5148
1325 5149
1253 5150
3656 5151
4943 5152
576 5153
4993 5154
498 5155
1135 5156
2578 5157
629 5158
32 5159
3649 5160
428 5161
3530 5162
2854 5163
897 5164
1187 5165
1580 5166
2654 5167
2740 5168
1507 5169
4281 5170
678 5171
4929 5172
1809 5173
2484 5174
609 5175
3831 5176
4104 5177
4649 5178
1401 5179
3521 5180
22 5181
4558 5182
376 5183
2614 5184
3939 5185
300 5186
4133 5187
3746 5188
2577 5189
2018 5190
23 5191
2197 5192
3294 5193
1690 5194
3386 5195
1184 5196
70 5197
4256 5198
2131 5199
1616 5200
4675 5201
3683 5202
2388 5203
4952 5204
852 5205
330 5206
4050 5207
3991 5208
2564 5209
1787 5210
1843 5211
811 5212
3031 5213
1782 5214
3829 5215
3155 5216
4403 5217
1462 5218
2735 5219
2942 5220
3476 5221
2595 5222
1298 5223
3355 5224
772 5225
711 5226
2254 5227
1131 5228
5039 5229
3609 5230
3148 5231
3568 5232
4983 5233
3526 5234
4524 5235
4970 5236
904 5237
3096 5238
4317 5239
4808 5240
4897 5241
340 5242
2283 5243
2734 5244
3363 5245
621 5246
2203 5247
1821 5248
2282 5249
598 5250
4575 5251
1255 5252
2396 5253
4339 5254
1009 5255
5105 5256
1058 5257
2355 5258
3612 5259
422 5260
455 5261
3113 5262
1104 5263
1254 5264
3665 5265
3377 5266
2351 5267
623 5268
3519 5269
3184 5270
2081 5271
376 5272
3789 5273
4905 5274
1358 5275
121 5276
1953 5277
286 5278
4004 5279
1246 5280
2237 5281
4518 5282
3682 5283
1982 5284
3047 5285
3058 5286
3919 5287
4874 5288
3725 5289
3407 5290
5123 5291
1076 5292
4346 5293
4817 5294
1119 5295
791 5296
4414 5297
3966 5298
4933 5299
3718 5300
2791 5301
205 5302
1295 5303
4096 5304
2700 5305
4319 5306
3354 5307
2959 5308
5102 5309
1633 5310
3733 5311
2141 5312
2504 5313
1048 5314
1296 5315
1945 5316
1728 5317
5308 5318
4424 5319
4604 5320
1961 5321
2357 5322
2599 5323
2220 5324
2420 5325
2639 5326
4051 5327
3110 5328
2400 5329
4727 5330
1009 5331
1979 5332
4982 5333
2042 5334
871 5335
3065 5336
3216 5337
3922 5338
3293 5339
1238 5340
2713 5341
3697 5342
5152 5343
2951 5344
4456 5345
3256 5346
825 5347
491 5348
1766 5349
1197 5350
3796 5351
367 5352
4716 5353
1185 5354
4400 5355
5257 5356
4264 5357
1026 5358
385 5359
1482 5360
4998 5361
3232 5362
3808 5363
1451 5364
3165 5365
3228 5366
474 5367
3718 5368
3178 5369
4184 5370
4310 5371
3373 5372
24 5373
1750 5374
2700 5375
4491 5376
2267 5377
3931 5378
2817 5379
1255 5380
3303 5381
4568 5382
4264 5383
4584 5384
873 5385
331 5386
3372 5387
335 5388
2112 5389
2437 5390
1661 5391
4843 5392
810 5393
5109 5394
227 5395
5395 5396
2343 5397
2227 5398
381 5399
4424 5400
4069 5401
3906 5402
1528 5403
527 5404
3116 5405
3968 5406
5153 5407
4294 5408
770 5409
1163 5410
3274 5411
1133 5412
4547 5413
5195 5414
4450 5415
916 5416
1949 5417
5372 5418
3992 5419
2963 5420
3629 5421
567 5422
4017 5423
4393 5424
3591 5425
3925 5426
2008 5427
2371 5428
3187 5429
1520 5430
1273 5431
1490 5432
4261 5433
4273 5434
1739 5435
965 5436
4343 5437
3783 5438
78 5439
2097 5440
502 5441
3181 5442
3791 5443
2774 5444
3742 5445
3665 5446
4407 5447
2467 5448
2710 5449
4505 5450
92 5451
306 5452
4352 5453
3986 5454
2286 5455
2901 5456
1777 5457
3939 5458
5284 5459
3914 5460
189 5461
117 5462
3128 5463
2134 5464
4096 5465
4308 5466
292 5467
1995 5468
2593 5469
2286 5470
2712 5471
4159 5472
867 5473
4482 5474
5330 5475
3356 5476
1288 5477
4838 5478
1091 5479
3994 5480
5386 5481
4878 5482
5104 5483
822 5484
551 5485
1958 5486
1574 5487
2472 5488
3274 5489
5255 5490
2779 5491
3597 5492
4580 5493
1392 5494
2018 5495
4957 5496
4458 5497
1669 5498
3501 5499
2314 5500
2258 5501
4634 5502
4150 5503
406 5504
5428 5505
2215 5506
974 5507
317 5508
2154 5509
4105 5510
1150 5511
2434 5512
4242 5513
1316 5514
1087 5515
425 5516
3352 5517
4410 5518
1885 5519
3258 5520
1222 5521
4396 5522
1234 5523
4365 5524
825 5525
791 5526
3799 5527
3418 5528
1005 5529
1453 5530
2362 5531
3025 5532
2138 5533
4181 5534
3331 5535
3748 5536
1029 5537
183 5538
4900 5539
2249 5540
3901 5541
4298 5542
560 5543
2980 5544
3697 5545
5249 5546
3470 5547
3470 5548
2159 5549
3875 5550
4415 5551
3821 5552
836 5553
4429 5554
4119 5555
1548 5556
5259 5557
1102 5558
976 5559
766 5560
2629 5561
1391 5562
1609 5563
3664 5564
2983 5565
470 5566
1240 5567
2188 5568
1446 5569
5236 5570
5020 5571
43 5572
954 5573
1052 5574
4007 5575
4119 5576
3240 5577
2726 5578
3570 5579
649 5580
896 5581
3587 5582
3630 5583
70 5584
1878 5585
1031 5586
3140 5587
2105 5588
4314 5589
4752 5590
2068 5591
2365 5592
4448 5593
3385 5594
3915 5595
1889 5596
1184 5597
3345 5598
103 5599
37 5600
4457 5601
1159 5602
2810 5603
3274 5604
2534 5605
4067 5606
4037 5607
5448 5608
2945 5609
5303 5610
340 5611
4916 5612
2634 5613
1732 5614
1635 5615
1412 5616
3387 5617
707 5618
325 5619
1063 5620
1864 5621
2716 5622
2538 5623
5133 5624
3022 5625
2601 5626
3522 5627
1788 5628
5213 5629
2821 5630
5379 5631
5476 5632
4293 5633
4331 5634
1735 5635
2326 5636
2341 5637
2816 5638
1536 5639
5050 5640
4549 5641
3224 5642
59 5643
4243 5644
2583 5645
3487 5646
717 5647
1096 5648
4502 5649
3425 5650
595 5651
2508 5652
2302 5653
4994 5654
1047 5655
4425 5656
3695 5657
1915 5658
3715 5659
5257 5660
1432 5661
4575 5662
4881 5663
4504 5664
728 5665
4151 5666
566 5667
2157 5668
943 5669
330 5670
922 5671
4199 5672
2668 5673
1316 5674
167 5675
2486 5676
631 5677
2180 5678
4997 5679
87 5680
1636 5681
5012 5682
3471 5683
1906 5684
4063 5685
1802 5686
1902 5687
454 5688
5520 5689
2829 5690
3772 5691
5484 5692
4910 5693
4044 5694
3107 5695
223 5696
3983 5697
4129 5698
4103 5699
1479 5700
3156 5701
4737 5702
2922 5703
397 5704
2069 5705
5437 5706
3311 5707
90 5708
894 5709
2530 5710
1374 5711
5224 5712
2599 5713
2577 5714
742 5715
1713 5716
3920 5717
4011 5718
1253 5719
4183 5720
2515 5721
1789 5722
3750 5723
108 5724
498 5725
583 5726
404 5727
2676 5728
1702 5729
5565 5730
375 5731
4326 5732
20 5733
1450 5734
1382 5735
3098 5736
1640 5737
2392 5738
1041 5739
5640 5740
3918 5741
2898 5742
1134 5743
1183 5744
2215 5745
5351 5746
2552 5747
3641 5748
3684 5749
4330 5750
4165 5751
1884 5752
4501 5753
2940 5754
2326 5755
2740 5756
3719 5757
4568 5758
4735 5759
2981 5760
4856 5761
538 5762
1185 5763
4144 5764
1966 5765
5143 5766
1516 5767
5186 5768
2958 5769
3634 5770
5170 5771
2861 5772
3424 5773
4869 5774
447 5775
1975 5776
4941 5777
2851 5778
1516 5779
5654 5780
5701 5781
1083 5782
3210 5783
4839 5784
5140 5785
1848 5786
2291 5787
4014 5788
2352 5789
5645 5790
1924 5791
3040 5792
2779 5793
3762 5794
4438 5795
5202 5796
5006 5797
4827 5798
3504 5799
5524 5800
2350 5801
1495 5802
5793 5803
2846 5804
2187 5805
3291 5806
140 5807
5447 5808
4148 5809
3959 5810
1023 5811
4801 5812
2125 5813
3585 5814
114 5815
3122 5816
1592 5817
2276 5818
5268 5819
3691 5820
120 5821
2730 5822
3182 5823
1955 5824
2842 5825
4391 5826
587 5827
634 5828
2631 5829
4291 5830
4613 5831
1716 5832
3683 5833
5295 5834
4113 5835
5153 5836
3712 5837
3359 5838
4643 5839
3604 5840
5435 5841
1342 5842
3331 5843
3397 5844
186 5845
1323 5846
60 5847
1073 5848
2376 5849
2369 5850
5373 5851
4775 5852
2745 5853
3974 5854
4250 5855
2542 5856
3429 5857
5076 5858
2832 5859
4420 5860
1532 5861
3145 5862
5639 5863
495 5864
5515 5865
1359 5866
3735 5867
5068 5868
3966 5869
4198 5870
193 5871
4005 5872
2397 5873
4231 5874
1508 5875
1784 5876
5370 5877
2959 5878
2261 5879
5437 5880
4857 5881
2709 5882
4762 5883
447 5884
4341 5885
2340 5886
4446 5887
4403 5888
4807 5889
1380 5890
997 5891
1776 5892
3022 5893
1544 5894
2268 5895
3997 5896
799 5897
2179 5898
5313 5899
1167 5900
5087 5901
5613 5902
1082 5903
2326 5904
3065 5905
2466 5906
2644 5907
5290 5908
2313 5909
5281 5910
5599 5911
1665 5912
2866 5913
3736 5914
2207 5915
2500 5916
395 5917
4865 5918
2246 5919
1183 5920
267 5921
5005 5922
3561 5923
2961 5924
2034 5925
5121 5926
4565 5927
3471 5928
3943 5929
4876 5930
1710 5931
4816 5932
5340 5933
196 5934
3925 5935
3990 5936
3485 5937
5880 5938
4574 5939
5789 5940
4691 5941
4654 5942
3101 5943
762 5944
3586 5945
4635 5946
3196 5947
5077 5948
1999 5949
4947 5950
3998 5951
2217 5952
4038 5953
5558 5954
1513 5955
5097 5956
3522 5957
3431 5958
738 5959
778 5960
1618 5961
673 5962
2791 5963
5192 5964
3507 5965
2373 5966
5357 5967
332 5968
2370 5969
5384 5970
3129 5971
1288 5972
4653 5973
2428 5974
1764 5975
2301 5976
3945 5977
2191 5978
531 5979
3633 5980
3731 5981
3556 5982
860 5983
1549 5984
5833 5985
4296 5986
2874 5987
3823 5988
2689 5989
4399 5990
1500 5991
2757 5992
5433 5993
3153 5994
3225 5995
2801 5996
2689 5997
4667 5998
292 5999
3797 6000
5702 6001
3395 6002
4569 6003
4016 6004
1878 6005
3934 6006
474 6007
4481 6008
5707 6009
2664 6010
4673 6011
1299 6012
5364 6013
404 6014
5185 6015
1356 6016
3715 6017
2977 6018
5243 6019
53 6020
1399 6021
2946 6022
531 6023
1791 6024
2181 6025
4326 6026
3869 6027
4430 6028
2274 6029
4429 6030
1724 6031
4329 6032
5465 6033
441 6034
2036 6035
2263 6036
1243 6037
1893 6038
3987 6039
3097 6040
2146 6041
5396 6042
1184 6043
4494 6044
4691 6045
2925 6046
2920 6047
5716 6048
4958 6049
1432 6050
438 6051
5837 6052
5274 6053
3218 6054
72 6055
2720 6056
268 6057
3436 6058
5204 6059
3418 6060
5632 6061
225 6062
4065 6063
5215 6064
1695 6065
589 6066
301 6067
4118 6068
3864 6069
4194 6070
5324 6071
3409 6072
1577 6073
767 6074
280 6075
2693 6076
592 6077
3349 6078
325 6079
4961 6080
4742 6081
5383 6082
1308 6083
4178 6084
3876 6085
1492 6086
5464 6087
260 6088
4562 6089
914 6090
5440 6091
3657 6092
5544 6093
1076 6094
6089 6095
493 6096
1374 6097
2933 6098
980 6099
5472 6100
2485 6101
5514 6102
1306 6103
1004 6104
256 6105
5845 6106
2166 6107
3286 6108
1266 6109
1689 6110
2570 6111
624 6112
6027 6113
399 6114
4885 6115
2750 6116
3096 6117
999 6118
2117 6119
5511 6120
2879 6121
256 6122
1089 6123
4524 6124
5803 6125
1186 6126
5371 6127
5885 6128
3072 6129
4431 6130
640 6131
1741 6132
3106 6133
4481 6134
3014 6135
2260 6136
4570 6137
5757 6138
119 6139
1492 6140
4820 6141
2589 6142
5171 6143
1564 6144
5795 6145
3112 6146
4396 6147
3705 6148
2977 6149
5508 6150
1972 6151
1066 6152
4166 6153
5220 6154
5782 6155
1217 6156
3834 6157
1677 6158
1078 6159
2391 6160
1999 6161
1928 6162
5925 6163
1641 6164
4145 6165
5610 6166
6139 6167
3213 6168
2121 6169
300 6170
5567 6171
5198 6172
6132 6173
1058 6174
5894 6175
5147 6176
4668 6177
2830 6178
5801 6179
2625 6180
3734 6181
1383 6182
5197 6183
482 6184
380 6185
338 6186
113 6187
2664 6188
2817 6189
4121 6190
5711 6191
5415 6192
606 6193
5713 6194
5245 6195
1031 6196
1587 6197
2755 6198
4426 6199
3586 6200
5211 6201
545 6202
3841 6203
54 6204
657 6205
1332 6206
1048 6207
106 6208
1070 6209
360 6210
4326 6211
1587 6212
4195 6213
6022 6214
1115 6215
4510 6216
2946 6217
5795 6218
3517 6219
4180 6220
5986 6221
871 6222
3193 6223
6038 6224
2979 6225
548 6226
5763 6227
1532 6228
4287 6229
5712 6230
250 6231
1612 6232
3539 6233
5756 6234
524 6235
5136 6236
3155 6237
2892 6238
1645 6239
1446 6240
5450 6241
850 6242
4154 6243
271 6244
1673 6245
4455 6246
520 6247
1482 6248
2862 6249
3165 6250
3479 6251
5882 6252
1541 6253
4997 6254
6043 6255
2342 6256
3727 6257
6052 6258
4160 6259
1819 6260
2012 6261
4102 6262
5407 6263
1467 6264
1130 6265
626 6266
2789 6267
2115 6268
5027 6269
265 6270
6026 6271
3810 6272
5356 6273
5856 6274
3909 6275
224 6276
2879 6277
94 6278
1445 6279
1116 6280
3296 6281
5636 6282
2370 6283
5074 6284
5098 6285
356 6286
6233 6287
6146 6288
703 6289
5983 6290
4614 6291
2686 6292
285 6293
1898 6294
5054 6295
5032 6296
3880 6297
1651 6298
5150 6299
4279 6300
4051 6301
1516 6302
970 6303
1869 6304
4707 6305
2973 6306
6114 6307
1450 6308
1254 6309
1735 6310
3068 6311
5084 6312
2758 6313
2969 6314
2647 6315
663 6316
5314 6317
4419 6318
4829 6319
4746 6320
4835 6321
4364 6322
3105 6323
412 6324
3843 6325
5224 6326
72 6327
552 6328
5090 6329
4639 6330
1748 6331
1653 6332
2769 6333
5524 6334
6043 6335
304 6336
4639 6337
2656 6338
1887 6339
1659 6340
4195 6341
4537 6342
2560 6343
651 6344
1142 6345
3344 6346
4643 6347
2504 6348
317 6349
3501 6350
1055 6351
5866 6352
3995 6353
3963 6354
3687 6355
894 6356
1966 6357
5208 6358
5295 6359
1357 6360
1625 6361
1367 6362
1489 6363
1923 6364
3214 6365
1002 6366
5717 6367
414 6368
718 6369
5235 6370
114 6371
837 6372
2705 6373
5350 6374
3651 6375
1707 6376
1700 6377
6127 6378
6110 6379
4662 6380
4023 6381
1132 6382
446 6383
1342 6384
1487 6385
5925 6386
677 6387
3414 6388
1693 6389
4682 6390
4378 6391
2362 6392
3039 6393
2801 6394
4039 6395
2103 6396
4530 6397
4677 6398
1782 6399
2555 6400
3320 6401
233 6402
6164 6403
4236 6404
2984 6405
2105 6406
4212 6407
5763 6408
909 6409
4879 6410
2779 6411
6123 6412
5963 6413
3679 6414
3130 6415
5578 6416
5398 6417
286 6418
4119 6419
2724 6420
6334 6421
1596 6422
3544 6423
5410 6424
200 6425
5891 6426
4332 6427
5120 6428
2553 6429
1951 6430
6162 6431
1763 6432
5673 6433
4597 6434
2738 6435
3841 6436
4457 6437
5497 6438
2605 6439
1524 6440
4130 6441
3427 6442
253 6443
965 6444
1188 6445
4261 6446
334 6447
5028 6448
258 6449
2100 6450
194 6451
2660 6452
790 6453
4734 6454
184 6455
5353 6456
3977 6457
3820 6458
5718 6459
3155 6460
3731 6461
6156 6462
4003 6463
3983 6464
5962 6465
6173 6466
4287 6467
5567 6468
3730 6469
3526 6470
468 6471
2203 6472
2552 6473
3573 6474
1608 6475
4885 6476
4072 6477
5193 6478
2076 6479
4327 6480
1770 6481
3652 6482
4136 6483
5631 6484
1985 6485
3992 6486
4397 6487
5273 6488
6452 6489
2969 6490
3037 6491
3245 6492
2116 6493
3328 6494
4801 6495
4420 6496
1917 6497
2584 6498
3883 6499
6236 6500
5757 6501
1628 6502
2282 6503
6189 6504
3295 6505
5563 6506
1673 6507
984 6508
5095 6509
624 6510
3896 6511
4512 6512
721 6513
3231 6514
3729 6515
482 6516
2994 6517
5188 6518
3213 6519
1404 6520
5511 6521
5143 6522
2447 6523
1645 6524
4437 6525
219 6526
1952 6527
1172 6528
5140 6529
4095 6530
3182 6531
1725 6532
5354 6533
2513 6534
3486 6535
6056 6536
4064 6537
674 6538
5763 6539
2370 6540
1983 6541
6210 6542
2414 6543
5022 6544
6084 6545
3411 6546
5714 6547
4476 6548
244 6549
1062 6550
5811 6551
1740 6552
2525 6553
4937 6554
6207 6555
3942 6556
3180 6557
2968 6558
5377 6559
3001 6560
3818 6561
1008 6562
567 6563
4378 6564
3297 6565
1631 6566
6283 6567
4645 6568
5474 6569
4369 6570
467 6571
2912 6572
5480 6573
4853 6574
5729 6575
5837 6576
140 6577
4200 6578
1979 6579
596 6580
6486 6581
2453 6582
6508 6583
3347 6584
363 6585
1977 6586
5748 6587
6026 6588
4932 6589
1132 6590
5135 6591
2231 6592
721 6593
3569 6594
4269 6595
2425 6596
4125 6597
784 6598
2333 6599
6228 6600
225 6601
711 6602
4474 6603
3788 6604
1477 6605
4749 6606
1912 6607
5610 6608
5786 6609
2921 6610
1691 6611
2752 6612
1518 6613
1784 6614
6038 6615
6355 6616
1903 6617
6066 6618
1607 6619
5349 6620
1665 6621
6215 6622
676 6623
4464 6624
851 6625
1226 6626
2088 6627
5248 6628
3396 6629
6367 6630
5623 6631
3545 6632
6100 6633
2183 6634
2140 6635
5805 6636
2415 6637
6334 6638
1895 6639
2985 6640
5744 6641
2789 6642
1730 6643
1729 6644
1373 6645
647 6646
710 6647
632 6648
3380 6649
1550 6650
4412 6651
3176 6652
4351 6653
3347 6654
5184 6655
1297 6656
3606 6657
2192 6658
543 6659
1890 6660
3515 6661
5146 6662
6026 6663
1831 6664
2189 6665
871 6666
2887 6667
4869 6668
2105 6669
3313 6670
6028 6671
5822 6672
3869 6673
2815 6674
1870 6675
6112 6676
2956 6677
4162 6678
720 6679
3165 6680
414 6681
6025 6682
2364 6683
864 6684
1699 6685
2225 6686
85 6687
36 6688
2281 6689
808 6690
5196 6691
765 6692
5150 6693
136 6694
734 6695
6634 6696
6124 6697
5989 6698
6308 6699
4910 6700
5228 6701
3021 6702
6158 6703
4808 6704
5833 6705
569 6706
1754 6707
2500 6708
5352 6709
5548 6710
2217 6711
2873 6712
2556 6713
2852 6714
3390 6715
1603 6716
3273 6717
6461 6718
3634 6719
2928 6720
2829 6721
5257 6722
6696 6723
4388 6724
2302 6725
2145 6726
1644 6727
3016 6728
1080 6729
2262 6730
1945 6731
5564 6732
623 6733
2860 6734
6700 6735
1456 6736
4838 6737
4968 6738
4170 6739
2406 6740
2320 6741
1100 6742
1798 6743
398 6744
2152 6745
1837 6746
2655 6747
3366 6748
4464 6749
6544 6750
5233 6751
4787 6752
2257 6753
2149 6754
216 6755
5191 6756
5779 6757
5045 6758
939 6759
3815 6760
5634 6761
3025 6762
288 6763
4112 6764
2844 6765
993 6766
3086 6767
1192 6768
6624 6769
3200 6770
4634 6771
5070 6772
1388 6773
468 6774
524 6775
1510 6776
6333 6777
3513 6778
2744 6779
3040 6780
362 6781
2175 6782
6067 6783
178 6784
2935 6785
3912 6786
4038 6787
2402 6788
4314 6789
2898 6790
1599 6791
4022 6792
4294 6793
3770 6794
43 6795
1872 6796
46 6797
4589 6798
6417 6799
2901 6800
4517 6801
80 6802
5960 6803
6273 6804
6017 6805
3735 6806
2646 6807
2027 6808
695 6809
6195 6810
5540 6811
2318 6812
5924 6813
1748 6814
6660 6815
6459 6816
2871 6817
1266 6818
167 6819
1299 6820
81 6821
1070 6822
4841 6823
3212 6824
1190 6825
6275 6826
261 6827
4590 6828
6347 6829
6644 6830
121 6831
950 6832
1043 6833
3997 6834
4175 6835
886 6836
3431 6837
4661 6838
5844 6839
3540 6840
2708 6841
2695 6842
756 6843
4312 6844
1106 6845
6516 6846
3802 6847
1330 6848
6606 6849
1674 6850
1726 6851
5001 6852
4918 6853
6222 6854
3521 6855
3892 6856
1993 6857
1234 6858
4251 6859
3296 6860
6837 6861
2793 6862
6242 6863
3325 6864
4821 6865
6021 6866
4432 6867
2902 6868
4929 6869
774 6870
5654 6871
3034 6872
6074 6873
6255 6874
6380 6875
2000 6876
1060 6877
3346 6878
867 6879
3843 6880
3586 6881
6395 6882
2221 6883
845 6884
2533 6885
564 6886
5576 6887
6843 6888
4885 6889
5018 6890
143 6891
5159 6892
6170 6893
6064 6894
4122 6895
6150 6896
3216 6897
6066 6898
3832 6899
2268 6900
5507 6901
173 6902
6016 6903
735 6904
4740 6905
4042 6906
1065 6907
4610 6908
5523 6909
5003 6910
3766 6911
3186 6912
795 6913
3989 6914
6635 6915
698 6916
955 6917
3277 6918
1472 6919
5133 6920
255 6921
1026 6922
4154 6923
2366 6924
657 6925
2860 6926
3898 6927
1207 6928
818 6929
812 6930
3196 6931
2223 6932
5828 6933
3752 6934
2657 6935
6427 6936
6622 6937
791 6938
4426 6939
5459 6940
37 6941
5798 6942
4730 6943
4641 6944
3092 6945
1390 6946
2747 6947
2362 6948
1140 6949
3683 6950
3326 6951
4850 6952
3766 6953
525 6954
6317 6955
2942 6956
5248 6957
5642 6958
6859 6959
4813 6960
6867 6961
1758 6962
5513 6963
1564 6964
784 6965
3793 6966
551 6967
4588 6968
5400 6969
1683 6970
4717 6971
3189 6972
1450 6973
4887 6974
6207 6975
3557 6976
6062 6977
4348 6978
2715 6979
5326 6980
4551 6981
88 6982
6354 6983
6327 6984
6216 6985
6353 6986
1048 6987
6123 6988
3374 6989
4081 6990
4693 6991
1190 6992
1252 6993
6028 6994
5714 6995
4931 6996
1542 6997
4491 6998
4057 6999
4332 7000
4330 7001
5818 7002
852 7003
5365 7004
2583 7005
5441 7006
3772 7007
5006 7008
299 7009
568 7010
5714 7011
2614 7012
4949 7013
4858 7014
4687 7015
4151 7016
3580 7017
2457 7018
3754 7019
5165 7020
4167 7021
3087 7022
4419 7023
141 7024
4657 7025
745 7026
5096 7027
83 7028
2122 7029
4051 7030
3250 7031
3345 7032
3570 7033
802 7034
4066 7035
4865 7036
2284 7037
661 7038
4385 7039
4539 7040
1394 7041
6886 7042
1054 7043
6016 7044
3899 7045
3236 7046
5479 7047
183 7048
4088 7049
6077 7050
5038 7051
5136 7052
1956 7053
6045 7054
161 7055
5539 7056
342 7057
7031 7058
3762 7059
4808 7060
6276 7061
2654 7062
6973 7063
3686 7064
2322 7065
5692 7066
1915 7067
809 7068
2894 7069
39 7070
6987 7071
554 7072
324 7073
1423 7074
4575 7075
4684 7076
1572 7077
5167 7078
6425 7079
5083 7080
4561 7081
6132 7082
307 7083
1574 7084
4460 7085
4666 7086
2908 7087
5320 7088
4139 7089
4561 7090
3180 7091
4698 7092
615 7093
5834 7094
3386 7095
2403 7096
3952 7097
7006 7098
3137 7099
100 7100
4381 7101
911 7102
5028 7103
4789 7104
6413 7105
3775 7106
4022 7107
6188 7108
6113 7109
4807 7110
2492 7111
6608 7112
2091 7113
4276 7114
1476 7115
3534 7116
5272 7117
428 7118
1887 7119
2283 7120
2927 7121
6158 7122
2417 7123
5176 7124
3816 7125
3112 7126
1999 7127
4626 7128
6854 7129
2783 7130
1895 7131
6848 7132
2809 7133
6848 7134
2611 7135
4963 7136
987 7137
3276 7138
5229 7139
5809 7140
2681 7141
2466 7142
5853 7143
6036 7144
5859 7145
3670 7146
2921 7147
1519 7148
58 7149
977 7150
4340 7151
4753 7152
2070 7153
290 7154
1027 7155
975 7156
1154 7157
98 7158
5102 7159
4107 7160
6163 7161
3197 7162
1637 7163
5504 7164
5312 7165
3495 7166
7029 7167
5640 7168
1665 7169
6604 7170
3835 7171
5980 7172
6207 7173
4918 7174
6604 7175
3411 7176
3950 7177
1281 7178
4149 7179
5409 7180
4941 7181
7054 7182
4510 7183
2633 7184
1272 7185
2986 7186
5599 7187
4237 7188
545 7189
5787 7190
6094 7191
1851 7192
1989 7193
115 7194
4764 7195
5093 7196
2082 7197
3696 7198
1335 7199
1815 7200
2318 7201
1836 7202
21 7203
2629 7204
4127 7205
3455 7206
5666 7207
6099 7208
5497 7209
240 7210
2150 7211
5473 7212
2987 7213
1031 7214
4508 7215
2849 7216
5749 7217
3969 7218
3741 7219
6078 7220
2196 7221
2476 7222
1357 7223
7086 7224
5020 7225
4995 7226
2838 7227
4775 7228
2083 7229
5456 7230
6365 7231
3294 7232
4605 7233
845 7234
3345 7235
4260 7236
334 7237
6403 7238
1652 7239
4049 7240
5543 7241
2638 7242
6384 7243
2893 7244
1982 7245
1388 7246
5703 7247
1330 7248
7106 7249
5366 7250
1553 7251
4420 7252
1081 7253
2594 7254
6093 7255
1106 7256
1461 7257
60 7258
5507 7259
4763 7260
4862 7261
6501 7262
6278 7263
876 7264
6889 7265
7223 7266
5303 7267
2574 7268
6830 7269
6843 7270
2620 7271
573 7272
986 7273
780 7274
3596 7275
5005 7276
2954 7277
4713 7278
1455 7279
3548 7280
1622 7281
2896 7282
4762 7283
4521 7284
2970 7285
2685 7286
4289 7287
1654 7288
3851 7289
3180 7290
3146 7291
1335 7292
3090 7293
6153 7294
4411 7295
6996 7296
1983 7297
251 7298
2970 7299
3092 7300
960 7301
6343 7302
3313 7303
1522 7304
4745 7305
3642 7306
5443 7307
496 7308
227 7309
1618 7310
5713 7311
5159 7312
4861 7313
6659 7314
7076 7315
6633 7316
1047 7317
4590 7318
3786 7319
4323 7320
3247 7321
257 7322
757 7323
2869 7324
1508 7325
5567 7326
631 7327
3951 7328
2188 7329
973 7330
3176 7331
5456 7332
3709 7333
3814 7334
2676 7335
3418 7336
462 7337
2809 7338
3178 7339
4850 7340
4130 7341
4245 7342
1222 7343
3441 7344
3868 7345
7224 7346
2739 7347
3460 7348
827 7349
4283 7350
579 7351
6932 7352
720 7353
3471 7354
4300 7355
1757 7356
7088 7357
4872 7358
5411 7359
57 7360
502 7361
3562 7362
1037 7363
3950 7364
3112 7365
1657 7366
6230 7367
5624 7368
2655 7369
5591 7370
6733 7371
4706 7372
6863 7373
616 7374
2858 7375
3616 7376
5165 7377
4168 7378
1881 7379
1387 7380
3162 7381
789 7382
1005 7383
4833 7384
2550 7385
6780 7386
573 7387
1153 7388
6206 7389
2053 7390
7248 7391
5362 7392
526 7393
2986 7394
4558 7395
5349 7396
5576 7397
762 7398
3907 7399
5285 7400
6859 7401
87 7402
5989 7403
5857 7404
640 7405
5837 7406
1361 7407
4059 7408
3818 7409
3127 7410
5199 7411
6947 7412
1042 7413
4636 7414
5846 7415
6593 7416
1733 7417
2622 7418
1150 7419
4030 7420
1634 7421
7029 7422
4120 7423
4715 7424
1194 7425
3529 7426
7197 7427
3946 7428
6072 7429
3000 7430
560 7431
2016 7432
6199 7433
3606 7434
778 7435
2126 7436
3308 7437
2652 7438
2070 7439
4213 7440
7166 7441
6732 7442
2404 7443
1111 7444
6176 7445
5559 7446
1880 7447
7113 7448
677 7449
4312 7450
3727 7451
853 7452
2369 7453
769 7454
3469 7455
1773 7456
890 7457
7331 7458
1328 7459
1194 7460
5942 7461
2697 7462
5219 7463
2953 7464
4417 7465
4092 7466
3224 7467
6900 7468
3335 7469
5607 7470
5031 7471
4726 7472
7184 7473
5016 7474
5378 7475
6234 7476
4689 7477
336 7478
101 7479
4418 7480
2407 7481
5864 7482
3799 7483
4300 7484
3987 7485
3846 7486
7230 7487
2507 7488
4914 7489
1368 7490
1380 7491
6806 7492
1792 7493
5645 7494
3957 7495
2675 7496
4556 7497
3645 7498
4491 7499
4231 7500
1855 7501
1055 7502
6718 7503
1859 7504
7405 7505
7017 7506
6622 7507
4216 7508
3557 7509
3349 7510
413 7511
5581 7512
4904 7513
3792 7514
3770 7515
6850 7516
4873 7517
6912 7518
1400 7519
4909 7520
2938 7521
3070 7522
854 7523
6977 7524
6377 7525
6775 7526
7026 7527
1116 7528
4255 7529
2523 7530
640 7531
6831 7532
2909 7533
398 7534
3199 7535
5612 7536
1697 7537
3826 7538
7378 7539
1021 7540
4404 7541
2668 7542
5655 7543
7310 7544
5944 7545
1721 7546
2921 7547
6371 7548
3325 7549
2979 7550
3853 7551
5476 7552
5115 7553
2791 7554
2852 7555
5815 7556
5856 7557
52 7558
2715 7559
4389 7560
5347 7561
995 7562
6908 7563
473 7564
506 7565
130 7566
1052 7567
2331 7568
5686 7569
2313 7570
4948 7571
4645 7572
5137 7573
6510 7574
2367 7575
4831 7576
3681 7577
4997 7578
1203 7579
3741 7580
2328 7581
6706 7582
7546 7583
6878 7584
7355 7585
213 7586
5904 7587
1419 7588
6637 7589
3484 7590
6246 7591
7065 7592
6032 7593
5550 7594
4879 7595
3922 7596
4026 7597
2587 7598
1575 7599
5773 7600
3764 7601
3329 7602
5234 7603
5946 7604
5752 7605
6270 7606
4968 7607
1356 7608
1152 7609
3858 7610
5276 7611
6216 7612
5687 7613
6046 7614
1457 7615
4470 7616
1153 7617
250 7618
953 7619
6861 7620
4655 7621
5542 7622
4458 7623
4967 7624
2198 7625
150 7626
4084 7627
759 7628
3570 7629
1897 7630
4191 7631
1999 7632
7473 7633
6355 7634
7559 7635
1411 7636
25 7637
3885 7638
4368 7639
5495 7640
235 7641
4439 7642
6662 7643
5378 7644
4075 7645
897 7646
1650 7647
2455 7648
4280 7649
6587 7650
6349 7651
628 7652
3829 7653
6166 7654
2867 7655
1225 7656
2621 7657
2427 7658
4754 7659
5132 7660
278 7661
6286 7662
3764 7663
717 7664
5037 7665
7331 7666
2947 7667
323 7668
5942 7669
128 7670
6618 7671
5044 7672
6164 7673
2141 7674
7466 7675
3933 7676
2190 7677
920 7678
3531 7679
1281 7680
5040 7681
3089 7682
4117 7683
543 7684
2683 7685
649 7686
1037 7687
6759 7688
6976 7689
3670 7690
5040 7691
5345 7692
7035 7693
7539 7694
5093 7695
2991 7696
3694 7697
6720 7698
6285 7699
5153 7700
1031 7701
7304 7702
7228 7703
5453 7704
3657 7705
3188 7706
4791 7707
1381 7708
6313 7709
1384 7710
4674 7711
2157 7712
2991 7713
5566 7714
7249 7715
168 7716
533 7717
1454 7718
1273 7719
4318 7720
4385 7721
4994 7722
6191 7723
5235 7724
2922 7725
7393 7726
2158 7727
4137 7728
7116 7729
5141 7730
4138 7731
5879 7732
3770 7733
7705 7734
4982 7735
7496 7736
3230 7737
3301 7738
56 7739
5946 7740
2162 7741
6024 7742
2867 7743
5543 7744
5899 7745
1300 7746
7632 7747
6652 7748
4880 7749
5298 7750
3825 7751
6166 7752
4263 7753
1619 7754
7633 7755
5819 7756
2298 7757
4822 7758
5218 7759
779 7760
6073 7761
3525 7762
3040 7763
5941 7764
5551 7765
282 7766
5238 7767
818 7768
1083 7769
384 7770
4280 7771
6607 7772
5265 7773
4483 7774
1563 7775
3092 7776
3848 7777
4198 7778
3754 7779
4063 7780
5692 7781
712 7782
6449 7783
1435 7784
3747 7785
6296 7786
6100 7787
7171 7788
5899 7789
2926 7790
7646 7791
3878 7792
5133 7793
1829 7794
2652 7795
1284 7796
5099 7797
1542 7798
6102 7799
5116 7800
270 7801
793 7802
5929 7803
4174 7804
7537 7805
1828 7806
5927 7807
913 7808
4585 7809
1571 7810
876 7811
6543 7812
5763 7813
1436 7814
3042 7815
4791 7816
2317 7817
7491 7818
1577 7819
7411 7820
233 7821
1971 7822
5421 7823
7649 7824
7057 7825
6117 7826
5183 7827
442 7828
5164 7829
4819 7830
3344 7831
4020 7832
3822 7833
3472 7834
3064 7835
5213 7836
5902 7837
4926 7838
7356 7839
56 7840
6151 7841
7516 7842
1894 7843
4776 7844
2670 7845
203 7846
1964 7847
5342 7848
182 7849
1280 7850
5295 7851
4121 7852
1226 7853
288 7854
3023 7855
4378 7856
6096 7857
5287 7858
2268 7859
4331 7860
2288 7861
2496 7862
5636 7863
6435 7864
6251 7865
4768 7866
2422 7867
1358 7868
1689 7869
1729 7870
4386 7871
2397 7872
3937 7873
6394 7874
3140 7875
77 7876
1032 7877
7039 7878
86 7879
396 7880
8 7881
7479 7882
3898 7883
7151 7884
2297 7885
1846 7886
7400 7887
6735 7888
808 7889
5152 7890
4429 7891
5435 7892
4275 7893
2541 7894
295 7895
1916 7896
1793 7897
6999 7898
2703 7899
131 7900
1620 7901
1052 7902
5606 7903
5947 7904
7902 7905
3347 7906
5023 7907
145 7908
3248 7909
641 7910
222 7911
5586 7912
590 7913
5994 7914
7343 7915
338 7916
754 7917
7254 7918
7245 7919
449 7920
600 7921
4683 7922
960 7923
6915 7924
2113 7925
4546 7926
2118 7927
862 7928
6209 7929
7184 7930
3804 7931
7276 7932
5961 7933
2215 7934
1207 7935
5437 7936
1563 7937
1391 7938
3540 7939
4778 7940
6301 7941
7614 7942
5029 7943
6208 7944
1046 7945
4707 7946
1243 7947
6287 7948
2289 7949
6122 7950
3046 7951
1139 7952
6765 7953
6200 7954
7652 7955
322 7956
2358 7957
2919 7958
7012 7959
4099 7960
166 7961
3250 7962
1276 7963
531 7964
1293 7965
504 7966
1544 7967
2386 7968
7347 7969
2333 7970
965 7971
5615 7972
859 7973
4742 7974
7131 7975
3751 7976
4175 7977
3264 7978
5303 7979
4160 7980
3382 7981
2875 7982
3819 7983
2016 7984
4212 7985
4451 7986
6633 7987
998 7988
2868 7989
7439 7990
6322 7991
2463 7992
2027 7993
2712 7994
1894 7995
957 7996
3034 7997
1318 7998
2067 7999
2097 8000
1275 8001
484 8002
2468 8003
4027 8004
2448 8005
7592 8006
3326 8007
5484 8008
5990 8009
1463 8010
1387 8011
3957 8012
6008 8013
7843 8014
2590 8015
5130 8016
4770 8017
2414 8018
4154 8019
4869 8020
1315 8021
4705 8022
3067 8023
4598 8024
6954 8025
1198 8026
2148 8027
7412 8028
5646 8029
5131 8030
2947 8031
7575 8032
2150 8033
1191 8034
2549 8035
3835 8036
123 8037
7025 8038
6679 8039
2835 8040
4777 8041
4248 8042
6578 8043
6331 8044
4765 8045
6405 8046
7616 8047
7209 8048
3466 8049
6773 8050
5789 8051
4286 8052
4149 8053
5227 8054
5196 8055
6624 8056
7838 8057
2055 8058
4245 8059
5189 8060
7747 8061
7528 8062
5473 8063
6556 8064
1518 8065
354 8066
6308 8067
7726 8068
113 8069
7842 8070
4568 8071
6322 8072
1211 8073
2582 8074
1589 8075
2394 8076
5168 8077
75 8078
2891 8079
7852 8080
1304 8081
2188 8082
1604 8083
6482 8084
3766 8085
7421 8086
2202 8087
4956 8088
4423 8089
182 8090
4221 8091
5416 8092
3546 8093
7573 8094
2047 8095
1543 8096
7132 8097
2763 8098
2480 8099
2133 8100
4380 8101
4115 8102
6198 8103
2806 8104
3890 8105
3815 8106
4330 8107
7176 8108
1580 8109
7896 8110
5918 8111
6109 8112
4473 8113
3162 8114
5085 8115
1128 8116
4000 8117
6653 8118
71 8119
6480 8120
1061 8121
1085 8122
7716 8123
3775 8124
2320 8125
2435 8126
2499 8127
7355 8128
630 8129
1949 8130
7836 8131
6420 8132
5918 8133
1150 8134
4708 8135
6970 8136
6044 8137
6032 8138
4722 8139
858 8140
3413 8141
1392 8142
4620 8143
4709 8144
5835 8145
6219 8146
1863 8147
4785 8148
7784 8149
1720 8150
68 8151
1353 8152
3145 8153
6980 8154
5128 8155
3341 8156
5728 8157
3411 8158
2567 8159
2050 8160
4618 8161
61 8162
1338 8163
1186 8164
2238 8165
3001 8166
6184 8167
3809 8168
3876 8169
6145 8170
3161 8171
1499 8172
5364 8173
6349 8174
4013 8175
4921 8176
5023 8177
115 8178
209 8179
2675 8180
1825 8181
6243 8182
5777 8183
5531 8184
4254 8185
7990 8186
7301 8187
6082 8188
2441 8189
2099 8190
4748 8191
4252 8192
3428 8193
6714 8194
1433 8195
2395 8196
7963 8197
5995 8198
4155 8199
4351 8200
4208 8201
6975 8202
1325 8203
6066 8204
689 8205
7689 8206
6560 8207
7606 8208
1842 8209
5257 8210
4810 8211
2342 8212
1278 8213
2776 8214
2239 8215
4230 8216
7309 8217
4898 8218
4356 8219
972 8220
6024 8221
4127 8222
4231 8223
1159 8224
2718 8225
5859 8226
5006 8227
723 8228
3634 8229
1286 8230
189 8231
3646 8232
3196 8233
295 8234
7428 8235
6839 8236
2284 8237
4982 8238
7928 8239
2974 8240
7497 8241
1197 8242
1480 8243
6708 8244
1447 8245
464 8246
582 8247
1876 8248
117 8249
7549 8250
6355 8251
6782 8252
4800 8253
5509 8254
3682 8255
851 8256
5337 8257
6446 8258
2525 8259
3102 8260
3443 8261
1295 8262
5960 8263
2717 8264
1524 8265
328 8266
1917 8267
6515 8268
4320 8269
4475 8270
2379 8271
4996 8272
5952 8273
6174 8274
686 8275
3978 8276
3318 8277
3297 8278
730 8279
6778 8280
2526 8281
5574 8282
4363 8283
4467 8284
1412 8285
3308 8286
6839 8287
6480 8288
2241 8289
7920 8290
2300 8291
695 8292
5376 8293
280 8294
2251 8295
6854 8296
6301 8297
3097 8298
610 8299
7636 8300
6852 8301
4690 8302
2215 8303
6696 8304
510 8305
2845 8306
6062 8307
4911 8308
6689 8309
3479 8310
7180 8311
4563 8312
6446 8313
6798 8314
4452 8315
5677 8316
680 8317
732 8318
6981 8319
5530 8320
7170 8321
4321 8322
7193 8323
7129 8324
7221 8325
4555 8326
8202 8327
6685 8328
4865 8329
8148 8330
1871 8331
4743 8332
3506 8333
3136 8334
1901 8335
8013 8336
3809 8337
770 8338
454 8339
5487 8340
3242 8341
7565 8342
2547 8343
6500 8344
1370 8345
3352 8346
5034 8347
2880 8348
5284 8349
5771 8350
4694 8351
1786 8352
4788 8353
6269 8354
303 8355
1900 8356
4983 8357
919 8358
3460 8359
2745 8360
6807 8361
1434 8362
7422 8363
656 8364
4180 8365
1031 8366
6928 8367
1039 8368
6728 8369
5679 8370
1185 8371
3107 8372
4504 8373
698 8374
1933 8375
1839 8376
6344 8377
504 8378
3676 8379
2667 8380
3476 8381
3580 8382
1585 8383
865 8384
7178 8385
7757 8386
1869 8387
381 8388
3223 8389
1261 8390
7894 8391
703 8392
206 8393
6690 8394
5223 8395
1115 8396
3110 8397
1034 8398
5145 8399
3873 8400
5799 8401
2242 8402
2410 8403
7672 8404
3859 8405
4594 8406
3164 8407
5589 8408
6938 8409
8209 8410
4175 8411
5184 8412
1504 8413
3519 8414
6828 8415
3570 8416
7982 8417
1975 8418
2905 8419
1460 8420
401 8421
2431 8422
2333 8423
2245 8424
5439 8425
4273 8426
2697 8427
3351 8428
2860 8429
4961 8430
6036 8431
758 8432
4382 8433
5706 8434
8231 8435
6423 8436
3889 8437
7864 8438
153 8439
5959 8440
7166 8441
3645 8442
3670 8443
6266 8444
7147 8445
4276 8446
2943 8447
975 8448
16 8449
2221 8450
619 8451
4962 8452
2043 8453
6845 8454
5411 8455
6277 8456
1086 8457
1161 8458
5079 8459
2063 8460
5307 8461
3584 8462
2691 8463
5878 8464
1582 8465
1660 8466
1208 8467
7584 8468
3573 8469
6316 8470
7904 8471
725 8472
1639 8473
2458 8474
750 8475
5386 8476
4934 8477
8142 8478
1146 8479
1706 8480
7385 8481
1671 8482
3574 8483
2599 8484
7583 8485
1433 8486
3615 8487
8429 8488
7273 8489
3888 8490
5054 8491
2471 8492
359 8493
4885 8494
8362 8495
1039 8496
7566 8497
5702 8498
3427 8499
3908 8500
5302 8501
4234 8502
6172 8503
506 8504
7895 8505
2339 8506
7266 8507
5372 8508
3824 8509
4526 8510
942 8511
7358 8512
3200 8513
4073 8514
3078 8515
3280 8516
4270 8517
2715 8518
3459 8519
6408 8520
4001 8521
401 8522
3135 8523
5500 8524
92 8525
1401 8526
7497 8527
5158 8528
932 8529
2739 8530
8290 8531
1319 8532
1118 8533
6520 8534
2605 8535
5990 8536
7765 8537
1291 8538
3870 8539
5942 8540
430 8541
3481 8542
5889 8543
518 8544
4429 8545
716 8546
1418 8547
1434 8548
6299 8549
3722 8550
8308 8551
3001 8552
6887 8553
3235 8554
1476 8555
7659 8556
3556 8557
1600 8558
7731 8559
7292 8560
1850 8561
6516 8562
2289 8563
2340 8564
2673 8565
5372 8566
3461 8567
6830 8568
5536 8569
2601 8570
1259 8571
5721 8572
3261 8573
4369 8574
3254 8575
3794 8576
3346 8577
6210 8578
6185 8579
4704 8580
3753 8581
3900 8582
1348 8583
4641 8584
2547 8585
2008 8586
1122 8587
1593 8588
2690 8589
3697 8590
8476 8591
470 8592
1341 8593
3697 8594
6866 8595
4930 8596
6675 8597
148 8598
1813 8599
882 8600
3905 8601
6732 8602
6143 8603
6145 8604
4507 8605
6115 8606
2045 8607
3664 8608
1990 8609
721 8610
2352 8611
8185 8612
6363 8613
3270 8614
3694 8615
6167 8616
7444 8617
1944 8618
268 8619
8001 8620
2220 8621
5755 8622
162 8623
6188 8624
1755 8625
8487 8626
6650 8627
6770 8628
7757 8629
7248 8630
8386 8631
700 8632
2664 8633
4869 8634
5931 8635
5022 8636
3873 8637
3814 8638
1264 8639
934 8640
6832 8641
5111 8642
8416 8643
4684 8644
3338 8645
1326 8646
3761 8647
4291 8648
5516 8649
595 8650
4621 8651
2129 8652
4624 8653
651 8654
7895 8655
1797 8656
4333 8657
1791 8658
2453 8659
1447 8660
6990 8661
7217 8662
6437 8663
2476 8664
1998 8665
5579 8666
3532 8667
1171 8668
4965 8669
6559 8670
1230 8671
7117 8672
1982 8673
4910 8674
2875 8675
6950 8676
1073 8677
1393 8678
4759 8679
8617 8680
7380 8681
1561 8682
1593 8683
3804 8684
5423 8685
330 8686
6179 8687
2363 8688
4700 8689
6277 8690
2047 8691
167 8692
2838 8693
3160 8694
7149 8695
4315 8696
1142 8697
7901 8698
252 8699
3964 8700
2650 8701
4786 8702
7247 8703
544 8704
6870 8705
6131 8706
636 8707
1830 8708
610 8709
2580 8710
4594 8711
716 8712
7892 8713
7166 8714
5398 8715
8229 8716
5855 8717
1835 8718
6242 8719
8070 8720
4816 8721
845 8722
2842 8723
8469 8724
4982 8725
3495 8726
2111 8727
5005 8728
5681 8729
3237 8730
553 8731
2638 8732
3684 8733
4273 8734
1469 8735
8694 8736
170 8737
4273 8738
3870 8739
7754 8740
8187 8741
1016 8742
7440 8743
5374 8744
807 8745
2946 8746
323 8747
2101 8748
126 8749
2861 8750
4561 8751
8453 8752
5123 8753
5098 8754
8020 8755
3131 8756
7093 8757
30 8758
7739 8759
6074 8760
1025 8761
2380 8762
1336 8763
806 8764
6081 8765
6516 8766
8122 8767
5894 8768
1899 8769
8728 8770
1466 8771
7098 8772
6896 8773
6197 8774
6906 8775
1039 8776
6489 8777
5638 8778
3494 8779
6571 8780
5977 8781
202 8782
8744 8783
2834 8784
6987 8785
8549 8786
2446 8787
6068 8788
3004 8789
6554 8790
12 8791
8028 8792
5385 8793
4238 8794
8402 8795
6247 8796
4604 8797
1512 8798
2932 8799
4947 8800
6271 8801
4741 8802
8552 8803
805 8804
645 8805
7817 8806
1351 8807
3097 8808
776 8809
1693 8810
3546 8811
2119 8812
1214 8813
6497 8814
2675 8815
2472 8816
662 8817
1185 8818
102 8819
2008 8820
8039 8821
6272 8822
788 8823
5349 8824
7143 8825
7380 8826
2111 8827
1667 8828
6625 8829
3926 8830
1230 8831
1634 8832
6194 8833
428 8834
8577 8835
8275 8836
7917 8837
6051 8838
5551 8839
2911 8840
7011 8841
6247 8842
1716 8843
3443 8844
3410 8845
8497 8846
2250 8847
5937 8848
6144 8849
5019 8850
5887 8851
75 8852
2305 8853
395 8854
8296 8855
6144 8856
3354 8857
2943 8858
152 8859
8241 8860
974 8861
4555 8862
6702 8863
5304 8864
7377 8865
6212 8866
1643 8867
4070 8868
5281 8869
3697 8870
2693 8871
8380 8872
3975 8873
6452 8874
5574 8875
5402 8876
7546 8877
8219 8878
4056 8879
4337 8880
611 8881
8245 8882
4654 8883
7959 8884
2110 8885
6790 8886
2473 8887
4677 8888
8185 8889
5817 8890
1273 8891
1202 8892
5513 8893
8562 8894
4870 8895
1758 8896
5873 8897
2642 8898
38 8899
3342 8900
8030 8901
3939 8902
123 8903
5933 8904
8644 8905
542 8906
48 8907
2511 8908
8769 8909
5817 8910
3386 8911
6608 8912
371 8913
4678 8914
5632 8915
7817 8916
6097 8917
1074 8918
5697 8919
3979 8920
4855 8921
3738 8922
6299 8923
6789 8924
4878 8925
2126 8926
6902 8927
133 8928
2335 8929
4326 8930
1279 8931
2834 8932
3136 8933
4972 8934
4959 8935
7306 8936
839 8937
3997 8938
1376 8939
1926 8940
1223 8941
727 8942
6347 8943
8454 8944
7481 8945
5496 8946
4709 8947
7233 8948
8250 8949
1901 8950
959 8951
8674 8952
4771 8953
7379 8954
506 8955
5166 8956
5099 8957
134 8958
8601 8959
5550 8960
2574 8961
7087 8962
497 8963
7360 8964
684 8965
5020 8966
2195 8967
1950 8968
5458 8969
2123 8970
4083 8971
6303 8972
8047 8973
5564 8974
6026 8975
133 8976
735 8977
7324 8978
826 8979
2726 8980
4976 8981
8584 8982
2554 8983
1275 8984
2164 8985
7177 8986
8240 8987
3021 8988
3899 8989
1906 8990
3455 8991
6831 8992
4484 8993
6219 8994
1449 8995
7076 8996
4370 8997
3675 8998
5457 8999
3389 9000
5662 9001
7303 9002
7809 9003
6361 9004
4433 9005
6200 9006
1337 9007
5903 9008
5185 9009
8728 9010
4970 9011
5559 9012
5708 9013
5001 9014
6267 9015
7794 9016
7733 9017
8721 9018
3708 9019
863 9020
5125 9021
1143 9022
488 9023
4082 9024
5287 9025
7110 9026
565 9027
8641 9028
6834 9029
3171 9030
7465 9031
6904 9032
2635 9033
2216 9034
8685 9035
446 9036
1333 9037
2774 9038
8551 9039
6987 9040
4729 9041
6091 9042
8585 9043
6438 9044
5297 9045
7073 9046
3579 9047
818 9048
3045 9049
5518 9050
4752 9051
1098 9052
7589 9053
7204 9054
1483 9055
7039 9056
6015 9057
4631 9058
6972 9059
3008 9060
279 9061
6776 9062
2595 9063
6043 9064
123 9065
3068 9066
1203 9067
1324 9068
1083 9069
4205 9070
2707 9071
6021 9072
2034 9073
4682 9074
5455 9075
4321 9076
1528 9077
3799 9078
3263 9079
4596 9080
7274 9081
8725 9082
3086 9083
2864 9084
8300 9085
7021 9086
696 9087
1133 9088
7426 9089
2768 9090
4209 9091
8941 9092
1913 9093
8277 9094
3548 9095
55 9096
2767 9097
5877 9098
5471 9099
5822 9100
3773 9101
1461 9102
1219 9103
1143 9104
4359 9105
355 9106
1081 9107
3472 9108
4648 9109
6937 9110
6699 9111
3645 9112
1477 9113
6871 9114
3627 9115
106 9116
7348 9117
1460 9118
6511 9119
1078 9120
5841 9121
4137 9122
8165 9123
4816 9124
4684 9125
4633 9126
8105 9127
7397 9128
3862 9129
2235 9130
490 9131
4731 9132
2029 9133
768 9134
6156 9135
4043 9136
2054 9137
4479 9138
4216 9139
8093 9140
3123 9141
3399 9142
2293 9143
875 9144
7434 9145
7260 9146
4961 9147
4806 9148
6988 9149
4109 9150
6470 9151
2431 9152
3012 9153
7468 9154
1920 9155
229 9156
7581 9157
4139 9158
8855 9159
2080 9160
7594 9161
5870 9162
6728 9163
5131 9164
1638 9165
1361 9166
5941 9167
4126 9168
7227 9169
5769 9170
7240 9171
1910 9172
4241 9173
2055 9174
3689 9175
1169 9176
5799 9177
3830 9178
2157 9179
1694 9180
8308 9181
3166 9182
13 9183
5438 9184
9040 9185
587 9186
225 9187
5898 9188
1546 9189
6087 9190
1093 9191
6384 9192
9132 9193
6886 9194
1775 9195
8270 9196
4336 9197
6291 9198
4939 9199
8235 9200
7924 9201
6650 9202
1918 9203
3929 9204
4207 9205
920 9206
7208 9207
7326 9208
8236 9209
6414 9210
2454 9211
8914 9212
6744 9213
8346 9214
760 9215
1612 9216
6585 9217
1788 9218
4037 9219
8619 9220
6705 9221
1061 9222
8225 9223
6927 9224
7546 9225
2202 9226
661 9227
3771 9228
353 9229
6148 9230
9212 9231
1066 9232
1375 9233
8290 9234
9144 9235
2079 9236
2048 9237
234 9238
6172 9239
2736 9240
1559 9241
2205 9242
2979 9243
892 9244
8790 9245
2185 9246
1197 9247
4752 9248
4696 9249
898 9250
8460 9251
1196 9252
5046 9253
6031 9254
6304 9255
7005 9256
7506 9257
7032 9258
3313 9259
8366 9260
4784 9261
4786 9262
1317 9263
1607 9264
3429 9265
1332 9266
3153 9267
2213 9268
4862 9269
3859 9270
6331 9271
2621 9272
6180 9273
6529 9274
9176 9275
1382 9276
8891 9277
6302 9278
1780 9279
104 9280
3409 9281
3776 9282
6523 9283
8134 9284
5789 9285
654 9286
2238 9287
5113 9288
4524 9289
5242 9290
3667 9291
4211 9292
8962 9293
4848 9294
5543 9295
3212 9296
9133 9297
8623 9298
7268 9299
7023 9300
2314 9301
5173 9302
1299 9303
8459 9304
4686 9305
4806 9306
3957 9307
1371 9308
2230 9309
2101 9310
855 9311
2563 9312
5549 9313
817 9314
3327 9315
3618 9316
4095 9317
9190 9318
1184 9319
6199 9320
9268 9321
6649 9322
6757 9323
4655 9324
5415 9325
6574 9326
1522 9327
6246 9328
7529 9329
5938 9330
9025 9331
2365 9332
8989 9333
8979 9334
2786 9335
6919 9336
1021 9337
3150 9338
4206 9339
1686 9340
6492 9341
6195 9342
1307 9343
4755 9344
9151 9345
6095 9346
8286 9347
729 9348
6270 9349
2647 9350
8180 9351
4218 9352
1134 9353
7484 9354
547 9355
4937 9356
5607 9357
7632 9358
1814 9359
5127 9360
5422 9361
4604 9362
6329 9363
4023 9364
7167 9365
5334 9366
8689 9367
4110 9368
3285 9369
2146 9370
3048 9371
6173 9372
3363 9373
1888 9374
3214 9375
5682 9376
5752 9377
8137 9378
99 9379
984 9380
5604 9381
2642 9382
1870 9383
3004 9384
5858 9385
6500 9386
8972 9387
9315 9388
8904 9389
1203 9390
162 9391
2414 9392
7306 9393
226 9394
1577 9395
4185 9396
1617 9397
7064 9398
1931 9399
7978 9400
1565 9401
510 9402
4494 9403
6548 9404
6539 9405
5507 9406
3501 9407
6003 9408
1114 9409
1615 9410
5490 9411
4241 9412
9278 9413
4065 9414
3922 9415
547 9416
3715 9417
8180 9418
4499 9419
2081 9420
4329 9421
6394 9422
1487 9423
1854 9424
148 9425
6106 9426
7099 9427
449 9428
7574 9429
3033 9430
8451 9431
2450 9432
7564 9433
1377 9434
5408 9435
8531 9436
2260 9437
6206 9438
3785 9439
9051 9440
1652 9441
801 9442
6260 9443
3125 9444
9008 9445
9338 9446
7509 9447
5079 9448
6104 9449
2624 9450
6445 9451
489 9452
3299 9453
6171 9454
8986 9455
9062 9456
6832 9457
4202 9458
617 9459
4026 9460
8389 9461
5103 9462
6400 9463
5265 9464
1736 9465
5620 9466
6788 9467
941 9468
9227 9469
8322 9470
1818 9471
9164 9472
4084 9473
2357 9474
5289 9475
8659 9476
2118 9477
4934 9478
3809 9479
6819 9480
180 9481
3933 9482
7062 9483
6795 9484
5631 9485
4635 9486
5930 9487
1113 9488
342 9489
259 9490
539 9491
3067 9492
5511 9493
7074 9494
3281 9495
5661 9496
4343 9497
3809 9498
6702 9499
8471 9500
7017 9501
4455 9502
2981 9503
765 9504
6121 9505
6754 9506
4993 9507
8770 9508
2022 9509
7753 9510
5188 9511
6775 9512
6095 9513
3861 9514
8826 9515
4515 9516
7272 9517
7461 9518
4656 9519
1569 9520
8405 9521
7027 9522
3231 9523
5665 9524
7331 9525
7811 9526
9427 9527
7898 9528
2258 9529
7764 9530
1628 9531
2436 9532
8185 9533
6014 9534
7406 9535
5877 9536
7164 9537
8228 9538
3378 9539
2686 9540
2519 9541
6205 9542
6600 9543
2881 9544
6419 9545
5598 9546
9530 9547
7601 9548
7961 9549
6434 9550
7781 9551
8255 9552
6330 9553
9083 9554
3531 9555
7856 9556
5191 9557
8311 9558
4450 9559
6227 9560
2058 9561
6693 9562
1762 9563
6619 9564
1644 9565
7696 9566
2427 9567
9108 9568
4363 9569
528 9570
6823 9571
2583 9572
2599 9573
727 9574
5195 9575
8001 9576
4061 9577
8892 9578
6524 9579
5579 9580
1994 9581
8036 9582
6376 9583
9307 9584
86 9585
9062 9586
5163 9587
65 9588
3342 9589
3929 9590
4803 9591
5109 9592
8700 9593
1207 9594
2038 9595
8058 9596
3338 9597
8101 9598
6421 9599
6710 9600
7375 9601
7457 9602
6280 9603
7277 9604
7419 9605
8354 9606
6708 9607
8442 9608
5684 9609
6810 9610
8790 9611
9052 9612
1940 9613
289 9614
290 9615
5855 9616
2001 9617
488 9618
3378 9619
836 9620
3950 9621
2406 9622
5643 9623
6197 9624
3160 9625
7156 9626
8108 9627
899 9628
2466 9629
7708 9630
5173 9631
8765 9632
1939 9633
838 9634
8450 9635
258 9636
8223 9637
3061 9638
9305 9639
3641 9640
3294 9641
7028 9642
1695 9643
7583 9644
83 9645
5340 9646
7492 9647
7135 9648
799 9649
8581 9650
561 9651
940 9652
8905 9653
2968 9654
1173 9655
7921 9656
3405 9657
263 9658
6953 9659
4470 9660
1696 9661
664 9662
760 9663
6521 9664
1083 9665
6490 9666
6049 9667
8824 9668
7232 9669
3695 9670
9301 9671
4117 9672
2436 9673
8941 9674
2699 9675
9560 9676
4455 9677
5265 9678
7632 9679
3838 9680
6099 9681
1288 9682
6023 9683
551 9684
8027 9685
1429 9686
7952 9687
3562 9688
5491 9689
8755 9690
5694 9691
9139 9692
3477 9693
1334 9694
1349 9695
7600 9696
3769 9697
5825 9698
5198 9699
124 9700
3220 9701
7345 9702
8633 9703
6252 9704
445 9705
2157 9706
833 9707
6485 9708
7964 9709
9572 9710
7473 9711
5605 9712
3410 9713
4570 9714
7514 9715
1057 9716
267 9717
5714 9718
1858 9719
6589 9720
2722 9721
2215 9722
8565 9723
768 9724
3814 9725
6734 9726
2035 9727
8122 9728
5348 9729
4554 9730
593 9731
167 9732
168 9733
1716 9734
4170 9735
3280 9736
9119 9737
1343 9738
5237 9739
2860 9740
3671 9741
7307 9742
5343 9743
381 9744
7613 9745
7120 9746
8075 9747
8604 9748
2602 9749
8693 9750
6871 9751
6630 9752
7664 9753
3842 9754
6735 9755
7283 9756
9269 9757
7949 9758
5512 9759
8168 9760
636 9761
9355 9762
2865 9763
2166 9764
837 9765
495 9766
4484 9767
1338 9768
890 9769
8125 9770
1395 9771
1898 9772
3868 9773
7222 9774
8129 9775
6362 9776
5651 9777
4749 9778
5038 9779
3634 9780
3554 9781
8893 9782
844 9783
6918 9784
7716 9785
1399 9786
4771 9787
9344 9788
9543 9789
5335 9790
8940 9791
8210 9792
2034 9793
7044 9794
7444 9795
6128 9796
7548 9797
7785 9798
8869 9799
6491 9800
2668 9801
8594 9802
6724 9803
6564 9804
1034 9805
5651 9806
3135 9807
9175 9808
4123 9809
1490 9810
7930 9811
6328 9812
3431 9813
5677 9814
5757 9815
305 9816
8923 9817
9786 9818
8154 9819
14 9820
2683 9821
1115 9822
3413 9823
523 9824
6928 9825
8090 9826
8409 9827
5218 9828
2269 9829
8148 9830
4673 9831
816 9832
3838 9833
2875 9834
4311 9835
5245 9836
7239 9837
7873 9838
2630 9839
9066 9840
1683 9841
48 9842
7704 9843
8192 9844
2040 9845
8265 9846
8044 9847
7927 9848
421 9849
1135 9850
242 9851
6963 9852
3292 9853
2408 9854
796 9855
6787 9856
2651 9857
3747 9858
391 9859
4441 9860
942 9861
4719 9862
8964 9863
3990 9864
4187 9865
7759 9866
7957 9867
6382 9868
2689 9869
6854 9870
5092 9871
1755 9872
7850 9873
3800 9874
3417 9875
3265 9876
7254 9877
1748 9878
2070 9879
9138 9880
8345 9881
8675 9882
3416 9883
9038 9884
2469 9885
9160 9886
1050 9887
9730 9888
9474 9889
8794 9890
4406 9891
9018 9892
7366 9893
2428 9894
9166 9895
8337 9896
2014 9897
5670 9898
5519 9899
5705 9900
6735 9901
1726 9902
6068 9903
4022 9904
6010 9905
2731 9906
7080 9907
4930 9908
9770 9909
8962 9910
3753 9911
2921 9912
4301 9913
6093 9914
3954 9915
6248 9916
6095 9917
6283 9918
3387 9919
3620 9920
9443 9921
2210 9922
9730 9923
9786 9924
2079 9925
5633 9926
1071 9927
721 9928
4347 9929
5733 9930
718 9931
906 9932
9409 9933
401 9934
8297 9935
9553 9936
6410 9937
5725 9938
6875 9939
4996 9940
7428 9941
8174 9942
8965 9943
1430 9944
9217 9945
7453 9946
7323 9947
3392 9948
4595 9949
3256 9950
1525 9951
6674 9952
4661 9953
2318 9954
5166 9955
9295 9956
9390 9957
365 9958
744 9959
2197 9960
9669 9961
2966 9962
9126 9963
1504 9964
8920 9965
3525 9966
5293 9967
5688 9968
437 9969
5024 9970
8240 9971
3552 9972
7704 9973
537 9974
7095 9975
5359 9976
391 9977
3713 9978
6241 9979
6169 9980
8351 9981
8762 9982
6852 9983
3746 9984
7962 9985
5576 9986
1685 9987
9500 9988
3394 9989
383 9990
5917 9991
5051 9992
9135 9993
4728 9994
3509 9995
3566 9996
7848 9997
6016 9998
9858 9999
934 10000
