9923
1 2
2 3
3 4
4 5
2 6
2 7
2 8
7 9
5 10
2 11
2 12
1 13
7 14
1 15
12 16
13 17
5 18
10 19
8 20
20 21
4 22
20 23
23 24
12 25
8 26
16 27
18 28
16 29
24 30
29 31
13 32
32 33
11 34
4 35
27 36
3 37
4 38
37 39
9 40
22 41
8 42
41 43
1 44
31 45
2 46
41 47
13 48
38 49
39 50
2 51
42 52
25 53
14 54
24 55
28 56
17 57
11 58
43 59
8 60
16 61
17 62
36 63
26 64
4 65
2 66
57 67
67 68
48 69
53 70
13 71
37 72
72 73
3 74
55 75
42 76
63 77
63 78
58 79
18 80
47 81
47 82
3 83
44 84
59 85
69 86
19 87
75 88
20 89
65 90
83 91
58 92
38 93
47 94
69 95
79 96
26 97
19 98
69 99
45 100
21 101
56 102
7 103
46 104
24 105
44 106
21 107
21 108
58 109
102 110
53 111
73 112
72 113
66 114
99 115
59 116
13 117
80 118
4 119
88 120
100 121
109 122
9 123
64 124
47 125
44 126
44 127
18 128
76 129
36 130
77 131
35 132
92 133
127 134
103 135
89 136
100 137
71 138
38 139
67 140
121 141
39 142
93 143
76 144
46 145
144 146
119 147
134 148
65 149
15 150
33 151
97 152
68 153
39 154
122 155
6 156
81 157
149 158
9 159
8 160
11 161
77 162
147 163
122 164
21 165
36 166
115 167
121 168
71 169
104 170
150 171
106 172
67 173
76 174
110 175
60 176
69 177
163 178
5 179
156 180
69 181
138 182
84 183
22 184
138 185
98 186
8 187
111 188
20 189
34 190
109 191
30 192
124 193
88 194
157 195
194 196
180 197
181 198
82 199
190 200
26 201
61 202
83 203
64 204
199 205
183 206
147 207
44 208
183 209
31 210
73 211
112 212
185 213
44 214
84 215
22 216
39 217
114 218
217 219
6 220
151 221
121 222
158 223
79 224
135 225
168 226
216 227
65 228
49 229
124 230
4 231
143 232
181 233
26 234
87 235
137 236
125 237
131 238
30 239
40 240
191 241
19 242
185 243
139 244
225 245
35 246
13 247
87 248
50 249
173 250
233 251
65 252
190 253
39 254
13 255
121 256
127 257
138 258
105 259
89 260
100 261
129 262
102 263
150 264
150 265
191 266
234 267
35 268
202 269
31 270
174 271
35 272
16 273
209 274
32 275
231 276
268 277
42 278
242 279
169 280
115 281
281 282
51 283
95 284
62 285
37 286
185 287
126 288
1 289
165 290
190 291
291 292
129 293
88 294
46 295
88 296
90 297
210 298
51 299
25 300
265 301
43 302
150 303
161 304
246 305
148 306
221 307
241 308
145 309
168 310
163 311
271 312
97 313
260 314
127 315
135 316
130 317
154 318
155 319
48 320
218 321
153 322
17 323
116 324
187 325
279 326
124 327
58 328
72 329
49 330
202 331
128 332
25 333
113 334
302 335
182 336
333 337
288 338
27 339
123 340
204 341
274 342
90 343
334 344
77 345
97 346
47 347
27 348
59 349
154 350
262 351
107 352
311 353
207 354
224 355
286 356
292 357
229 358
260 359
88 360
14 361
111 362
74 363
263 364
110 365
352 366
254 367
359 368
256 369
200 370
234 371
244 372
321 373
336 374
276 375
306 376
315 377
234 378
146 379
87 380
46 381
183 382
208 383
45 384
178 385
66 386
239 387
141 388
109 389
185 390
19 391
383 392
104 393
145 394
101 395
129 396
154 397
4 398
62 399
339 400
296 401
394 402
70 403
178 404
66 405
206 406
300 407
305 408
213 409
254 410
198 411
120 412
253 413
260 414
63 415
75 416
24 417
61 418
184 419
10 420
360 421
344 422
113 423
81 424
150 425
172 426
371 427
185 428
333 429
391 430
402 431
216 432
212 433
233 434
142 435
383 436
209 437
381 438
285 439
137 440
334 441
119 442
49 443
134 444
49 445
133 446
39 447
426 448
340 449
65 450
127 451
433 452
32 453
83 454
98 455
402 456
333 457
399 458
238 459
379 460
372 461
85 462
405 463
29 464
420 465
199 466
20 467
185 468
106 469
156 470
423 471
43 472
154 473
332 474
362 475
64 476
85 477
129 478
53 479
375 480
223 481
52 482
368 483
337 484
83 485
377 486
160 487
191 488
108 489
367 490
51 491
2 492
412 493
115 494
448 495
301 496
136 497
54 498
495 499
267 500
56 501
346 502
456 503
93 504
466 505
424 506
96 507
111 508
365 509
65 510
434 511
13 512
72 513
399 514
466 515
53 516
116 517
284 518
215 519
9 520
373 521
495 522
105 523
58 524
485 525
499 526
425 527
202 528
69 529
11 530
241 531
28 532
195 533
350 534
202 535
371 536
133 537
264 538
425 539
53 540
449 541
541 542
229 543
386 544
171 545
114 546
203 547
253 548
546 549
353 550
380 551
483 552
58 553
198 554
26 555
473 556
456 557
179 558
236 559
178 560
7 561
104 562
178 563
151 564
399 565
305 566
416 567
151 568
443 569
126 570
127 571
217 572
79 573
515 574
82 575
559 576
559 577
16 578
453 579
495 580
48 581
451 582
280 583
460 584
522 585
189 586
550 587
236 588
158 589
41 590
544 591
217 592
265 593
491 594
284 595
379 596
294 597
199 598
448 599
268 600
92 601
74 602
150 603
413 604
137 605
380 606
168 607
507 608
413 609
12 610
565 611
16 612
464 613
363 614
595 615
254 616
596 617
326 618
304 619
251 620
374 621
93 622
187 623
446 624
370 625
562 626
420 627
580 628
496 629
311 630
47 631
618 632
388 633
380 634
337 635
628 636
179 637
242 638
509 639
413 640
591 641
525 642
590 643
128 644
22 645
278 646
290 647
181 648
19 649
32 650
312 651
115 652
381 653
423 654
596 655
516 656
226 657
529 658
282 659
338 660
571 661
589 662
613 663
399 664
360 665
321 666
426 667
572 668
409 669
661 670
398 671
311 672
35 673
214 674
646 675
607 676
429 677
357 678
526 679
145 680
300 681
624 682
554 683
188 684
259 685
634 686
34 687
485 688
601 689
381 690
88 691
259 692
492 693
294 694
86 695
578 696
548 697
48 698
77 699
374 700
175 701
582 702
529 703
303 704
173 705
208 706
117 707
115 708
568 709
290 710
522 711
215 712
271 713
380 714
278 715
189 716
400 717
133 718
85 719
400 720
489 721
278 722
19 723
638 724
231 725
320 726
309 727
504 728
653 729
396 730
299 731
197 732
475 733
236 734
521 735
440 736
668 737
714 738
248 739
575 740
253 741
169 742
490 743
63 744
566 745
302 746
222 747
16 748
50 749
420 750
371 751
326 752
268 753
271 754
465 755
723 756
497 757
32 758
474 759
389 760
631 761
539 762
123 763
11 764
407 765
245 766
218 767
416 768
338 769
28 770
184 771
3 772
280 773
469 774
280 775
627 776
27 777
452 778
466 779
369 780
168 781
107 782
587 783
424 784
111 785
708 786
7 787
462 788
176 789
527 790
269 791
683 792
437 793
790 794
545 795
308 796
162 797
389 798
615 799
759 800
323 801
667 802
122 803
49 804
778 805
154 806
44 807
646 808
531 809
266 810
666 811
31 812
68 813
201 814
165 815
13 816
186 817
153 818
213 819
747 820
350 821
22 822
502 823
715 824
12 825
170 826
313 827
422 828
375 829
463 830
153 831
437 832
649 833
94 834
730 835
776 836
143 837
501 838
178 839
692 840
390 841
698 842
360 843
60 844
50 845
175 846
59 847
220 848
506 849
101 850
280 851
245 852
452 853
692 854
160 855
311 856
356 857
340 858
696 859
133 860
368 861
688 862
639 863
482 864
515 865
431 866
149 867
508 868
69 869
414 870
298 871
676 872
56 873
52 874
720 875
208 876
109 877
164 878
337 879
417 880
259 881
238 882
470 883
609 884
394 885
708 886
804 887
113 888
301 889
543 890
197 891
65 892
182 893
484 894
890 895
802 896
801 897
718 898
865 899
259 900
46 901
468 902
356 903
357 904
597 905
851 906
823 907
856 908
282 909
817 910
425 911
463 912
420 913
382 914
385 915
25 916
524 917
369 918
25 919
580 920
446 921
657 922
276 923
877 924
513 925
527 926
601 927
643 928
911 929
230 930
180 931
312 932
528 933
740 934
858 935
750 936
308 937
821 938
154 939
764 940
836 941
50 942
459 943
375 944
396 945
799 946
596 947
109 948
110 949
604 950
504 951
891 952
390 953
663 954
583 955
953 956
447 957
745 958
642 959
856 960
319 961
852 962
637 963
476 964
936 965
452 966
202 967
562 968
592 969
700 970
924 971
580 972
233 973
356 974
903 975
823 976
383 977
585 978
24 979
715 980
258 981
718 982
747 983
399 984
496 985
623 986
510 987
234 988
309 989
312 990
140 991
61 992
739 993
39 994
330 995
3 996
68 997
699 998
677 999
91 1000
676 1001
385 1002
484 1003
848 1004
574 1005
34 1006
289 1007
211 1008
158 1009
874 1010
511 1011
175 1012
335 1013
539 1014
577 1015
342 1016
307 1017
328 1018
437 1019
917 1020
564 1021
727 1022
440 1023
923 1024
677 1025
617 1026
798 1027
957 1028
1028 1029
174 1030
169 1031
112 1032
443 1033
350 1034
976 1035
902 1036
627 1037
386 1038
353 1039
37 1040
95 1041
260 1042
397 1043
653 1044
11 1045
487 1046
661 1047
578 1048
246 1049
958 1050
76 1051
766 1052
553 1053
479 1054
801 1055
333 1056
831 1057
986 1058
900 1059
426 1060
647 1061
481 1062
91 1063
1037 1064
532 1065
1058 1066
417 1067
818 1068
798 1069
715 1070
834 1071
622 1072
362 1073
579 1074
216 1075
422 1076
522 1077
124 1078
332 1079
429 1080
323 1081
74 1082
526 1083
660 1084
77 1085
508 1086
767 1087
45 1088
92 1089
213 1090
345 1091
215 1092
574 1093
184 1094
361 1095
976 1096
62 1097
67 1098
225 1099
749 1100
878 1101
339 1102
500 1103
352 1104
1100 1105
811 1106
413 1107
1013 1108
976 1109
246 1110
764 1111
1060 1112
1024 1113
126 1114
860 1115
105 1116
948 1117
1063 1118
525 1119
161 1120
226 1121
757 1122
20 1123
1071 1124
628 1125
1114 1126
302 1127
382 1128
979 1129
29 1130
674 1131
761 1132
346 1133
746 1134
789 1135
110 1136
449 1137
355 1138
439 1139
907 1140
1010 1141
257 1142
694 1143
495 1144
758 1145
904 1146
405 1147
1107 1148
138 1149
340 1150
275 1151
349 1152
591 1153
223 1154
790 1155
958 1156
250 1157
313 1158
775 1159
539 1160
970 1161
211 1162
898 1163
797 1164
999 1165
582 1166
598 1167
870 1168
886 1169
257 1170
885 1171
1117 1172
1080 1173
715 1174
1137 1175
514 1176
369 1177
209 1178
668 1179
477 1180
791 1181
992 1182
710 1183
804 1184
279 1185
98 1186
633 1187
368 1188
847 1189
1021 1190
960 1191
393 1192
469 1193
283 1194
547 1195
313 1196
70 1197
1077 1198
1033 1199
371 1200
707 1201
279 1202
1193 1203
272 1204
1020 1205
578 1206
413 1207
857 1208
1134 1209
672 1210
820 1211
227 1212
1119 1213
825 1214
556 1215
725 1216
706 1217
804 1218
443 1219
973 1220
764 1221
1017 1222
57 1223
82 1224
749 1225
227 1226
40 1227
1042 1228
1118 1229
44 1230
242 1231
85 1232
469 1233
1229 1234
1096 1235
628 1236
1128 1237
654 1238
759 1239
216 1240
97 1241
489 1242
77 1243
806 1244
272 1245
551 1246
392 1247
601 1248
489 1249
532 1250
1121 1251
1002 1252
1083 1253
545 1254
1231 1255
939 1256
659 1257
2 1258
720 1259
404 1260
386 1261
657 1262
244 1263
576 1264
130 1265
184 1266
459 1267
149 1268
327 1269
854 1270
166 1271
181 1272
944 1273
427 1274
1052 1275
610 1276
871 1277
227 1278
751 1279
924 1280
404 1281
203 1282
120 1283
1260 1284
686 1285
487 1286
9 1287
549 1288
758 1289
576 1290
1161 1291
925 1292
662 1293
10 1294
539 1295
643 1296
254 1297
1089 1298
250 1299
910 1300
204 1301
391 1302
1003 1303
65 1304
583 1305
230 1306
642 1307
665 1308
460 1309
1285 1310
909 1311
991 1312
1200 1313
882 1314
1078 1315
1001 1316
537 1317
262 1318
1114 1319
1209 1320
240 1321
459 1322
619 1323
931 1324
665 1325
519 1326
803 1327
805 1328
965 1329
169 1330
975 1331
1126 1332
470 1333
84 1334
219 1335
988 1336
806 1337
423 1338
1229 1339
179 1340
717 1341
1164 1342
20 1343
554 1344
775 1345
192 1346
547 1347
762 1348
1335 1349
830 1350
1072 1351
399 1352
825 1353
1270 1354
1291 1355
1280 1356
1120 1357
1261 1358
438 1359
1022 1360
84 1361
676 1362
624 1363
362 1364
1139 1365
1024 1366
859 1367
31 1368
1008 1369
1238 1370
153 1371
1106 1372
620 1373
375 1374
1011 1375
425 1376
1173 1377
1296 1378
408 1379
606 1380
1033 1381
1196 1382
391 1383
1263 1384
643 1385
1150 1386
1173 1387
241 1388
527 1389
756 1390
828 1391
1026 1392
104 1393
66 1394
690 1395
687 1396
4 1397
1284 1398
1342 1399
1068 1400
583 1401
416 1402
355 1403
124 1404
385 1405
1245 1406
1032 1407
653 1408
676 1409
188 1410
1063 1411
715 1412
1093 1413
809 1414
862 1415
108 1416
1291 1417
961 1418
1139 1419
595 1420
1033 1421
95 1422
1268 1423
946 1424
718 1425
1098 1426
973 1427
421 1428
118 1429
1398 1430
159 1431
1379 1432
388 1433
1406 1434
380 1435
572 1436
349 1437
1404 1438
85 1439
1408 1440
461 1441
844 1442
407 1443
646 1444
1179 1445
413 1446
351 1447
1298 1448
1097 1449
645 1450
849 1451
215 1452
1030 1453
868 1454
1388 1455
1215 1456
268 1457
388 1458
1455 1459
47 1460
172 1461
1197 1462
949 1463
282 1464
1312 1465
264 1466
625 1467
135 1468
658 1469
1258 1470
1440 1471
377 1472
1003 1473
212 1474
267 1475
211 1476
299 1477
962 1478
838 1479
921 1480
1205 1481
509 1482
1405 1483
83 1484
9 1485
418 1486
594 1487
926 1488
420 1489
457 1490
1096 1491
298 1492
777 1493
1260 1494
699 1495
264 1496
1201 1497
320 1498
1399 1499
131 1500
596 1501
1484 1502
864 1503
1329 1504
1254 1505
944 1506
120 1507
1067 1508
1495 1509
1370 1510
416 1511
1188 1512
1037 1513
449 1514
546 1515
1378 1516
1363 1517
1159 1518
838 1519
911 1520
1347 1521
1380 1522
47 1523
997 1524
381 1525
528 1526
538 1527
1492 1528
173 1529
1375 1530
794 1531
225 1532
935 1533
1327 1534
904 1535
416 1536
1280 1537
238 1538
143 1539
856 1540
717 1541
1214 1542
218 1543
1013 1544
747 1545
508 1546
166 1547
1406 1548
532 1549
292 1550
663 1551
1549 1552
978 1553
14 1554
1035 1555
593 1556
488 1557
277 1558
12 1559
263 1560
55 1561
851 1562
883 1563
478 1564
1061 1565
1457 1566
1448 1567
1457 1568
1113 1569
625 1570
1009 1571
715 1572
891 1573
1505 1574
335 1575
681 1576
823 1577
1520 1578
1518 1579
1286 1580
369 1581
418 1582
1213 1583
799 1584
1566 1585
883 1586
206 1587
1499 1588
1218 1589
198 1590
1528 1591
990 1592
374 1593
14 1594
231 1595
373 1596
109 1597
496 1598
636 1599
1443 1600
1005 1601
697 1602
657 1603
1241 1604
242 1605
1297 1606
1168 1607
1323 1608
849 1609
463 1610
1585 1611
567 1612
877 1613
599 1614
680 1615
680 1616
406 1617
88 1618
1180 1619
1490 1620
202 1621
402 1622
1002 1623
996 1624
501 1625
860 1626
1445 1627
995 1628
223 1629
260 1630
244 1631
1567 1632
1177 1633
763 1634
1512 1635
1070 1636
56 1637
110 1638
1630 1639
709 1640
1135 1641
389 1642
1351 1643
53 1644
1639 1645
638 1646
991 1647
183 1648
1266 1649
905 1650
1592 1651
1280 1652
808 1653
312 1654
360 1655
160 1656
122 1657
301 1658
932 1659
389 1660
1038 1661
483 1662
1180 1663
1180 1664
407 1665
1234 1666
1029 1667
500 1668
135 1669
131 1670
217 1671
879 1672
1431 1673
301 1674
1152 1675
623 1676
1579 1677
1454 1678
84 1679
1438 1680
722 1681
726 1682
210 1683
492 1684
511 1685
913 1686
1234 1687
755 1688
328 1689
436 1690
771 1691
1114 1692
1431 1693
857 1694
1350 1695
1474 1696
96 1697
745 1698
211 1699
1079 1700
110 1701
1040 1702
852 1703
330 1704
1665 1705
1132 1706
848 1707
1255 1708
1520 1709
46 1710
266 1711
899 1712
387 1713
1393 1714
1707 1715
639 1716
841 1717
204 1718
164 1719
172 1720
1321 1721
162 1722
455 1723
903 1724
916 1725
499 1726
1585 1727
1142 1728
808 1729
1333 1730
1279 1731
333 1732
395 1733
599 1734
293 1735
738 1736
1717 1737
383 1738
416 1739
781 1740
77 1741
313 1742
347 1743
708 1744
1246 1745
961 1746
902 1747
999 1748
488 1749
828 1750
44 1751
602 1752
1020 1753
1398 1754
481 1755
1208 1756
51 1757
1269 1758
41 1759
1450 1760
800 1761
475 1762
453 1763
1437 1764
500 1765
589 1766
761 1767
54 1768
1668 1769
142 1770
130 1771
1291 1772
150 1773
627 1774
640 1775
613 1776
1691 1777
83 1778
387 1779
1566 1780
1542 1781
666 1782
1419 1783
1549 1784
539 1785
737 1786
1526 1787
304 1788
1700 1789
1386 1790
83 1791
925 1792
180 1793
643 1794
457 1795
1788 1796
128 1797
1078 1798
1774 1799
548 1800
1337 1801
1019 1802
1242 1803
333 1804
832 1805
1108 1806
938 1807
947 1808
641 1809
1203 1810
499 1811
472 1812
668 1813
806 1814
881 1815
724 1816
1598 1817
1647 1818
549 1819
1724 1820
1025 1821
588 1822
1565 1823
1715 1824
1544 1825
1801 1826
230 1827
1635 1828
1287 1829
1488 1830
1450 1831
1578 1832
322 1833
611 1834
13 1835
191 1836
255 1837
614 1838
1090 1839
1367 1840
806 1841
1797 1842
332 1843
984 1844
671 1845
238 1846
1617 1847
1708 1848
1441 1849
296 1850
1584 1851
992 1852
1439 1853
1638 1854
1579 1855
1614 1856
1391 1857
1176 1858
248 1859
213 1860
1303 1861
319 1862
1199 1863
552 1864
41 1865
28 1866
1071 1867
1636 1868
1043 1869
355 1870
590 1871
1802 1872
1191 1873
875 1874
736 1875
841 1876
851 1877
1683 1878
220 1879
585 1880
1759 1881
532 1882
1560 1883
1200 1884
406 1885
1502 1886
1564 1887
1120 1888
1482 1889
1513 1890
556 1891
523 1892
471 1893
1756 1894
882 1895
333 1896
567 1897
362 1898
1855 1899
1669 1900
148 1901
1391 1902
1895 1903
1095 1904
274 1905
1412 1906
1028 1907
70 1908
431 1909
94 1910
825 1911
682 1912
604 1913
997 1914
1065 1915
480 1916
183 1917
932 1918
714 1919
1806 1920
66 1921
320 1922
1831 1923
1831 1924
355 1925
90 1926
64 1927
496 1928
543 1929
212 1930
131 1931
1332 1932
259 1933
1482 1934
332 1935
1246 1936
1510 1937
1381 1938
1039 1939
458 1940
1708 1941
1241 1942
1015 1943
1461 1944
1484 1945
476 1946
800 1947
211 1948
133 1949
1869 1950
485 1951
1234 1952
988 1953
619 1954
486 1955
1618 1956
1025 1957
632 1958
108 1959
857 1960
511 1961
1421 1962
820 1963
562 1964
511 1965
1934 1966
748 1967
769 1968
1703 1969
1904 1970
1309 1971
81 1972
1573 1973
428 1974
1639 1975
1686 1976
1179 1977
423 1978
650 1979
272 1980
187 1981
1010 1982
1334 1983
39 1984
721 1985
481 1986
145 1987
519 1988
1308 1989
751 1990
24 1991
696 1992
940 1993
1309 1994
1663 1995
322 1996
645 1997
1320 1998
409 1999
516 2000
672 2001
990 2002
1784 2003
830 2004
1902 2005
598 2006
1830 2007
303 2008
233 2009
788 2010
1706 2011
118 2012
990 2013
1585 2014
499 2015
1751 2016
875 2017
1196 2018
20 2019
1271 2020
1403 2021
931 2022
10 2023
32 2024
546 2025
906 2026
361 2027
1579 2028
1883 2029
317 2030
42 2031
617 2032
529 2033
884 2034
433 2035
1129 2036
392 2037
795 2038
1641 2039
1976 2040
569 2041
1452 2042
903 2043
1512 2044
1277 2045
364 2046
1843 2047
260 2048
269 2049
1464 2050
48 2051
716 2052
955 2053
122 2054
1740 2055
422 2056
770 2057
1872 2058
1809 2059
214 2060
1429 2061
1317 2062
1750 2063
406 2064
1204 2065
752 2066
1033 2067
1506 2068
1191 2069
1575 2070
1123 2071
634 2072
1688 2073
1711 2074
1714 2075
1018 2076
1854 2077
1891 2078
1436 2079
1690 2080
1169 2081
322 2082
1451 2083
475 2084
1348 2085
833 2086
1078 2087
135 2088
686 2089
1660 2090
207 2091
1289 2092
156 2093
1469 2094
19 2095
1637 2096
1709 2097
650 2098
1271 2099
668 2100
728 2101
1167 2102
865 2103
1174 2104
555 2105
2013 2106
229 2107
973 2108
720 2109
119 2110
88 2111
433 2112
379 2113
409 2114
713 2115
287 2116
1354 2117
1591 2118
1811 2119
745 2120
1540 2121
1154 2122
1139 2123
1319 2124
791 2125
351 2126
710 2127
617 2128
1384 2129
1193 2130
229 2131
1093 2132
988 2133
508 2134
1367 2135
1284 2136
220 2137
630 2138
1003 2139
1921 2140
2129 2141
384 2142
358 2143
929 2144
1198 2145
1372 2146
711 2147
1211 2148
1602 2149
1996 2150
562 2151
1919 2152
578 2153
804 2154
1373 2155
1348 2156
2092 2157
255 2158
1207 2159
152 2160
1306 2161
1309 2162
2154 2163
602 2164
784 2165
2086 2166
1670 2167
2054 2168
1145 2169
1220 2170
132 2171
662 2172
1521 2173
1953 2174
1993 2175
862 2176
1427 2177
185 2178
909 2179
1660 2180
642 2181
488 2182
1463 2183
1908 2184
1693 2185
634 2186
156 2187
230 2188
1073 2189
1968 2190
324 2191
130 2192
1717 2193
130 2194
1558 2195
1755 2196
1355 2197
1528 2198
1446 2199
894 2200
154 2201
1324 2202
605 2203
1860 2204
261 2205
1145 2206
1904 2207
2131 2208
2053 2209
195 2210
2142 2211
321 2212
1724 2213
52 2214
951 2215
1750 2216
2034 2217
1307 2218
1425 2219
1577 2220
2193 2221
163 2222
1139 2223
1530 2224
807 2225
1470 2226
2034 2227
891 2228
14 2229
593 2230
143 2231
223 2232
1078 2233
657 2234
820 2235
1638 2236
623 2237
1798 2238
1966 2239
1104 2240
345 2241
1610 2242
416 2243
2126 2244
1350 2245
327 2246
1918 2247
1923 2248
901 2249
585 2250
1587 2251
308 2252
341 2253
561 2254
1996 2255
111 2256
1078 2257
2067 2258
1125 2259
191 2260
1105 2261
2216 2262
572 2263
530 2264
1629 2265
372 2266
1478 2267
1093 2268
351 2269
656 2270
2068 2271
2247 2272
2007 2273
1034 2274
448 2275
584 2276
344 2277
1313 2278
1307 2279
448 2280
219 2281
687 2282
246 2283
568 2284
1240 2285
47 2286
1155 2287
697 2288
1151 2289
1041 2290
1752 2291
815 2292
1307 2293
89 2294
1276 2295
1408 2296
608 2297
2000 2298
683 2299
1958 2300
946 2301
1991 2302
350 2303
871 2304
2071 2305
1407 2306
1212 2307
1225 2308
1489 2309
659 2310
1986 2311
984 2312
1682 2313
1831 2314
1248 2315
1199 2316
1998 2317
214 2318
1258 2319
218 2320
1120 2321
21 2322
1236 2323
117 2324
1447 2325
947 2326
1130 2327
1402 2328
774 2329
1731 2330
813 2331
1893 2332
1808 2333
4 2334
1677 2335
1518 2336
426 2337
933 2338
1736 2339
1078 2340
431 2341
564 2342
1643 2343
258 2344
1171 2345
1220 2346
2273 2347
1448 2348
7 2349
2096 2350
1800 2351
342 2352
2136 2353
999 2354
961 2355
1813 2356
1202 2357
692 2358
123 2359
2075 2360
1402 2361
782 2362
924 2363
1189 2364
432 2365
1075 2366
1842 2367
405 2368
2342 2369
1086 2370
1975 2371
534 2372
1590 2373
374 2374
904 2375
873 2376
510 2377
2331 2378
1405 2379
2273 2380
134 2381
1570 2382
1929 2383
1702 2384
2004 2385
640 2386
146 2387
806 2388
266 2389
1455 2390
723 2391
1933 2392
699 2393
137 2394
2082 2395
1734 2396
187 2397
1089 2398
760 2399
1022 2400
146 2401
1776 2402
2115 2403
1297 2404
197 2405
1614 2406
1185 2407
1443 2408
279 2409
1554 2410
1354 2411
2317 2412
309 2413
2283 2414
819 2415
1941 2416
745 2417
967 2418
1266 2419
2325 2420
1970 2421
1317 2422
1398 2423
1553 2424
1812 2425
515 2426
774 2427
1321 2428
1188 2429
2132 2430
80 2431
1931 2432
2009 2433
1071 2434
330 2435
2349 2436
951 2437
728 2438
625 2439
1743 2440
2268 2441
497 2442
2421 2443
512 2444
1559 2445
945 2446
1892 2447
874 2448
2238 2449
2246 2450
1241 2451
498 2452
2165 2453
65 2454
390 2455
1296 2456
1513 2457
1742 2458
1937 2459
172 2460
2387 2461
762 2462
2323 2463
2151 2464
2291 2465
105 2466
2028 2467
713 2468
511 2469
2251 2470
2147 2471
387 2472
1970 2473
227 2474
637 2475
2326 2476
1668 2477
1702 2478
1561 2479
135 2480
1471 2481
1718 2482
1772 2483
279 2484
1676 2485
117 2486
425 2487
2229 2488
904 2489
1190 2490
1603 2491
2024 2492
522 2493
564 2494
2090 2495
860 2496
1612 2497
270 2498
1785 2499
1810 2500
1044 2501
2495 2502
2481 2503
482 2504
1945 2505
1433 2506
1570 2507
911 2508
1287 2509
1627 2510
1636 2511
535 2512
545 2513
1288 2514
785 2515
2105 2516
1261 2517
1740 2518
1686 2519
1055 2520
873 2521
1777 2522
1769 2523
691 2524
469 2525
648 2526
557 2527
995 2528
310 2529
112 2530
811 2531
891 2532
787 2533
407 2534
657 2535
1211 2536
879 2537
559 2538
1565 2539
2366 2540
2059 2541
414 2542
2015 2543
2321 2544
2091 2545
630 2546
2047 2547
670 2548
481 2549
1144 2550
1276 2551
466 2552
814 2553
1935 2554
1427 2555
1215 2556
2248 2557
1340 2558
2294 2559
2123 2560
440 2561
665 2562
1651 2563
2347 2564
1764 2565
2156 2566
515 2567
824 2568
1156 2569
1377 2570
927 2571
265 2572
1573 2573
106 2574
1979 2575
110 2576
2550 2577
1228 2578
742 2579
475 2580
490 2581
1591 2582
2293 2583
1745 2584
1379 2585
1647 2586
2106 2587
1178 2588
1205 2589
116 2590
1466 2591
2558 2592
803 2593
1288 2594
953 2595
265 2596
1380 2597
322 2598
604 2599
1661 2600
1370 2601
1374 2602
1076 2603
1743 2604
262 2605
2441 2606
77 2607
2002 2608
1976 2609
2031 2610
191 2611
1457 2612
1663 2613
774 2614
1531 2615
289 2616
788 2617
1550 2618
249 2619
2345 2620
1593 2621
2026 2622
487 2623
822 2624
1556 2625
1277 2626
885 2627
1624 2628
2254 2629
1629 2630
640 2631
1480 2632
2520 2633
1473 2634
2424 2635
90 2636
913 2637
2127 2638
630 2639
2599 2640
637 2641
692 2642
810 2643
233 2644
104 2645
425 2646
1228 2647
1493 2648
1460 2649
2298 2650
1409 2651
2494 2652
58 2653
1601 2654
490 2655
2148 2656
498 2657
1673 2658
776 2659
1160 2660
2136 2661
1552 2662
2067 2663
2358 2664
2019 2665
1637 2666
1849 2667
1228 2668
2372 2669
985 2670
381 2671
588 2672
1907 2673
1786 2674
2085 2675
432 2676
385 2677
2512 2678
1711 2679
933 2680
885 2681
1259 2682
100 2683
2371 2684
1578 2685
2362 2686
2372 2687
1966 2688
238 2689
1591 2690
375 2691
42 2692
2002 2693
1905 2694
757 2695
1484 2696
2492 2697
2504 2698
1503 2699
472 2700
1275 2701
830 2702
2613 2703
450 2704
1333 2705
2311 2706
833 2707
1707 2708
1715 2709
1531 2710
1395 2711
501 2712
185 2713
2585 2714
2692 2715
1898 2716
1519 2717
409 2718
2096 2719
771 2720
585 2721
1317 2722
1243 2723
2172 2724
2274 2725
830 2726
1839 2727
1988 2728
1188 2729
1927 2730
2581 2731
2345 2732
2150 2733
2316 2734
2501 2735
453 2736
176 2737
1052 2738
1444 2739
2337 2740
1712 2741
688 2742
707 2743
2269 2744
1521 2745
2595 2746
2246 2747
534 2748
691 2749
1774 2750
457 2751
469 2752
1153 2753
1442 2754
2486 2755
698 2756
618 2757
1366 2758
310 2759
629 2760
1853 2761
908 2762
2517 2763
869 2764
2382 2765
914 2766
2585 2767
120 2768
970 2769
2416 2770
1841 2771
2000 2772
577 2773
2641 2774
1588 2775
1572 2776
1952 2777
1716 2778
565 2779
2642 2780
857 2781
120 2782
630 2783
1316 2784
575 2785
885 2786
2150 2787
1373 2788
2634 2789
1337 2790
30 2791
2197 2792
1807 2793
346 2794
2413 2795
1051 2796
724 2797
2048 2798
129 2799
2260 2800
42 2801
2446 2802
1483 2803
547 2804
787 2805
425 2806
1409 2807
1692 2808
1435 2809
811 2810
1774 2811
543 2812
1892 2813
1744 2814
286 2815
173 2816
2775 2817
740 2818
1044 2819
1958 2820
2441 2821
982 2822
385 2823
210 2824
2495 2825
271 2826
373 2827
1290 2828
2685 2829
551 2830
1715 2831
543 2832
2229 2833
622 2834
2617 2835
2230 2836
1450 2837
438 2838
1522 2839
1015 2840
1381 2841
1837 2842
693 2843
1832 2844
821 2845
1115 2846
339 2847
962 2848
2334 2849
569 2850
168 2851
1412 2852
1343 2853
1898 2854
34 2855
1502 2856
2678 2857
379 2858
357 2859
2374 2860
2117 2861
55 2862
2067 2863
809 2864
2593 2865
2718 2866
2772 2867
2058 2868
1594 2869
1789 2870
1249 2871
687 2872
1849 2873
500 2874
775 2875
1365 2876
2845 2877
881 2878
2095 2879
1509 2880
1790 2881
323 2882
1886 2883
289 2884
749 2885
1307 2886
1836 2887
2153 2888
1684 2889
2087 2890
1844 2891
2097 2892
1582 2893
395 2894
2736 2895
1495 2896
2426 2897
1564 2898
2794 2899
2373 2900
1500 2901
1638 2902
2130 2903
470 2904
1432 2905
544 2906
1489 2907
1770 2908
2798 2909
61 2910
237 2911
2295 2912
560 2913
2769 2914
2425 2915
19 2916
412 2917
2571 2918
1198 2919
840 2920
1051 2921
1549 2922
2174 2923
2688 2924
2706 2925
2776 2926
2216 2927
1689 2928
1704 2929
1506 2930
1871 2931
2255 2932
1943 2933
2304 2934
1871 2935
1298 2936
1280 2937
1234 2938
1880 2939
688 2940
2125 2941
77 2942
2447 2943
1038 2944
2432 2945
2825 2946
2591 2947
527 2948
2870 2949
2482 2950
2051 2951
2288 2952
1039 2953
1260 2954
793 2955
808 2956
275 2957
922 2958
2383 2959
2604 2960
2586 2961
1186 2962
2825 2963
2609 2964
1878 2965
626 2966
1252 2967
1869 2968
424 2969
315 2970
1524 2971
379 2972
2323 2973
687 2974
1271 2975
722 2976
805 2977
1667 2978
1427 2979
2519 2980
2721 2981
1005 2982
1500 2983
2899 2984
1046 2985
2027 2986
1220 2987
2977 2988
352 2989
2828 2990
1101 2991
2099 2992
2550 2993
1005 2994
2690 2995
458 2996
1950 2997
735 2998
2069 2999
656 3000
2063 3001
2516 3002
1864 3003
2370 3004
1773 3005
343 3006
2050 3007
2541 3008
1069 3009
328 3010
1689 3011
2068 3012
2167 3013
2278 3014
2717 3015
1884 3016
624 3017
2498 3018
400 3019
1801 3020
174 3021
2738 3022
1218 3023
1922 3024
925 3025
45 3026
2941 3027
1216 3028
2488 3029
1161 3030
2011 3031
285 3032
3011 3033
1448 3034
1041 3035
11 3036
2125 3037
1975 3038
2146 3039
1601 3040
2024 3041
2806 3042
1275 3043
1807 3044
1921 3045
1937 3046
1709 3047
2426 3048
1980 3049
964 3050
957 3051
2008 3052
2369 3053
1133 3054
704 3055
1470 3056
1604 3057
2293 3058
84 3059
2815 3060
1582 3061
1724 3062
1957 3063
1768 3064
1921 3065
854 3066
1096 3067
1321 3068
1269 3069
715 3070
2840 3071
2356 3072
1571 3073
2976 3074
452 3075
928 3076
736 3077
715 3078
638 3079
2580 3080
2827 3081
1418 3082
1159 3083
2488 3084
15 3085
3000 3086
1816 3087
2360 3088
2958 3089
1114 3090
672 3091
2984 3092
2131 3093
2834 3094
2836 3095
1266 3096
801 3097
1384 3098
1321 3099
1159 3100
2487 3101
1971 3102
1180 3103
444 3104
557 3105
3096 3106
1358 3107
2412 3108
2700 3109
1982 3110
2457 3111
942 3112
696 3113
445 3114
2240 3115
1044 3116
938 3117
1892 3118
2054 3119
1404 3120
2748 3121
1644 3122
2240 3123
1873 3124
2217 3125
1623 3126
398 3127
2397 3128
1189 3129
2124 3130
1951 3131
1814 3132
2381 3133
907 3134
456 3135
22 3136
2245 3137
2843 3138
1056 3139
2589 3140
1973 3141
322 3142
1010 3143
1858 3144
1607 3145
2079 3146
1952 3147
1653 3148
760 3149
2432 3150
319 3151
2078 3152
2718 3153
1656 3154
3081 3155
2083 3156
1938 3157
1064 3158
2895 3159
575 3160
1909 3161
2686 3162
2605 3163
1710 3164
2604 3165
1369 3166
1800 3167
418 3168
638 3169
1736 3170
1696 3171
1218 3172
1404 3173
3033 3174
661 3175
1439 3176
140 3177
2535 3178
2816 3179
1046 3180
1177 3181
432 3182
935 3183
2341 3184
2772 3185
1256 3186
998 3187
1946 3188
1072 3189
2470 3190
678 3191
457 3192
1646 3193
3038 3194
1343 3195
2976 3196
506 3197
2582 3198
1950 3199
1063 3200
1873 3201
1818 3202
2197 3203
880 3204
653 3205
1690 3206
1581 3207
2946 3208
1638 3209
2436 3210
1931 3211
2291 3212
2627 3213
456 3214
1392 3215
72 3216
2067 3217
1844 3218
545 3219
2459 3220
2743 3221
1982 3222
1617 3223
2282 3224
1048 3225
2561 3226
2753 3227
1015 3228
1420 3229
2455 3230
1390 3231
1878 3232
1580 3233
13 3234
2308 3235
2336 3236
91 3237
1407 3238
1166 3239
1788 3240
2998 3241
2359 3242
2605 3243
2798 3244
142 3245
427 3246
2602 3247
1041 3248
161 3249
1084 3250
1020 3251
1384 3252
1812 3253
1100 3254
2033 3255
2816 3256
567 3257
829 3258
996 3259
1632 3260
2500 3261
19 3262
2707 3263
1616 3264
1136 3265
2160 3266
405 3267
940 3268
2620 3269
1468 3270
1975 3271
289 3272
1608 3273
1637 3274
2627 3275
1456 3276
72 3277
1530 3278
661 3279
1157 3280
2261 3281
2699 3282
1601 3283
3184 3284
2756 3285
3106 3286
2072 3287
420 3288
1501 3289
1511 3290
2461 3291
1933 3292
102 3293
1027 3294
475 3295
263 3296
1308 3297
2226 3298
630 3299
1162 3300
1459 3301
2111 3302
630 3303
557 3304
930 3305
1652 3306
2305 3307
1130 3308
1494 3309
631 3310
1131 3311
2121 3312
2591 3313
1607 3314
1281 3315
1551 3316
3234 3317
623 3318
252 3319
1331 3320
2532 3321
247 3322
532 3323
1700 3324
2766 3325
2690 3326
2725 3327
1057 3328
1786 3329
1335 3330
2851 3331
1581 3332
2538 3333
755 3334
200 3335
1662 3336
2002 3337
2015 3338
1092 3339
365 3340
338 3341
980 3342
2168 3343
2930 3344
2069 3345
2820 3346
1442 3347
1136 3348
3263 3349
954 3350
2659 3351
2653 3352
1205 3353
49 3354
809 3355
2147 3356
3200 3357
2493 3358
1561 3359
671 3360
1912 3361
1001 3362
1660 3363
302 3364
2588 3365
796 3366
2083 3367
1827 3368
1753 3369
2882 3370
2471 3371
1627 3372
2472 3373
1042 3374
198 3375
2361 3376
529 3377
690 3378
1853 3379
1946 3380
3151 3381
1326 3382
1464 3383
1107 3384
519 3385
1177 3386
2264 3387
1376 3388
1379 3389
1443 3390
3251 3391
2580 3392
753 3393
2904 3394
3130 3395
2333 3396
1405 3397
2628 3398
2579 3399
928 3400
2993 3401
1040 3402
2408 3403
2753 3404
394 3405
3218 3406
2245 3407
1569 3408
3375 3409
856 3410
442 3411
1222 3412
272 3413
506 3414
320 3415
344 3416
2688 3417
2720 3418
342 3419
675 3420
2563 3421
3340 3422
940 3423
3165 3424
1749 3425
1237 3426
369 3427
51 3428
2900 3429
2078 3430
2319 3431
1023 3432
638 3433
2331 3434
1363 3435
1750 3436
2140 3437
1725 3438
179 3439
522 3440
961 3441
749 3442
2867 3443
1310 3444
1758 3445
3443 3446
234 3447
1740 3448
2920 3449
1744 3450
728 3451
2294 3452
1854 3453
2857 3454
3405 3455
3211 3456
2300 3457
100 3458
2597 3459
79 3460
780 3461
2252 3462
1071 3463
2273 3464
1780 3465
196 3466
742 3467
2250 3468
140 3469
2919 3470
1969 3471
2245 3472
655 3473
1248 3474
2387 3475
1894 3476
1798 3477
1642 3478
2610 3479
2355 3480
63 3481
3302 3482
340 3483
1696 3484
126 3485
2277 3486
2785 3487
2328 3488
770 3489
18 3490
3397 3491
3176 3492
1343 3493
599 3494
1129 3495
1077 3496
3213 3497
1608 3498
984 3499
1022 3500
1086 3501
2346 3502
2129 3503
275 3504
2090 3505
2636 3506
1105 3507
1462 3508
1262 3509
2651 3510
3235 3511
3047 3512
3162 3513
1481 3514
1856 3515
1839 3516
2593 3517
36 3518
3319 3519
3441 3520
77 3521
533 3522
895 3523
3354 3524
2630 3525
1744 3526
1467 3527
363 3528
2424 3529
497 3530
2262 3531
972 3532
1623 3533
228 3534
3107 3535
2598 3536
2538 3537
414 3538
2481 3539
3204 3540
2584 3541
2452 3542
1537 3543
268 3544
1088 3545
1790 3546
2601 3547
854 3548
1562 3549
1718 3550
3448 3551
1828 3552
1125 3553
3012 3554
2374 3555
2815 3556
970 3557
1531 3558
309 3559
3501 3560
13 3561
1503 3562
2646 3563
1941 3564
260 3565
1228 3566
3515 3567
1012 3568
1017 3569
3154 3570
96 3571
2656 3572
3077 3573
1885 3574
1012 3575
1960 3576
2630 3577
1443 3578
3344 3579
3397 3580
3291 3581
3550 3582
2563 3583
2016 3584
2617 3585
1852 3586
292 3587
497 3588
2840 3589
1543 3590
860 3591
3257 3592
815 3593
3305 3594
2227 3595
1116 3596
2050 3597
1789 3598
3455 3599
592 3600
2366 3601
3416 3602
1761 3603
1868 3604
3373 3605
340 3606
2418 3607
145 3608
592 3609
2819 3610
89 3611
1453 3612
2209 3613
2920 3614
321 3615
158 3616
2754 3617
1405 3618
2676 3619
2757 3620
1893 3621
2713 3622
1975 3623
2058 3624
3591 3625
779 3626
3066 3627
2959 3628
1509 3629
2451 3630
912 3631
193 3632
2640 3633
840 3634
1739 3635
519 3636
752 3637
792 3638
3589 3639
691 3640
2002 3641
400 3642
2524 3643
168 3644
184 3645
2944 3646
3290 3647
3550 3648
1773 3649
962 3650
2030 3651
2010 3652
143 3653
85 3654
998 3655
276 3656
286 3657
231 3658
3341 3659
2054 3660
3272 3661
252 3662
2360 3663
1175 3664
865 3665
1398 3666
906 3667
284 3668
279 3669
1798 3670
745 3671
1895 3672
984 3673
345 3674
2868 3675
2632 3676
1402 3677
597 3678
997 3679
2917 3680
766 3681
1906 3682
2215 3683
2336 3684
1424 3685
2563 3686
604 3687
1496 3688
2544 3689
1041 3690
1372 3691
1442 3692
1612 3693
1608 3694
2976 3695
634 3696
2752 3697
1588 3698
338 3699
1515 3700
2043 3701
3083 3702
3603 3703
3441 3704
3306 3705
2886 3706
911 3707
1392 3708
149 3709
663 3710
1958 3711
134 3712
1339 3713
2899 3714
1087 3715
1481 3716
3494 3717
1294 3718
3186 3719
3091 3720
2358 3721
1080 3722
2516 3723
1755 3724
559 3725
2182 3726
717 3727
1398 3728
1810 3729
3263 3730
2654 3731
870 3732
3313 3733
2641 3734
2277 3735
713 3736
38 3737
1516 3738
2790 3739
646 3740
2711 3741
103 3742
3226 3743
2633 3744
1055 3745
3652 3746
274 3747
2692 3748
1724 3749
2500 3750
3508 3751
3166 3752
3144 3753
96 3754
733 3755
3654 3756
512 3757
407 3758
92 3759
619 3760
32 3761
2634 3762
3244 3763
2565 3764
2686 3765
980 3766
1162 3767
3426 3768
740 3769
3045 3770
879 3771
2370 3772
104 3773
1820 3774
2568 3775
3171 3776
3256 3777
840 3778
1687 3779
1154 3780
2140 3781
3086 3782
2955 3783
1171 3784
2016 3785
3395 3786
1681 3787
2033 3788
1700 3789
493 3790
2695 3791
3733 3792
1592 3793
679 3794
551 3795
2570 3796
2669 3797
501 3798
739 3799
557 3800
1969 3801
2306 3802
2245 3803
1689 3804
135 3805
2697 3806
3302 3807
2876 3808
1592 3809
3320 3810
762 3811
2208 3812
277 3813
2846 3814
203 3815
2806 3816
725 3817
1927 3818
2477 3819
1744 3820
2068 3821
1379 3822
3532 3823
1258 3824
1785 3825
2756 3826
241 3827
3581 3828
3692 3829
2583 3830
2198 3831
1625 3832
2955 3833
164 3834
2265 3835
74 3836
2190 3837
1828 3838
2420 3839
2478 3840
2267 3841
601 3842
1185 3843
61 3844
543 3845
3540 3846
1459 3847
140 3848
246 3849
3666 3850
1373 3851
3484 3852
1302 3853
1813 3854
380 3855
303 3856
3759 3857
1344 3858
558 3859
3663 3860
2125 3861
3613 3862
1809 3863
501 3864
1756 3865
3304 3866
49 3867
689 3868
3548 3869
626 3870
1379 3871
3555 3872
2401 3873
2545 3874
148 3875
1545 3876
1160 3877
2209 3878
3759 3879
1659 3880
2521 3881
3482 3882
169 3883
2370 3884
3141 3885
1388 3886
1625 3887
2695 3888
2118 3889
3614 3890
2486 3891
18 3892
3049 3893
3508 3894
895 3895
3213 3896
3842 3897
2661 3898
3254 3899
816 3900
463 3901
2982 3902
2193 3903
1674 3904
3621 3905
675 3906
713 3907
556 3908
1461 3909
1605 3910
1819 3911
3376 3912
3242 3913
508 3914
3470 3915
2823 3916
3914 3917
860 3918
3379 3919
2400 3920
3665 3921
271 3922
1726 3923
932 3924
2525 3925
2870 3926
3895 3927
488 3928
1765 3929
307 3930
2019 3931
3109 3932
1871 3933
870 3934
1464 3935
1634 3936
2833 3937
3777 3938
3563 3939
3028 3940
1136 3941
3864 3942
2334 3943
3582 3944
1758 3945
1409 3946
58 3947
3319 3948
681 3949
723 3950
1344 3951
3562 3952
3367 3953
3818 3954
211 3955
3658 3956
497 3957
3888 3958
3043 3959
394 3960
3936 3961
1112 3962
3850 3963
404 3964
2391 3965
2985 3966
421 3967
112 3968
1361 3969
1371 3970
23 3971
782 3972
2009 3973
2795 3974
1755 3975
2732 3976
1951 3977
888 3978
991 3979
3590 3980
3588 3981
3678 3982
1052 3983
2627 3984
1603 3985
2205 3986
3191 3987
545 3988
2109 3989
2599 3990
1463 3991
1657 3992
2544 3993
2523 3994
3754 3995
1038 3996
884 3997
1015 3998
678 3999
435 4000
764 4001
1266 4002
3067 4003
3471 4004
1665 4005
3516 4006
2914 4007
846 4008
175 4009
3995 4010
1933 4011
1918 4012
2322 4013
150 4014
3263 4015
836 4016
2931 4017
3032 4018
3287 4019
163 4020
2385 4021
1031 4022
3109 4023
1965 4024
3265 4025
805 4026
2639 4027
4005 4028
3586 4029
1366 4030
228 4031
196 4032
1009 4033
2578 4034
2033 4035
3595 4036
3972 4037
3248 4038
2287 4039
368 4040
354 4041
1863 4042
256 4043
9 4044
3009 4045
2864 4046
2615 4047
2227 4048
3087 4049
1920 4050
2049 4051
760 4052
1552 4053
1173 4054
2313 4055
3065 4056
3090 4057
2312 4058
3587 4059
3392 4060
2795 4061
1643 4062
2633 4063
409 4064
985 4065
3801 4066
2066 4067
1422 4068
742 4069
3476 4070
538 4071
2588 4072
3073 4073
3143 4074
935 4075
2873 4076
2467 4077
706 4078
2839 4079
335 4080
205 4081
721 4082
3899 4083
1539 4084
2388 4085
130 4086
491 4087
451 4088
3727 4089
2460 4090
182 4091
3883 4092
2367 4093
3494 4094
1458 4095
1346 4096
305 4097
2494 4098
3117 4099
1032 4100
1156 4101
2791 4102
1701 4103
206 4104
841 4105
1303 4106
3821 4107
3326 4108
1680 4109
3302 4110
3147 4111
959 4112
4012 4113
2106 4114
836 4115
2924 4116
1455 4117
3594 4118
2058 4119
2280 4120
3297 4121
3503 4122
3659 4123
1088 4124
2232 4125
2836 4126
1428 4127
547 4128
3035 4129
1893 4130
3581 4131
3926 4132
3220 4133
3051 4134
1113 4135
727 4136
1475 4137
653 4138
458 4139
835 4140
2840 4141
3592 4142
3561 4143
2149 4144
3748 4145
2839 4146
2492 4147
2472 4148
2114 4149
3164 4150
3013 4151
1694 4152
237 4153
2103 4154
2135 4155
1022 4156
1349 4157
1538 4158
3976 4159
1206 4160
2528 4161
1946 4162
3199 4163
3121 4164
3195 4165
1 4166
3631 4167
3092 4168
3072 4169
3893 4170
909 4171
2857 4172
853 4173
3694 4174
407 4175
1420 4176
3377 4177
3148 4178
3822 4179
1687 4180
1187 4181
113 4182
3838 4183
924 4184
2799 4185
1812 4186
1732 4187
3850 4188
1107 4189
2216 4190
3626 4191
4179 4192
3715 4193
3461 4194
2367 4195
1032 4196
227 4197
2578 4198
1101 4199
877 4200
3726 4201
895 4202
1766 4203
3712 4204
776 4205
895 4206
2794 4207
2884 4208
3774 4209
549 4210
210 4211
46 4212
258 4213
412 4214
3786 4215
1466 4216
2778 4217
3835 4218
3220 4219
757 4220
2485 4221
3690 4222
1662 4223
2318 4224
3078 4225
454 4226
2048 4227
948 4228
3158 4229
1135 4230
1458 4231
135 4232
4204 4233
2664 4234
2485 4235
334 4236
1401 4237
3345 4238
453 4239
1528 4240
1319 4241
1593 4242
2399 4243
4089 4244
1791 4245
1208 4246
2816 4247
240 4248
598 4249
766 4250
1641 4251
2672 4252
1590 4253
3021 4254
980 4255
3295 4256
212 4257
4180 4258
3661 4259
3288 4260
2762 4261
2928 4262
3562 4263
1069 4264
3717 4265
2341 4266
4265 4267
1124 4268
4106 4269
3480 4270
1513 4271
1169 4272
433 4273
630 4274
3566 4275
9 4276
833 4277
627 4278
1906 4279
2144 4280
4100 4281
2425 4282
2943 4283
2588 4284
472 4285
3067 4286
2487 4287
2323 4288
1378 4289
2682 4290
1488 4291
3083 4292
4242 4293
586 4294
2793 4295
4087 4296
2768 4297
3447 4298
2199 4299
2357 4300
3068 4301
4280 4302
3601 4303
3971 4304
1217 4305
2263 4306
1521 4307
2239 4308
3976 4309
3136 4310
792 4311
1414 4312
1910 4313
2379 4314
3485 4315
3264 4316
2155 4317
354 4318
4167 4319
3126 4320
1938 4321
1536 4322
525 4323
1837 4324
3294 4325
1917 4326
4169 4327
189 4328
342 4329
2695 4330
2276 4331
2868 4332
2121 4333
98 4334
4025 4335
1137 4336
4296 4337
1074 4338
1636 4339
1353 4340
2749 4341
2815 4342
896 4343
2412 4344
3304 4345
1558 4346
1106 4347
2230 4348
66 4349
3335 4350
577 4351
2710 4352
618 4353
3809 4354
4333 4355
885 4356
2602 4357
4257 4358
2238 4359
2195 4360
29 4361
3662 4362
1615 4363
255 4364
3755 4365
1663 4366
68 4367
658 4368
2742 4369
3548 4370
3858 4371
4362 4372
219 4373
2373 4374
820 4375
1769 4376
372 4377
3865 4378
2672 4379
2936 4380
3581 4381
546 4382
2258 4383
2118 4384
2691 4385
2590 4386
4290 4387
4046 4388
2459 4389
873 4390
2388 4391
755 4392
3923 4393
13 4394
2468 4395
3896 4396
3933 4397
246 4398
3636 4399
1179 4400
1351 4401
1606 4402
2368 4403
3585 4404
3310 4405
707 4406
2164 4407
2864 4408
3331 4409
2157 4410
607 4411
947 4412
427 4413
471 4414
476 4415
1274 4416
2239 4417
590 4418
4180 4419
819 4420
2223 4421
2719 4422
3250 4423
3211 4424
1360 4425
961 4426
4135 4427
1508 4428
3685 4429
3652 4430
3276 4431
1775 4432
2717 4433
3101 4434
349 4435
1482 4436
317 4437
259 4438
2265 4439
822 4440
2516 4441
2167 4442
4160 4443
1031 4444
1545 4445
1972 4446
774 4447
1430 4448
3122 4449
2928 4450
4415 4451
675 4452
2436 4453
1794 4454
2093 4455
1103 4456
3323 4457
1028 4458
55 4459
2840 4460
1455 4461
3142 4462
149 4463
4262 4464
736 4465
795 4466
2299 4467
1642 4468
1317 4469
1629 4470
4336 4471
4030 4472
3102 4473
1741 4474
4160 4475
3867 4476
6 4477
1563 4478
2851 4479
2067 4480
1458 4481
1567 4482
2086 4483
4021 4484
4258 4485
3547 4486
1933 4487
2004 4488
404 4489
2831 4490
2178 4491
410 4492
4109 4493
801 4494
318 4495
291 4496
3259 4497
3971 4498
1732 4499
1057 4500
809 4501
726 4502
4426 4503
32 4504
2282 4505
3478 4506
1329 4507
386 4508
3108 4509
2054 4510
1670 4511
3401 4512
844 4513
2263 4514
1190 4515
1580 4516
2550 4517
1515 4518
4437 4519
4172 4520
4268 4521
1305 4522
2984 4523
2709 4524
3188 4525
3867 4526
4434 4527
3734 4528
1474 4529
162 4530
1567 4531
3359 4532
642 4533
1844 4534
533 4535
3668 4536
4160 4537
350 4538
4507 4539
2643 4540
2088 4541
4076 4542
3578 4543
1023 4544
8 4545
642 4546
2845 4547
447 4548
8 4549
1728 4550
2183 4551
558 4552
1440 4553
3476 4554
2377 4555
3670 4556
783 4557
2919 4558
3008 4559
2201 4560
4126 4561
1090 4562
2581 4563
4 4564
2654 4565
3923 4566
4031 4567
34 4568
1512 4569
1423 4570
821 4571
594 4572
2081 4573
2203 4574
724 4575
2018 4576
1483 4577
3489 4578
271 4579
102 4580
2545 4581
2751 4582
3329 4583
4272 4584
2490 4585
2874 4586
1813 4587
547 4588
1891 4589
3409 4590
3546 4591
1927 4592
3938 4593
1739 4594
3874 4595
118 4596
3120 4597
4096 4598
1535 4599
3365 4600
120 4601
2261 4602
469 4603
4011 4604
2892 4605
2937 4606
4554 4607
946 4608
1906 4609
1512 4610
1029 4611
316 4612
1080 4613
1540 4614
4386 4615
4420 4616
1953 4617
3854 4618
3059 4619
1421 4620
3167 4621
1031 4622
4483 4623
4352 4624
1954 4625
1058 4626
691 4627
2109 4628
1489 4629
2508 4630
4073 4631
3863 4632
3451 4633
1050 4634
2786 4635
3577 4636
338 4637
1554 4638
1015 4639
1136 4640
892 4641
2526 4642
1283 4643
2353 4644
1354 4645
1477 4646
521 4647
3018 4648
4229 4649
3697 4650
4536 4651
4541 4652
1583 4653
2638 4654
2065 4655
4033 4656
4254 4657
421 4658
2545 4659
724 4660
948 4661
2418 4662
4394 4663
4309 4664
2179 4665
4200 4666
3779 4667
766 4668
34 4669
3817 4670
2526 4671
3871 4672
4044 4673
11 4674
4190 4675
3855 4676
2675 4677
4540 4678
4435 4679
123 4680
2590 4681
1809 4682
2315 4683
488 4684
1118 4685
2623 4686
976 4687
3418 4688
981 4689
849 4690
2512 4691
2551 4692
4195 4693
4633 4694
325 4695
3463 4696
4681 4697
2628 4698
3049 4699
2643 4700
2848 4701
651 4702
3296 4703
44 4704
2014 4705
2944 4706
4510 4707
449 4708
3399 4709
1801 4710
23 4711
3024 4712
2363 4713
2787 4714
744 4715
2357 4716
1032 4717
1420 4718
2102 4719
278 4720
997 4721
1370 4722
506 4723
993 4724
3653 4725
972 4726
3156 4727
3798 4728
4155 4729
3602 4730
3868 4731
2454 4732
2481 4733
3558 4734
693 4735
3957 4736
636 4737
3131 4738
3912 4739
1927 4740
1340 4741
2054 4742
3981 4743
3985 4744
2786 4745
2179 4746
4182 4747
1757 4748
1068 4749
2261 4750
261 4751
2270 4752
1520 4753
1825 4754
63 4755
2891 4756
4220 4757
1761 4758
3299 4759
2521 4760
4240 4761
2804 4762
3802 4763
671 4764
1526 4765
3654 4766
1020 4767
958 4768
1790 4769
2801 4770
224 4771
10 4772
3369 4773
12 4774
2416 4775
618 4776
1932 4777
1237 4778
4231 4779
325 4780
903 4781
4368 4782
2170 4783
2511 4784
2966 4785
4248 4786
2718 4787
1009 4788
134 4789
2242 4790
2081 4791
451 4792
2017 4793
55 4794
549 4795
2184 4796
1338 4797
3210 4798
4385 4799
2578 4800
33 4801
363 4802
2001 4803
1286 4804
1978 4805
499 4806
1984 4807
50 4808
2928 4809
2456 4810
3145 4811
3848 4812
3580 4813
1690 4814
2196 4815
2385 4816
3079 4817
3604 4818
1810 4819
165 4820
824 4821
910 4822
1914 4823
3802 4824
2573 4825
4659 4826
1343 4827
2255 4828
3489 4829
2856 4830
3247 4831
700 4832
1752 4833
2841 4834
3314 4835
2272 4836
1387 4837
3160 4838
1297 4839
2206 4840
929 4841
4058 4842
3784 4843
402 4844
467 4845
2684 4846
2 4847
2614 4848
4241 4849
48 4850
4737 4851
3792 4852
3865 4853
3057 4854
1122 4855
4084 4856
1235 4857
3090 4858
429 4859
1965 4860
1202 4861
4483 4862
1963 4863
4053 4864
3259 4865
1689 4866
419 4867
4038 4868
340 4869
2048 4870
2882 4871
2263 4872
553 4873
2501 4874
1129 4875
4113 4876
4744 4877
63 4878
2127 4879
4497 4880
3228 4881
1685 4882
2609 4883
1885 4884
1798 4885
1965 4886
2762 4887
3248 4888
2540 4889
1233 4890
3926 4891
3381 4892
4888 4893
2420 4894
3278 4895
2305 4896
404 4897
4142 4898
4728 4899
4395 4900
616 4901
1728 4902
3178 4903
3189 4904
686 4905
516 4906
137 4907
3631 4908
2530 4909
3404 4910
632 4911
705 4912
2740 4913
1759 4914
3164 4915
1995 4916
4552 4917
1849 4918
2432 4919
4394 4920
4131 4921
3862 4922
1383 4923
1485 4924
571 4925
702 4926
1446 4927
410 4928
4670 4929
1101 4930
3765 4931
2928 4932
3819 4933
4817 4934
3208 4935
2954 4936
3656 4937
1372 4938
3743 4939
1954 4940
655 4941
2001 4942
4903 4943
236 4944
3701 4945
651 4946
3520 4947
3727 4948
3557 4949
4336 4950
1817 4951
2292 4952
572 4953
2369 4954
1898 4955
804 4956
3833 4957
1783 4958
3487 4959
4798 4960
4837 4961
4305 4962
2073 4963
4089 4964
3780 4965
3715 4966
3716 4967
1389 4968
1916 4969
156 4970
1955 4971
2355 4972
3403 4973
775 4974
2845 4975
4150 4976
784 4977
567 4978
4890 4979
4466 4980
1449 4981
1045 4982
3655 4983
2470 4984
840 4985
1869 4986
56 4987
2964 4988
3859 4989
4303 4990
20 4991
2561 4992
415 4993
2042 4994
2267 4995
668 4996
450 4997
1859 4998
537 4999
626 5000
4961 5001
3807 5002
4736 5003
306 5004
1447 5005
2680 5006
2560 5007
2418 5008
4998 5009
4904 5010
968 5011
4120 5012
2802 5013
4343 5014
1164 5015
3458 5016
1654 5017
3962 5018
643 5019
4381 5020
4575 5021
2789 5022
3013 5023
4299 5024
1231 5025
606 5026
1103 5027
4628 5028
3888 5029
1099 5030
1385 5031
3709 5032
1299 5033
793 5034
250 5035
4846 5036
4692 5037
4236 5038
2791 5039
2124 5040
2501 5041
1890 5042
658 5043
1033 5044
3350 5045
4222 5046
1134 5047
2562 5048
4334 5049
2600 5050
4740 5051
2543 5052
704 5053
4120 5054
1896 5055
3391 5056
914 5057
4119 5058
3835 5059
3711 5060
1845 5061
604 5062
1030 5063
2093 5064
3170 5065
3649 5066
3249 5067
2136 5068
3258 5069
2373 5070
2127 5071
3389 5072
923 5073
2146 5074
1182 5075
5 5076
1064 5077
2415 5078
3153 5079
3323 5080
5016 5081
4470 5082
414 5083
2865 5084
1651 5085
2800 5086
1134 5087
240 5088
4697 5089
2102 5090
3818 5091
3576 5092
3883 5093
2653 5094
701 5095
1875 5096
3817 5097
2091 5098
1709 5099
2208 5100
4135 5101
3912 5102
3539 5103
3240 5104
3682 5105
1947 5106
2962 5107
248 5108
257 5109
809 5110
1200 5111
337 5112
2865 5113
3416 5114
3485 5115
75 5116
1406 5117
1451 5118
4886 5119
4537 5120
3204 5121
513 5122
1010 5123
2622 5124
893 5125
4131 5126
4136 5127
4554 5128
4566 5129
1559 5130
529 5131
67 5132
3863 5133
2107 5134
3256 5135
227 5136
3806 5137
646 5138
4881 5139
4255 5140
1980 5141
1827 5142
3676 5143
3386 5144
305 5145
71 5146
4392 5147
3322 5148
2192 5149
3506 5150
156 5151
1686 5152
3139 5153
4570 5154
1640 5155
732 5156
250 5157
762 5158
4012 5159
1265 5160
1229 5161
197 5162
4092 5163
78 5164
2427 5165
3998 5166
4620 5167
1178 5168
865 5169
3756 5170
2361 5171
1464 5172
3089 5173
781 5174
4465 5175
3906 5176
5112 5177
3821 5178
2345 5179
3207 5180
13 5181
1628 5182
2736 5183
147 5184
1238 5185
1740 5186
5086 5187
525 5188
2468 5189
856 5190
3970 5191
3726 5192
1231 5193
1123 5194
198 5195
1249 5196
4226 5197
3681 5198
855 5199
2416 5200
2654 5201
96 5202
2308 5203
4452 5204
540 5205
1471 5206
1289 5207
4047 5208
3186 5209
3926 5210
3287 5211
1994 5212
2987 5213
1349 5214
3630 5215
44 5216
934 5217
3367 5218
4761 5219
3366 5220
2736 5221
508 5222
1527 5223
3778 5224
2175 5225
1395 5226
151 5227
2670 5228
1567 5229
2626 5230
512 5231
1959 5232
2634 5233
1338 5234
1985 5235
3415 5236
2352 5237
3465 5238
1286 5239
1370 5240
4526 5241
4426 5242
1917 5243
2502 5244
59 5245
2094 5246
1483 5247
5247 5248
1844 5249
2910 5250
1055 5251
1138 5252
3529 5253
4616 5254
2993 5255
970 5256
2601 5257
4835 5258
1237 5259
1694 5260
4678 5261
828 5262
1850 5263
3960 5264
787 5265
1494 5266
3875 5267
3346 5268
1628 5269
1478 5270
3395 5271
1791 5272
4815 5273
176 5274
4843 5275
4460 5276
1433 5277
246 5278
1890 5279
3651 5280
390 5281
1428 5282
4514 5283
2333 5284
3756 5285
544 5286
4041 5287
1098 5288
4091 5289
3298 5290
4667 5291
4401 5292
1585 5293
3206 5294
4892 5295
181 5296
4566 5297
1431 5298
470 5299
4289 5300
118 5301
314 5302
4619 5303
4837 5304
2552 5305
3423 5306
3100 5307
4069 5308
4793 5309
4235 5310
5010 5311
1961 5312
2393 5313
2749 5314
1205 5315
1365 5316
1811 5317
965 5318
4003 5319
3607 5320
2766 5321
962 5322
3975 5323
3543 5324
2137 5325
4424 5326
365 5327
3580 5328
1048 5329
5080 5330
2574 5331
4647 5332
1026 5333
1445 5334
1988 5335
4692 5336
1231 5337
1669 5338
5251 5339
2697 5340
1604 5341
3038 5342
1815 5343
5203 5344
838 5345
3531 5346
1418 5347
2934 5348
4181 5349
1067 5350
2847 5351
1237 5352
3578 5353
3649 5354
3791 5355
1361 5356
3053 5357
5228 5358
3109 5359
2242 5360
3084 5361
4964 5362
2305 5363
567 5364
2476 5365
1754 5366
4171 5367
321 5368
2519 5369
3565 5370
2519 5371
5088 5372
3063 5373
3105 5374
1859 5375
511 5376
3971 5377
3024 5378
742 5379
3105 5380
4397 5381
1127 5382
5116 5383
5238 5384
4529 5385
596 5386
3224 5387
3342 5388
247 5389
1015 5390
533 5391
272 5392
2612 5393
4151 5394
5361 5395
3592 5396
1821 5397
969 5398
4078 5399
2119 5400
3136 5401
2298 5402
1472 5403
3804 5404
3025 5405
229 5406
1399 5407
1974 5408
471 5409
536 5410
38 5411
4988 5412
138 5413
4310 5414
4859 5415
323 5416
5025 5417
5197 5418
1864 5419
5021 5420
3921 5421
2741 5422
1293 5423
3022 5424
987 5425
1209 5426
4112 5427
2752 5428
1662 5429
4413 5430
4836 5431
944 5432
3444 5433
1206 5434
3093 5435
133 5436
2644 5437
450 5438
2168 5439
3592 5440
989 5441
2096 5442
2108 5443
1456 5444
2387 5445
4576 5446
4666 5447
1951 5448
2085 5449
481 5450
361 5451
3220 5452
3356 5453
4113 5454
2423 5455
2316 5456
66 5457
353 5458
4298 5459
3399 5460
875 5461
2846 5462
1511 5463
3793 5464
3459 5465
3283 5466
5290 5467
1044 5468
3368 5469
3931 5470
2110 5471
1654 5472
1248 5473
5294 5474
73 5475
5030 5476
4469 5477
4108 5478
3786 5479
4833 5480
2149 5481
4121 5482
4656 5483
2359 5484
4988 5485
616 5486
4205 5487
405 5488
673 5489
2409 5490
661 5491
553 5492
4762 5493
2207 5494
1249 5495
161 5496
4919 5497
2845 5498
569 5499
4107 5500
3162 5501
1883 5502
3123 5503
4246 5504
150 5505
1596 5506
1111 5507
597 5508
4886 5509
136 5510
2839 5511
1872 5512
176 5513
1091 5514
3435 5515
1451 5516
5244 5517
3348 5518
1757 5519
4413 5520
2178 5521
735 5522
1292 5523
4413 5524
4170 5525
5294 5526
1300 5527
4244 5528
3061 5529
2040 5530
2135 5531
393 5532
4498 5533
4486 5534
3539 5535
1681 5536
1762 5537
1297 5538
478 5539
5363 5540
1023 5541
3680 5542
1350 5543
4900 5544
1723 5545
1505 5546
1209 5547
1744 5548
1274 5549
1144 5550
5085 5551
5392 5552
1250 5553
419 5554
2938 5555
3168 5556
5550 5557
4197 5558
918 5559
454 5560
4460 5561
1711 5562
5193 5563
4804 5564
3669 5565
740 5566
3826 5567
76 5568
24 5569
5466 5570
4942 5571
4180 5572
1020 5573
1153 5574
1282 5575
2316 5576
1498 5577
3709 5578
708 5579
2538 5580
990 5581
2437 5582
3714 5583
2921 5584
3018 5585
1690 5586
3011 5587
1233 5588
4544 5589
5132 5590
1381 5591
2403 5592
5157 5593
176 5594
4812 5595
5568 5596
2744 5597
2657 5598
4131 5599
574 5600
5225 5601
3429 5602
1029 5603
475 5604
3510 5605
1831 5606
4590 5607
3284 5608
4944 5609
961 5610
3442 5611
3538 5612
4042 5613
2053 5614
4181 5615
1229 5616
2009 5617
1730 5618
3058 5619
4575 5620
4152 5621
1723 5622
2519 5623
2614 5624
2307 5625
2165 5626
3618 5627
4369 5628
578 5629
2999 5630
5178 5631
3050 5632
4 5633
304 5634
4367 5635
2971 5636
4123 5637
5317 5638
288 5639
4675 5640
1430 5641
4000 5642
5090 5643
4258 5644
2174 5645
3612 5646
3761 5647
3142 5648
2006 5649
2100 5650
4478 5651
2704 5652
599 5653
764 5654
2276 5655
1970 5656
4616 5657
2497 5658
672 5659
1285 5660
146 5661
3230 5662
2615 5663
4259 5664
215 5665
2617 5666
2577 5667
1889 5668
172 5669
5569 5670
22 5671
4973 5672
2822 5673
1351 5674
181 5675
4156 5676
2222 5677
3839 5678
1932 5679
4976 5680
2664 5681
4133 5682
2205 5683
1812 5684
3417 5685
1787 5686
5590 5687
1125 5688
4732 5689
4645 5690
5109 5691
882 5692
4199 5693
4951 5694
5610 5695
3217 5696
1332 5697
2591 5698
1813 5699
2846 5700
5444 5701
1643 5702
1783 5703
4254 5704
4876 5705
4378 5706
2055 5707
228 5708
27 5709
5426 5710
5225 5711
1791 5712
2953 5713
3094 5714
1454 5715
4547 5716
5648 5717
4701 5718
5220 5719
2443 5720
4417 5721
5453 5722
3696 5723
2504 5724
340 5725
132 5726
5270 5727
1720 5728
1465 5729
5688 5730
2591 5731
3564 5732
1102 5733
5196 5734
2619 5735
4839 5736
2051 5737
3026 5738
2882 5739
3017 5740
1026 5741
1644 5742
1709 5743
2248 5744
2749 5745
5369 5746
227 5747
2546 5748
71 5749
189 5750
5318 5751
209 5752
1704 5753
245 5754
291 5755
3426 5756
1104 5757
3460 5758
5534 5759
1071 5760
3463 5761
4175 5762
770 5763
5471 5764
5046 5765
5033 5766
4738 5767
973 5768
5077 5769
1970 5770
2863 5771
2629 5772
2563 5773
1971 5774
1603 5775
1216 5776
3549 5777
1122 5778
310 5779
290 5780
2692 5781
3224 5782
2570 5783
3473 5784
2685 5785
2210 5786
1733 5787
2982 5788
3227 5789
2196 5790
2438 5791
1727 5792
3693 5793
697 5794
4736 5795
2654 5796
689 5797
3362 5798
4336 5799
2766 5800
1529 5801
4976 5802
4646 5803
3555 5804
1019 5805
3551 5806
2086 5807
2278 5808
581 5809
3528 5810
1192 5811
1153 5812
4500 5813
3224 5814
215 5815
301 5816
1895 5817
3175 5818
2322 5819
4739 5820
2016 5821
2712 5822
2833 5823
624 5824
2700 5825
338 5826
4978 5827
5331 5828
457 5829
4020 5830
689 5831
1175 5832
4755 5833
1760 5834
4853 5835
3659 5836
2710 5837
4856 5838
4763 5839
3608 5840
4170 5841
3470 5842
4937 5843
1385 5844
5600 5845
1749 5846
684 5847
222 5848
4771 5849
3951 5850
4139 5851
550 5852
5593 5853
5495 5854
453 5855
2222 5856
3421 5857
2216 5858
991 5859
5178 5860
5190 5861
4444 5862
838 5863
5640 5864
4071 5865
4552 5866
1003 5867
4990 5868
987 5869
4957 5870
821 5871
813 5872
2941 5873
3085 5874
3362 5875
3892 5876
520 5877
1923 5878
1887 5879
190 5880
2295 5881
4349 5882
5721 5883
872 5884
940 5885
2957 5886
4220 5887
2323 5888
2435 5889
4794 5890
2853 5891
2751 5892
5294 5893
4168 5894
1230 5895
490 5896
5753 5897
5756 5898
4668 5899
5851 5900
5203 5901
5703 5902
1052 5903
2997 5904
4551 5905
1313 5906
4115 5907
4443 5908
3680 5909
2815 5910
2503 5911
176 5912
3167 5913
2205 5914
921 5915
44 5916
1047 5917
4475 5918
5881 5919
2562 5920
4667 5921
1588 5922
1301 5923
2319 5924
5238 5925
1972 5926
409 5927
779 5928
3371 5929
2916 5930
1751 5931
5078 5932
784 5933
586 5934
1900 5935
4189 5936
5635 5937
743 5938
3104 5939
829 5940
862 5941
5802 5942
377 5943
1267 5944
2978 5945
4490 5946
4973 5947
1914 5948
217 5949
5756 5950
1206 5951
1486 5952
1264 5953
1441 5954
2066 5955
3704 5956
3158 5957
497 5958
3975 5959
4073 5960
341 5961
3898 5962
1491 5963
3725 5964
2555 5965
3536 5966
2749 5967
745 5968
5555 5969
2510 5970
5897 5971
3387 5972
1189 5973
275 5974
1872 5975
3195 5976
2469 5977
5640 5978
5391 5979
3334 5980
3030 5981
5361 5982
4855 5983
3008 5984
3891 5985
996 5986
1161 5987
1097 5988
5553 5989
3323 5990
2529 5991
3250 5992
3156 5993
1901 5994
4719 5995
372 5996
5197 5997
2189 5998
5149 5999
2718 6000
3566 6001
5580 6002
5007 6003
3725 6004
5801 6005
1806 6006
996 6007
2265 6008
5463 6009
4027 6010
2693 6011
4916 6012
1630 6013
223 6014
5417 6015
1122 6016
143 6017
5639 6018
4538 6019
5327 6020
4169 6021
5951 6022
1537 6023
2705 6024
1277 6025
4061 6026
2626 6027
3669 6028
5731 6029
5750 6030
1849 6031
2438 6032
5594 6033
743 6034
3096 6035
1828 6036
257 6037
2652 6038
279 6039
4658 6040
3181 6041
5860 6042
155 6043
4231 6044
2532 6045
6018 6046
1630 6047
4324 6048
4193 6049
3707 6050
1031 6051
4282 6052
2454 6053
1127 6054
3120 6055
2866 6056
2242 6057
4115 6058
3821 6059
4021 6060
44 6061
1003 6062
1018 6063
2249 6064
4147 6065
5269 6066
4672 6067
2786 6068
3707 6069
1320 6070
4783 6071
4494 6072
5598 6073
2103 6074
2403 6075
4799 6076
5444 6077
5848 6078
2269 6079
5027 6080
5749 6081
2260 6082
3744 6083
2388 6084
2781 6085
268 6086
1893 6087
1381 6088
5578 6089
3019 6090
5594 6091
4186 6092
4485 6093
1775 6094
4015 6095
3466 6096
3883 6097
4072 6098
1666 6099
4727 6100
1585 6101
2372 6102
5591 6103
4172 6104
4662 6105
567 6106
1971 6107
764 6108
3490 6109
4266 6110
5877 6111
2767 6112
1338 6113
2954 6114
5888 6115
1821 6116
3594 6117
2642 6118
4842 6119
628 6120
3548 6121
2807 6122
265 6123
933 6124
1641 6125
3729 6126
5988 6127
1421 6128
1986 6129
5244 6130
2800 6131
775 6132
4686 6133
553 6134
4824 6135
5721 6136
5435 6137
4394 6138
3382 6139
3868 6140
96 6141
2455 6142
1101 6143
1744 6144
2958 6145
3817 6146
2796 6147
4702 6148
2605 6149
843 6150
1161 6151
2189 6152
3932 6153
1776 6154
2548 6155
379 6156
5234 6157
4119 6158
5485 6159
1339 6160
4324 6161
3559 6162
3648 6163
4689 6164
1230 6165
5928 6166
5421 6167
5482 6168
2617 6169
4269 6170
2313 6171
5917 6172
1753 6173
460 6174
1823 6175
1153 6176
1758 6177
711 6178
2978 6179
5020 6180
5408 6181
3495 6182
4365 6183
3157 6184
1959 6185
5356 6186
2024 6187
5269 6188
4669 6189
1479 6190
4535 6191
4490 6192
4882 6193
5575 6194
2936 6195
782 6196
4835 6197
3635 6198
555 6199
2039 6200
130 6201
6160 6202
3291 6203
2748 6204
3472 6205
3879 6206
850 6207
2932 6208
5096 6209
1179 6210
4029 6211
663 6212
3158 6213
3399 6214
5977 6215
5243 6216
1258 6217
2954 6218
4956 6219
5967 6220
2622 6221
3309 6222
2319 6223
1943 6224
1707 6225
5074 6226
1897 6227
888 6228
474 6229
1776 6230
375 6231
2515 6232
1535 6233
2595 6234
3704 6235
308 6236
4445 6237
4216 6238
5627 6239
2827 6240
2763 6241
5482 6242
2959 6243
5475 6244
646 6245
2807 6246
2616 6247
232 6248
5850 6249
1824 6250
1322 6251
4684 6252
1500 6253
1231 6254
1085 6255
1500 6256
663 6257
5005 6258
514 6259
3705 6260
5405 6261
5835 6262
1468 6263
3128 6264
1838 6265
2726 6266
3472 6267
4973 6268
639 6269
4593 6270
1959 6271
6002 6272
2635 6273
1032 6274
6171 6275
1754 6276
443 6277
903 6278
566 6279
2283 6280
4300 6281
4623 6282
2251 6283
1539 6284
1614 6285
3270 6286
1410 6287
6122 6288
2151 6289
5495 6290
5480 6291
3248 6292
1080 6293
402 6294
5369 6295
5522 6296
5198 6297
2543 6298
3052 6299
3844 6300
410 6301
677 6302
3302 6303
5149 6304
6107 6305
3126 6306
5491 6307
2350 6308
2931 6309
4524 6310
4438 6311
6169 6312
2423 6313
3786 6314
1515 6315
1682 6316
5465 6317
295 6318
3755 6319
4733 6320
5789 6321
1851 6322
5552 6323
4000 6324
210 6325
1050 6326
5080 6327
2833 6328
2850 6329
3702 6330
4637 6331
1033 6332
2197 6333
4627 6334
5035 6335
1372 6336
6215 6337
3507 6338
3390 6339
5550 6340
1067 6341
1477 6342
5281 6343
5095 6344
2790 6345
6078 6346
3472 6347
6055 6348
5734 6349
4780 6350
4429 6351
546 6352
4613 6353
3219 6354
1414 6355
2009 6356
4802 6357
2902 6358
3305 6359
5812 6360
4139 6361
3634 6362
3755 6363
3494 6364
5684 6365
729 6366
3392 6367
6026 6368
2945 6369
2547 6370
16 6371
4177 6372
854 6373
3503 6374
4175 6375
4043 6376
82 6377
1036 6378
4045 6379
4446 6380
4310 6381
3859 6382
5239 6383
2527 6384
952 6385
6211 6386
154 6387
5860 6388
1038 6389
931 6390
4747 6391
288 6392
517 6393
1692 6394
2754 6395
2383 6396
5159 6397
5106 6398
1813 6399
79 6400
2086 6401
476 6402
338 6403
4517 6404
3681 6405
5716 6406
4983 6407
3824 6408
4365 6409
3217 6410
2758 6411
2008 6412
4134 6413
1686 6414
348 6415
2843 6416
4157 6417
5961 6418
5712 6419
1770 6420
4120 6421
207 6422
2784 6423
1004 6424
5799 6425
4172 6426
3684 6427
1997 6428
3804 6429
1794 6430
3122 6431
5607 6432
2738 6433
4493 6434
1882 6435
3517 6436
4296 6437
1571 6438
2164 6439
1320 6440
5418 6441
3307 6442
2242 6443
1874 6444
4680 6445
852 6446
1567 6447
2562 6448
2980 6449
200 6450
945 6451
671 6452
2496 6453
5201 6454
244 6455
5845 6456
1458 6457
4074 6458
1478 6459
3076 6460
4973 6461
2934 6462
2294 6463
6042 6464
2133 6465
3739 6466
483 6467
1632 6468
2777 6469
5646 6470
3625 6471
480 6472
4869 6473
5710 6474
518 6475
6128 6476
3989 6477
1183 6478
6295 6479
2067 6480
5343 6481
3754 6482
6157 6483
1316 6484
6122 6485
4430 6486
2952 6487
3137 6488
3542 6489
766 6490
4343 6491
3812 6492
1078 6493
2096 6494
1411 6495
3254 6496
1254 6497
1864 6498
3885 6499
5676 6500
3052 6501
4527 6502
2465 6503
3439 6504
4653 6505
3152 6506
5127 6507
3626 6508
6356 6509
2836 6510
4830 6511
1771 6512
105 6513
2943 6514
5247 6515
3138 6516
3094 6517
5202 6518
839 6519
4441 6520
6257 6521
3831 6522
664 6523
2565 6524
2353 6525
2528 6526
1348 6527
3278 6528
4704 6529
303 6530
2940 6531
1048 6532
5034 6533
1758 6534
3825 6535
4925 6536
4033 6537
2051 6538
4935 6539
2583 6540
321 6541
3293 6542
3762 6543
3393 6544
290 6545
4985 6546
5640 6547
4835 6548
1332 6549
2193 6550
1626 6551
5928 6552
2242 6553
911 6554
5226 6555
381 6556
3334 6557
2310 6558
5335 6559
4023 6560
6418 6561
1378 6562
3319 6563
6358 6564
4503 6565
576 6566
2080 6567
4892 6568
5301 6569
1460 6570
288 6571
5202 6572
1341 6573
3696 6574
489 6575
3059 6576
6503 6577
1485 6578
5921 6579
1143 6580
1271 6581
192 6582
2138 6583
4970 6584
3522 6585
4217 6586
1732 6587
1558 6588
1922 6589
4293 6590
1908 6591
4200 6592
4800 6593
2809 6594
2689 6595
3597 6596
4945 6597
553 6598
2916 6599
4766 6600
3217 6601
3556 6602
6204 6603
2460 6604
4456 6605
336 6606
4727 6607
5126 6608
6476 6609
5183 6610
5659 6611
6443 6612
452 6613
778 6614
5122 6615
6184 6616
1555 6617
2900 6618
5482 6619
57 6620
4245 6621
1053 6622
4570 6623
2999 6624
5733 6625
5073 6626
4950 6627
4072 6628
2022 6629
4745 6630
4077 6631
2887 6632
398 6633
2311 6634
2216 6635
3098 6636
3619 6637
3054 6638
6105 6639
374 6640
83 6641
4664 6642
3267 6643
5229 6644
2244 6645
5387 6646
1645 6647
5913 6648
3775 6649
195 6650
5737 6651
1053 6652
2366 6653
2848 6654
4709 6655
1871 6656
242 6657
3096 6658
2035 6659
6618 6660
3431 6661
6402 6662
6264 6663
1751 6664
4149 6665
4866 6666
2252 6667
2472 6668
4801 6669
6003 6670
441 6671
3232 6672
6297 6673
6607 6674
3500 6675
5615 6676
4965 6677
1895 6678
1601 6679
2865 6680
4498 6681
2704 6682
2059 6683
2338 6684
4409 6685
2393 6686
4079 6687
6403 6688
1737 6689
2922 6690
2781 6691
651 6692
4962 6693
6209 6694
6183 6695
186 6696
5252 6697
1300 6698
77 6699
6063 6700
307 6701
252 6702
1715 6703
755 6704
3733 6705
4913 6706
5540 6707
6209 6708
5215 6709
2861 6710
5684 6711
5421 6712
4651 6713
2979 6714
2645 6715
6662 6716
6466 6717
2219 6718
2075 6719
5235 6720
1074 6721
4443 6722
6591 6723
5466 6724
6286 6725
2081 6726
4464 6727
1090 6728
3820 6729
3859 6730
4213 6731
3386 6732
2101 6733
2868 6734
874 6735
2898 6736
5260 6737
2067 6738
2952 6739
5243 6740
1667 6741
5098 6742
5871 6743
392 6744
5165 6745
3180 6746
5230 6747
979 6748
6558 6749
1712 6750
2937 6751
3507 6752
2522 6753
6031 6754
6739 6755
4454 6756
5163 6757
6055 6758
799 6759
1464 6760
3225 6761
2150 6762
4923 6763
3486 6764
2864 6765
12 6766
6079 6767
2516 6768
197 6769
4347 6770
6038 6771
428 6772
4624 6773
4883 6774
2607 6775
352 6776
2524 6777
6561 6778
2619 6779
4760 6780
3484 6781
4890 6782
1182 6783
5542 6784
6659 6785
3052 6786
537 6787
709 6788
2289 6789
1898 6790
142 6791
5220 6792
4809 6793
112 6794
891 6795
3518 6796
2606 6797
4939 6798
3502 6799
842 6800
2620 6801
5843 6802
6400 6803
2913 6804
4582 6805
3188 6806
6569 6807
2749 6808
4292 6809
6315 6810
4220 6811
4568 6812
711 6813
3905 6814
1716 6815
5110 6816
2129 6817
5743 6818
5398 6819
2720 6820
4700 6821
5833 6822
5341 6823
4462 6824
1293 6825
3596 6826
1524 6827
5163 6828
5024 6829
6128 6830
3015 6831
2725 6832
6420 6833
4207 6834
2206 6835
2090 6836
5854 6837
4558 6838
3612 6839
5471 6840
5249 6841
3510 6842
834 6843
5162 6844
3689 6845
3040 6846
1734 6847
1108 6848
5978 6849
6134 6850
804 6851
1860 6852
4873 6853
4722 6854
5923 6855
5024 6856
468 6857
4522 6858
1350 6859
3756 6860
4814 6861
3395 6862
4934 6863
5148 6864
4337 6865
5227 6866
6009 6867
516 6868
1139 6869
3389 6870
589 6871
6565 6872
3774 6873
277 6874
2531 6875
6789 6876
643 6877
4052 6878
2204 6879
5910 6880
1646 6881
2953 6882
3038 6883
1132 6884
4775 6885
4908 6886
6103 6887
5291 6888
4019 6889
1030 6890
4691 6891
5987 6892
2177 6893
5252 6894
1546 6895
6684 6896
6689 6897
4313 6898
321 6899
237 6900
5367 6901
1000 6902
2571 6903
1807 6904
6432 6905
65 6906
6048 6907
222 6908
6134 6909
1749 6910
2090 6911
6414 6912
4229 6913
921 6914
2076 6915
3297 6916
5848 6917
1663 6918
2459 6919
4455 6920
4713 6921
5758 6922
5409 6923
2217 6924
6085 6925
3368 6926
3081 6927
4061 6928
2610 6929
336 6930
861 6931
5845 6932
3041 6933
5444 6934
6775 6935
2870 6936
1237 6937
3238 6938
6921 6939
6356 6940
2348 6941
3855 6942
873 6943
1896 6944
1312 6945
3524 6946
3152 6947
6017 6948
3018 6949
4808 6950
539 6951
2847 6952
3560 6953
1958 6954
5548 6955
2971 6956
1678 6957
4421 6958
1274 6959
4114 6960
5764 6961
2721 6962
1624 6963
468 6964
1354 6965
5007 6966
4080 6967
1451 6968
2848 6969
2917 6970
669 6971
4613 6972
6752 6973
6844 6974
3792 6975
4464 6976
5672 6977
3681 6978
2124 6979
592 6980
1070 6981
1328 6982
1987 6983
414 6984
3770 6985
6018 6986
1807 6987
6347 6988
6267 6989
6911 6990
3145 6991
5809 6992
5152 6993
1925 6994
3911 6995
4158 6996
4152 6997
3497 6998
2770 6999
3221 7000
2723 7001
4876 7002
16 7003
1146 7004
2842 7005
4181 7006
164 7007
2571 7008
4398 7009
2755 7010
4635 7011
2032 7012
2205 7013
3759 7014
4206 7015
4246 7016
662 7017
2495 7018
1375 7019
3485 7020
5511 7021
1336 7022
5381 7023
1810 7024
351 7025
1373 7026
6488 7027
6389 7028
1186 7029
5454 7030
4953 7031
1127 7032
2042 7033
3950 7034
5105 7035
5061 7036
4628 7037
5222 7038
1975 7039
5917 7040
1502 7041
1212 7042
5878 7043
1909 7044
5944 7045
321 7046
2944 7047
3615 7048
934 7049
1134 7050
5325 7051
1571 7052
6069 7053
6588 7054
4950 7055
1975 7056
5495 7057
1009 7058
1375 7059
200 7060
4957 7061
4124 7062
2739 7063
6712 7064
2065 7065
2013 7066
737 7067
3403 7068
3307 7069
5357 7070
2341 7071
6699 7072
6473 7073
6015 7074
1895 7075
4846 7076
6032 7077
5772 7078
5893 7079
5717 7080
445 7081
4520 7082
934 7083
6713 7084
5172 7085
681 7086
3721 7087
2739 7088
2491 7089
1510 7090
4280 7091
2463 7092
2603 7093
2733 7094
2900 7095
4221 7096
5112 7097
1229 7098
4819 7099
1373 7100
2284 7101
3191 7102
6848 7103
4678 7104
1482 7105
2596 7106
6486 7107
5652 7108
3183 7109
1710 7110
3703 7111
2466 7112
6553 7113
4266 7114
5571 7115
3888 7116
5814 7117
804 7118
2035 7119
3280 7120
6525 7121
5285 7122
2777 7123
1399 7124
1702 7125
4614 7126
4305 7127
5206 7128
3075 7129
7044 7130
6979 7131
5947 7132
1137 7133
245 7134
4177 7135
6318 7136
100 7137
6912 7138
2958 7139
4247 7140
2610 7141
3229 7142
5890 7143
6072 7144
3595 7145
6260 7146
4748 7147
6721 7148
4932 7149
4183 7150
1792 7151
5684 7152
6246 7153
2405 7154
4524 7155
4155 7156
5326 7157
4171 7158
2946 7159
5924 7160
4283 7161
824 7162
7073 7163
2943 7164
805 7165
6984 7166
6144 7167
5333 7168
3071 7169
2112 7170
5437 7171
4347 7172
6881 7173
4383 7174
995 7175
6165 7176
3020 7177
4366 7178
5345 7179
4156 7180
4164 7181
4547 7182
4230 7183
3229 7184
2919 7185
2307 7186
3969 7187
1019 7188
6278 7189
5222 7190
6907 7191
1320 7192
5611 7193
1639 7194
6873 7195
2454 7196
728 7197
4377 7198
3909 7199
2575 7200
2493 7201
3579 7202
7086 7203
6809 7204
3524 7205
255 7206
43 7207
4923 7208
3888 7209
708 7210
22 7211
5542 7212
2305 7213
1076 7214
3208 7215
6921 7216
6095 7217
3743 7218
4557 7219
6692 7220
511 7221
3208 7222
3150 7223
2606 7224
6813 7225
4810 7226
1429 7227
2440 7228
6970 7229
4793 7230
2902 7231
5555 7232
2189 7233
6075 7234
3027 7235
2938 7236
4900 7237
1631 7238
1452 7239
6362 7240
5377 7241
3352 7242
1137 7243
2155 7244
5598 7245
5966 7246
5789 7247
3199 7248
4206 7249
2947 7250
2210 7251
4458 7252
1138 7253
4114 7254
521 7255
5376 7256
4227 7257
1189 7258
6248 7259
3073 7260
118 7261
5137 7262
1749 7263
1583 7264
5434 7265
1501 7266
6082 7267
3660 7268
3584 7269
4027 7270
3098 7271
4326 7272
1743 7273
2748 7274
3332 7275
3629 7276
85 7277
5110 7278
2637 7279
1719 7280
176 7281
4035 7282
5253 7283
3458 7284
2323 7285
4946 7286
6067 7287
3642 7288
3974 7289
7188 7290
2773 7291
7057 7292
5503 7293
5099 7294
5961 7295
633 7296
224 7297
5785 7298
546 7299
4256 7300
5463 7301
4077 7302
880 7303
3400 7304
5801 7305
3817 7306
6751 7307
5978 7308
11 7309
880 7310
2876 7311
2617 7312
3808 7313
3063 7314
1576 7315
6897 7316
5498 7317
1258 7318
5762 7319
355 7320
1498 7321
3779 7322
3978 7323
3003 7324
293 7325
1196 7326
7305 7327
3040 7328
5715 7329
1911 7330
3787 7331
2644 7332
2347 7333
3568 7334
2912 7335
3986 7336
3395 7337
3833 7338
5533 7339
6666 7340
1833 7341
2150 7342
600 7343
7268 7344
4837 7345
1847 7346
6746 7347
5700 7348
3533 7349
4322 7350
1018 7351
3358 7352
5721 7353
5739 7354
4894 7355
6257 7356
3245 7357
1938 7358
6929 7359
6974 7360
632 7361
1509 7362
2208 7363
4331 7364
3519 7365
7316 7366
5640 7367
1849 7368
5079 7369
3619 7370
1648 7371
7291 7372
5259 7373
1452 7374
4763 7375
165 7376
6695 7377
1051 7378
2753 7379
637 7380
2199 7381
4154 7382
149 7383
426 7384
6946 7385
173 7386
5101 7387
1946 7388
3493 7389
5427 7390
3653 7391
226 7392
3342 7393
2523 7394
1302 7395
359 7396
6224 7397
6682 7398
1443 7399
1774 7400
5717 7401
3361 7402
3503 7403
5014 7404
3495 7405
306 7406
5573 7407
2253 7408
3920 7409
4960 7410
4138 7411
257 7412
723 7413
4067 7414
7172 7415
1502 7416
3036 7417
5120 7418
4570 7419
4163 7420
6769 7421
1932 7422
1639 7423
55 7424
4269 7425
4659 7426
1173 7427
1461 7428
2305 7429
3703 7430
4213 7431
6270 7432
6883 7433
3730 7434
5474 7435
5446 7436
4288 7437
673 7438
1720 7439
7377 7440
1828 7441
6702 7442
830 7443
5289 7444
5635 7445
408 7446
6399 7447
588 7448
3511 7449
837 7450
4891 7451
5156 7452
1663 7453
5285 7454
3515 7455
4292 7456
6089 7457
7130 7458
477 7459
2061 7460
510 7461
150 7462
4870 7463
6498 7464
3039 7465
4877 7466
1641 7467
5633 7468
5252 7469
1750 7470
3540 7471
2463 7472
6593 7473
3172 7474
3097 7475
3467 7476
1779 7477
1464 7478
2322 7479
1240 7480
6055 7481
4667 7482
3373 7483
1016 7484
1459 7485
7127 7486
4512 7487
7191 7488
3368 7489
3622 7490
4939 7491
1982 7492
2259 7493
251 7494
2175 7495
5143 7496
6655 7497
2782 7498
221 7499
7395 7500
3364 7501
7202 7502
5255 7503
1980 7504
5500 7505
6084 7506
3923 7507
2877 7508
6616 7509
1334 7510
5197 7511
2153 7512
3189 7513
4785 7514
1292 7515
4660 7516
1104 7517
3094 7518
4878 7519
1088 7520
890 7521
6438 7522
4834 7523
1938 7524
1705 7525
1596 7526
2369 7527
4282 7528
3911 7529
3505 7530
5279 7531
5062 7532
1188 7533
1264 7534
5856 7535
799 7536
205 7537
4651 7538
830 7539
4626 7540
581 7541
606 7542
6426 7543
234 7544
5387 7545
6367 7546
2355 7547
4299 7548
7020 7549
1993 7550
6842 7551
1950 7552
2448 7553
4759 7554
2761 7555
5131 7556
4425 7557
5649 7558
6601 7559
5162 7560
4593 7561
5324 7562
2829 7563
761 7564
2641 7565
2632 7566
851 7567
6794 7568
1448 7569
5235 7570
3601 7571
4824 7572
3883 7573
3825 7574
4265 7575
5397 7576
6520 7577
1366 7578
6487 7579
5025 7580
2912 7581
694 7582
4219 7583
4543 7584
1193 7585
4426 7586
721 7587
4719 7588
300 7589
3788 7590
5514 7591
1794 7592
2836 7593
556 7594
3821 7595
3532 7596
3145 7597
6292 7598
4010 7599
463 7600
5837 7601
482 7602
599 7603
2277 7604
6782 7605
591 7606
4232 7607
1694 7608
4396 7609
3529 7610
7101 7611
1450 7612
378 7613
642 7614
2358 7615
2898 7616
3065 7617
1939 7618
2862 7619
5452 7620
1626 7621
4897 7622
5553 7623
1676 7624
1572 7625
3499 7626
538 7627
3580 7628
4276 7629
336 7630
6136 7631
4849 7632
5569 7633
2838 7634
2759 7635
7344 7636
2751 7637
3052 7638
2312 7639
921 7640
5629 7641
3760 7642
7204 7643
2487 7644
7370 7645
7217 7646
5982 7647
2270 7648
5397 7649
1561 7650
1462 7651
2324 7652
6828 7653
6861 7654
5960 7655
632 7656
221 7657
175 7658
1880 7659
7131 7660
813 7661
812 7662
3682 7663
1261 7664
102 7665
1658 7666
5413 7667
3712 7668
6865 7669
5767 7670
248 7671
4648 7672
2920 7673
4566 7674
5801 7675
6126 7676
2705 7677
2836 7678
5635 7679
4089 7680
5888 7681
5202 7682
5435 7683
6734 7684
5206 7685
835 7686
5051 7687
7263 7688
367 7689
3557 7690
3776 7691
1567 7692
1737 7693
470 7694
1025 7695
5444 7696
2954 7697
4067 7698
5007 7699
5529 7700
1959 7701
1795 7702
991 7703
2858 7704
3543 7705
1957 7706
2402 7707
6893 7708
4992 7709
130 7710
3332 7711
4169 7712
429 7713
981 7714
1708 7715
3185 7716
1778 7717
1175 7718
4784 7719
6187 7720
6778 7721
1727 7722
6970 7723
5772 7724
4816 7725
7602 7726
3120 7727
4953 7728
4047 7729
3756 7730
2231 7731
3463 7732
387 7733
7002 7734
5697 7735
4713 7736
438 7737
3925 7738
1643 7739
6826 7740
686 7741
6951 7742
732 7743
1632 7744
1905 7745
4955 7746
3929 7747
3611 7748
4776 7749
3339 7750
6180 7751
2860 7752
3960 7753
7007 7754
4953 7755
4157 7756
6303 7757
4364 7758
115 7759
5567 7760
7124 7761
1226 7762
3160 7763
5131 7764
5846 7765
2343 7766
1265 7767
3357 7768
3482 7769
2956 7770
6134 7771
2905 7772
444 7773
7177 7774
6692 7775
3 7776
109 7777
5589 7778
628 7779
3603 7780
4474 7781
3656 7782
5666 7783
354 7784
1609 7785
1280 7786
684 7787
4613 7788
4322 7789
4954 7790
4870 7791
4072 7792
5909 7793
6226 7794
77 7795
2703 7796
7355 7797
6605 7798
414 7799
6443 7800
7391 7801
1267 7802
5350 7803
955 7804
4585 7805
4586 7806
6433 7807
2459 7808
4296 7809
6356 7810
3659 7811
5154 7812
5458 7813
5487 7814
4684 7815
7481 7816
5331 7817
7364 7818
5457 7819
5147 7820
4601 7821
6146 7822
2557 7823
2601 7824
6512 7825
5516 7826
2950 7827
2260 7828
3196 7829
5930 7830
4220 7831
3029 7832
7514 7833
243 7834
4652 7835
4436 7836
6891 7837
3823 7838
245 7839
6871 7840
1077 7841
5006 7842
4781 7843
3879 7844
294 7845
6386 7846
3307 7847
2520 7848
3983 7849
2408 7850
5348 7851
7107 7852
7351 7853
2259 7854
5871 7855
4746 7856
1786 7857
4969 7858
1444 7859
1494 7860
1960 7861
2813 7862
7810 7863
6638 7864
3350 7865
4045 7866
6640 7867
2089 7868
2958 7869
7804 7870
2755 7871
26 7872
7516 7873
2951 7874
7669 7875
4605 7876
1398 7877
615 7878
1638 7879
1290 7880
1086 7881
6303 7882
6525 7883
6510 7884
3366 7885
1403 7886
2939 7887
1517 7888
5362 7889
3420 7890
1659 7891
3473 7892
923 7893
2406 7894
1734 7895
4081 7896
4140 7897
4159 7898
3385 7899
189 7900
465 7901
4339 7902
7234 7903
1269 7904
264 7905
6127 7906
7615 7907
5743 7908
5628 7909
2976 7910
621 7911
2488 7912
3600 7913
3509 7914
6768 7915
7833 7916
1691 7917
1074 7918
2212 7919
1486 7920
6681 7921
3975 7922
5625 7923
2552 7924
880 7925
987 7926
4470 7927
5693 7928
1622 7929
2674 7930
2124 7931
1352 7932
5826 7933
58 7934
1978 7935
4065 7936
906 7937
2623 7938
3148 7939
864 7940
249 7941
1200 7942
7060 7943
2077 7944
727 7945
3657 7946
2650 7947
7390 7948
4394 7949
6188 7950
4143 7951
2365 7952
1190 7953
6206 7954
5093 7955
1024 7956
1633 7957
5946 7958
4076 7959
6443 7960
916 7961
1804 7962
7667 7963
5663 7964
7413 7965
392 7966
4159 7967
2573 7968
3218 7969
476 7970
288 7971
7731 7972
3639 7973
4296 7974
7278 7975
6243 7976
3054 7977
6770 7978
4022 7979
4438 7980
630 7981
6404 7982
3684 7983
95 7984
6497 7985
7761 7986
216 7987
4560 7988
4125 7989
4360 7990
4519 7991
6521 7992
4780 7993
1015 7994
7234 7995
117 7996
1182 7997
170 7998
3128 7999
1013 8000
3972 8001
6776 8002
5282 8003
6954 8004
3040 8005
1157 8006
3743 8007
877 8008
3632 8009
6165 8010
2587 8011
4722 8012
4497 8013
6259 8014
4757 8015
5097 8016
753 8017
340 8018
1918 8019
3836 8020
7831 8021
3876 8022
1640 8023
2190 8024
3946 8025
807 8026
7741 8027
4288 8028
7085 8029
4771 8030
369 8031
4614 8032
4913 8033
4882 8034
7073 8035
5975 8036
122 8037
1553 8038
2121 8039
891 8040
5339 8041
1723 8042
5831 8043
2697 8044
3828 8045
1573 8046
7730 8047
905 8048
6337 8049
2039 8050
7189 8051
2032 8052
2294 8053
1808 8054
83 8055
7031 8056
1312 8057
1496 8058
2151 8059
1987 8060
2385 8061
5431 8062
5440 8063
5185 8064
1537 8065
2492 8066
7017 8067
2754 8068
4746 8069
4731 8070
583 8071
6789 8072
7145 8073
2903 8074
5577 8075
2186 8076
3479 8077
6307 8078
7383 8079
917 8080
3799 8081
3887 8082
3255 8083
6286 8084
3554 8085
3380 8086
5643 8087
6489 8088
2071 8089
6449 8090
6510 8091
3088 8092
1583 8093
1502 8094
351 8095
6033 8096
5990 8097
1775 8098
1330 8099
3464 8100
6105 8101
3160 8102
3182 8103
4835 8104
3704 8105
5762 8106
5514 8107
1737 8108
824 8109
2992 8110
4850 8111
1816 8112
166 8113
3135 8114
7566 8115
2390 8116
7445 8117
4341 8118
244 8119
7912 8120
5373 8121
3866 8122
886 8123
1378 8124
1117 8125
8036 8126
2095 8127
1829 8128
8056 8129
7935 8130
3229 8131
6606 8132
4601 8133
7579 8134
7341 8135
2351 8136
2343 8137
2057 8138
527 8139
7940 8140
4300 8141
6437 8142
6958 8143
7622 8144
28 8145
1561 8146
7177 8147
6281 8148
18 8149
2626 8150
4388 8151
6692 8152
5161 8153
1073 8154
303 8155
5279 8156
547 8157
2101 8158
2349 8159
3169 8160
7217 8161
3310 8162
4548 8163
7589 8164
6877 8165
6983 8166
3388 8167
1922 8168
3921 8169
7820 8170
3224 8171
3474 8172
6489 8173
7025 8174
6155 8175
6289 8176
5182 8177
5602 8178
2982 8179
4629 8180
7743 8181
6839 8182
6298 8183
4988 8184
6886 8185
151 8186
5729 8187
4717 8188
1855 8189
3977 8190
295 8191
1657 8192
7454 8193
3658 8194
3525 8195
1078 8196
2614 8197
2728 8198
5455 8199
4917 8200
3274 8201
6064 8202
7719 8203
3435 8204
3849 8205
1746 8206
3845 8207
3798 8208
2690 8209
6692 8210
6437 8211
4070 8212
3181 8213
5559 8214
3641 8215
2819 8216
102 8217
6009 8218
1133 8219
6604 8220
7082 8221
4668 8222
2647 8223
4782 8224
37 8225
1780 8226
1652 8227
5164 8228
5619 8229
3622 8230
2576 8231
863 8232
7348 8233
8062 8234
4892 8235
8021 8236
1437 8237
7119 8238
6320 8239
470 8240
550 8241
4046 8242
5014 8243
5211 8244
1435 8245
2243 8246
7556 8247
1666 8248
2437 8249
3272 8250
2825 8251
1995 8252
789 8253
2414 8254
7339 8255
664 8256
4059 8257
4578 8258
2037 8259
5819 8260
4268 8261
5011 8262
8102 8263
1551 8264
1366 8265
3880 8266
7568 8267
51 8268
7599 8269
2079 8270
3959 8271
8136 8272
3024 8273
6945 8274
1482 8275
2416 8276
1010 8277
48 8278
6477 8279
3812 8280
802 8281
4986 8282
3137 8283
3377 8284
4750 8285
8209 8286
4709 8287
5722 8288
7894 8289
2107 8290
1653 8291
1355 8292
2735 8293
1214 8294
4666 8295
437 8296
4160 8297
939 8298
6275 8299
3151 8300
5193 8301
7356 8302
3573 8303
5674 8304
7701 8305
7984 8306
4129 8307
393 8308
5981 8309
11 8310
4294 8311
1358 8312
7453 8313
3072 8314
5676 8315
1394 8316
1232 8317
383 8318
2151 8319
8035 8320
3322 8321
3773 8322
4430 8323
731 8324
1612 8325
3849 8326
3354 8327
1530 8328
1961 8329
3502 8330
1660 8331
3152 8332
1466 8333
6283 8334
7901 8335
4860 8336
2617 8337
4242 8338
4275 8339
2331 8340
4 8341
8248 8342
5513 8343
1992 8344
8268 8345
3062 8346
7142 8347
7606 8348
2199 8349
52 8350
2894 8351
7826 8352
1554 8353
6972 8354
5168 8355
531 8356
6901 8357
7114 8358
4284 8359
3611 8360
1523 8361
196 8362
985 8363
562 8364
133 8365
1631 8366
42 8367
5104 8368
705 8369
6163 8370
5816 8371
60 8372
2011 8373
6799 8374
4544 8375
5912 8376
6863 8377
480 8378
3341 8379
5951 8380
4914 8381
8377 8382
7203 8383
1039 8384
3011 8385
5737 8386
7184 8387
7542 8388
7547 8389
1588 8390
4646 8391
4865 8392
1961 8393
5433 8394
2769 8395
6670 8396
1121 8397
8323 8398
2536 8399
4296 8400
3237 8401
441 8402
6951 8403
6284 8404
5521 8405
3419 8406
5827 8407
6665 8408
5082 8409
7857 8410
6549 8411
973 8412
3973 8413
6666 8414
6775 8415
3156 8416
1827 8417
5125 8418
1417 8419
5155 8420
1177 8421
8239 8422
1530 8423
1490 8424
5245 8425
4312 8426
4888 8427
6221 8428
2576 8429
4359 8430
31 8431
7544 8432
212 8433
1388 8434
1661 8435
8142 8436
2792 8437
1462 8438
6696 8439
6463 8440
1174 8441
5434 8442
7758 8443
3564 8444
2018 8445
734 8446
4506 8447
4005 8448
3873 8449
4342 8450
16 8451
6770 8452
4607 8453
2621 8454
197 8455
267 8456
4981 8457
7394 8458
664 8459
5019 8460
1625 8461
5262 8462
4454 8463
5395 8464
6176 8465
1608 8466
7065 8467
5919 8468
337 8469
3554 8470
1423 8471
3437 8472
2195 8473
3258 8474
4331 8475
6163 8476
6202 8477
1210 8478
2973 8479
7367 8480
2300 8481
8363 8482
7982 8483
1731 8484
4109 8485
1234 8486
2461 8487
6170 8488
1094 8489
2881 8490
5534 8491
7152 8492
3478 8493
1655 8494
4951 8495
1170 8496
3789 8497
8336 8498
5103 8499
1304 8500
7105 8501
6215 8502
841 8503
6655 8504
734 8505
2821 8506
3966 8507
1699 8508
5924 8509
2625 8510
966 8511
4987 8512
6302 8513
3013 8514
4618 8515
1835 8516
5614 8517
1742 8518
2022 8519
8475 8520
983 8521
5543 8522
87 8523
3712 8524
1922 8525
8157 8526
5455 8527
5754 8528
5120 8529
5437 8530
4888 8531
4765 8532
2400 8533
6420 8534
1074 8535
2721 8536
7966 8537
7234 8538
3595 8539
3864 8540
8030 8541
4301 8542
6292 8543
3150 8544
7131 8545
3687 8546
7163 8547
556 8548
3229 8549
2141 8550
7261 8551
3283 8552
2078 8553
2493 8554
3130 8555
7600 8556
2667 8557
5819 8558
6932 8559
815 8560
7724 8561
1121 8562
2075 8563
1567 8564
444 8565
6895 8566
4687 8567
5842 8568
3804 8569
6707 8570
5855 8571
6432 8572
3453 8573
5826 8574
3546 8575
7822 8576
7780 8577
8138 8578
4053 8579
6690 8580
3289 8581
6766 8582
3959 8583
6203 8584
4287 8585
6878 8586
3573 8587
3175 8588
7945 8589
1710 8590
7503 8591
7661 8592
184 8593
2919 8594
7141 8595
1323 8596
2265 8597
1582 8598
1216 8599
7370 8600
5180 8601
104 8602
5466 8603
5087 8604
5941 8605
1175 8606
6273 8607
4922 8608
1740 8609
5660 8610
7820 8611
6924 8612
352 8613
3336 8614
4066 8615
3327 8616
346 8617
1152 8618
2298 8619
311 8620
1947 8621
7991 8622
6748 8623
7724 8624
8168 8625
4971 8626
1613 8627
1393 8628
8358 8629
3992 8630
7012 8631
7853 8632
5539 8633
5363 8634
5454 8635
5737 8636
2539 8637
4190 8638
4442 8639
2803 8640
1554 8641
3816 8642
3625 8643
2906 8644
6218 8645
8293 8646
3600 8647
3721 8648
1375 8649
1394 8650
5453 8651
8607 8652
4808 8653
4222 8654
4192 8655
8291 8656
7291 8657
4113 8658
5797 8659
492 8660
5467 8661
8605 8662
6376 8663
5080 8664
4445 8665
6697 8666
296 8667
2632 8668
3857 8669
2440 8670
858 8671
1985 8672
5041 8673
7281 8674
863 8675
72 8676
8223 8677
6850 8678
7705 8679
7415 8680
1005 8681
7445 8682
510 8683
4305 8684
3294 8685
786 8686
309 8687
2125 8688
8300 8689
8130 8690
5151 8691
6634 8692
2957 8693
6987 8694
1507 8695
3637 8696
620 8697
7708 8698
7496 8699
4216 8700
142 8701
2839 8702
8402 8703
8232 8704
1740 8705
6495 8706
4887 8707
2600 8708
2927 8709
7813 8710
7415 8711
8216 8712
2741 8713
4405 8714
5089 8715
7323 8716
781 8717
8552 8718
2960 8719
6155 8720
2528 8721
5491 8722
4795 8723
5932 8724
7954 8725
5395 8726
6743 8727
7837 8728
2438 8729
95 8730
8082 8731
669 8732
6587 8733
2253 8734
3265 8735
4705 8736
2529 8737
6187 8738
1770 8739
99 8740
1287 8741
7381 8742
2245 8743
3266 8744
7210 8745
5185 8746
7753 8747
4014 8748
5601 8749
774 8750
5813 8751
2139 8752
3841 8753
6354 8754
5108 8755
5976 8756
6172 8757
3216 8758
1283 8759
5935 8760
4004 8761
1191 8762
3806 8763
2756 8764
6425 8765
4162 8766
4593 8767
7820 8768
7864 8769
6097 8770
6944 8771
2308 8772
2439 8773
781 8774
1915 8775
7081 8776
608 8777
47 8778
7370 8779
5294 8780
8194 8781
2771 8782
3424 8783
4425 8784
1000 8785
8719 8786
5860 8787
4748 8788
6491 8789
7278 8790
4221 8791
3829 8792
7860 8793
2937 8794
7252 8795
3847 8796
7685 8797
2130 8798
757 8799
1530 8800
3374 8801
5130 8802
8276 8803
6545 8804
5216 8805
3159 8806
2754 8807
7765 8808
6118 8809
3658 8810
8522 8811
806 8812
3531 8813
7170 8814
1225 8815
8393 8816
3015 8817
8070 8818
171 8819
5652 8820
3923 8821
3138 8822
4083 8823
6624 8824
3892 8825
332 8826
4937 8827
896 8828
1336 8829
6249 8830
3938 8831
6224 8832
7096 8833
403 8834
1153 8835
6959 8836
7779 8837
493 8838
7316 8839
2803 8840
4481 8841
6064 8842
2462 8843
2179 8844
2269 8845
5626 8846
3830 8847
7708 8848
5972 8849
7355 8850
198 8851
8239 8852
6485 8853
1711 8854
8130 8855
7089 8856
8716 8857
4396 8858
5317 8859
8824 8860
534 8861
4270 8862
5778 8863
1605 8864
5678 8865
3330 8866
4088 8867
688 8868
1091 8869
3858 8870
5708 8871
1285 8872
2237 8873
856 8874
4847 8875
182 8876
3705 8877
3583 8878
3778 8879
8422 8880
7383 8881
7401 8882
398 8883
843 8884
393 8885
8303 8886
1 8887
1762 8888
3544 8889
465 8890
3765 8891
7382 8892
4413 8893
6214 8894
3593 8895
8828 8896
8822 8897
2089 8898
4893 8899
5834 8900
7310 8901
4619 8902
6026 8903
2543 8904
6001 8905
2227 8906
7346 8907
5245 8908
5289 8909
3462 8910
1204 8911
5827 8912
5443 8913
1422 8914
2310 8915
674 8916
783 8917
6517 8918
450 8919
8819 8920
1534 8921
1434 8922
5298 8923
8189 8924
7963 8925
977 8926
3339 8927
4106 8928
6415 8929
3112 8930
7847 8931
4901 8932
3382 8933
3811 8934
8816 8935
1571 8936
7484 8937
5092 8938
1673 8939
2693 8940
8833 8941
2825 8942
4662 8943
6514 8944
6047 8945
4702 8946
529 8947
2915 8948
2520 8949
4907 8950
3989 8951
8525 8952
561 8953
6749 8954
3771 8955
7695 8956
1075 8957
2021 8958
1307 8959
8746 8960
6777 8961
578 8962
6496 8963
3204 8964
842 8965
3373 8966
7728 8967
1682 8968
242 8969
2337 8970
2897 8971
4359 8972
8446 8973
6802 8974
1906 8975
1007 8976
2903 8977
5592 8978
4318 8979
5815 8980
6293 8981
7157 8982
476 8983
2416 8984
7439 8985
8281 8986
782 8987
7860 8988
8615 8989
3386 8990
1377 8991
5383 8992
5905 8993
3307 8994
3635 8995
5572 8996
6109 8997
7962 8998
170 8999
8601 9000
6573 9001
2117 9002
6037 9003
7965 9004
1983 9005
6742 9006
2937 9007
6283 9008
3187 9009
2755 9010
3410 9011
2443 9012
7161 9013
308 9014
4747 9015
3580 9016
6465 9017
4827 9018
3684 9019
163 9020
22 9021
4395 9022
4409 9023
7305 9024
1460 9025
8894 9026
2350 9027
7788 9028
6603 9029
3674 9030
3467 9031
3868 9032
6645 9033
1965 9034
5171 9035
4752 9036
2241 9037
3403 9038
6469 9039
5337 9040
5410 9041
8149 9042
3947 9043
1476 9044
7183 9045
8380 9046
8943 9047
4814 9048
6868 9049
1614 9050
1916 9051
7662 9052
7096 9053
6344 9054
3368 9055
2090 9056
7368 9057
6140 9058
5302 9059
2025 9060
4084 9061
8372 9062
9049 9063
4310 9064
2429 9065
8599 9066
5373 9067
4977 9068
794 9069
4454 9070
5908 9071
8744 9072
3021 9073
8505 9074
3913 9075
6158 9076
1341 9077
8548 9078
1608 9079
6404 9080
3981 9081
8171 9082
7301 9083
8771 9084
7047 9085
7127 9086
1934 9087
3068 9088
7335 9089
6322 9090
4007 9091
126 9092
7166 9093
4718 9094
5272 9095
7474 9096
1911 9097
804 9098
153 9099
900 9100
535 9101
2604 9102
7881 9103
6846 9104
5658 9105
8473 9106
8385 9107
5946 9108
7126 9109
287 9110
7876 9111
5934 9112
3367 9113
8759 9114
3991 9115
5956 9116
8718 9117
1810 9118
1841 9119
8326 9120
2711 9121
4765 9122
5644 9123
2996 9124
8025 9125
3178 9126
3158 9127
2451 9128
5748 9129
1689 9130
3572 9131
9091 9132
8616 9133
6644 9134
4129 9135
1475 9136
605 9137
7615 9138
4319 9139
356 9140
3863 9141
410 9142
214 9143
7821 9144
6890 9145
7832 9146
3103 9147
7350 9148
768 9149
976 9150
4680 9151
7272 9152
8778 9153
8843 9154
3816 9155
8520 9156
6069 9157
2728 9158
2356 9159
4689 9160
7712 9161
7571 9162
2320 9163
310 9164
8253 9165
6779 9166
3989 9167
2454 9168
5313 9169
2444 9170
6358 9171
6907 9172
7616 9173
400 9174
762 9175
1225 9176
3905 9177
680 9178
1981 9179
8841 9180
8083 9181
2072 9182
1944 9183
3397 9184
7874 9185
5880 9186
4737 9187
5600 9188
1836 9189
6795 9190
5113 9191
6446 9192
9034 9193
5037 9194
8276 9195
6281 9196
4572 9197
2467 9198
594 9199
480 9200
5519 9201
361 9202
3549 9203
5186 9204
1096 9205
4807 9206
3220 9207
3121 9208
4513 9209
5517 9210
6532 9211
4436 9212
8001 9213
3694 9214
1243 9215
3109 9216
1640 9217
5306 9218
1212 9219
2798 9220
8222 9221
5264 9222
1270 9223
7297 9224
7894 9225
5492 9226
3706 9227
2607 9228
6572 9229
2936 9230
7874 9231
2830 9232
4305 9233
3139 9234
2953 9235
2517 9236
6126 9237
3962 9238
3280 9239
9 9240
6973 9241
5271 9242
2705 9243
248 9244
1474 9245
6449 9246
2016 9247
8673 9248
6778 9249
6677 9250
6159 9251
8389 9252
1544 9253
5520 9254
3408 9255
8425 9256
3864 9257
764 9258
7024 9259
3389 9260
7513 9261
1019 9262
7638 9263
2689 9264
3156 9265
2345 9266
7815 9267
4116 9268
8660 9269
8873 9270
8735 9271
5772 9272
3555 9273
237 9274
9181 9275
7127 9276
8127 9277
823 9278
8163 9279
4088 9280
4256 9281
4238 9282
8946 9283
4427 9284
6280 9285
1197 9286
7901 9287
514 9288
1836 9289
6300 9290
4074 9291
7615 9292
2801 9293
5629 9294
6407 9295
6570 9296
4409 9297
4697 9298
5719 9299
5220 9300
1166 9301
934 9302
7827 9303
5006 9304
5280 9305
4788 9306
7300 9307
8393 9308
7460 9309
1204 9310
2039 9311
3318 9312
4370 9313
783 9314
4455 9315
9273 9316
7190 9317
7928 9318
8166 9319
5314 9320
6983 9321
8568 9322
2874 9323
4944 9324
2363 9325
2722 9326
7679 9327
7133 9328
8154 9329
5192 9330
5603 9331
1825 9332
7725 9333
1585 9334
6561 9335
5599 9336
5156 9337
5453 9338
8069 9339
2852 9340
2256 9341
5922 9342
1353 9343
3835 9344
4983 9345
4715 9346
1337 9347
3766 9348
869 9349
5753 9350
6319 9351
1262 9352
2138 9353
5333 9354
8482 9355
5842 9356
3646 9357
3066 9358
8976 9359
3427 9360
4348 9361
377 9362
6245 9363
6676 9364
5134 9365
1768 9366
7721 9367
2446 9368
2496 9369
5218 9370
2859 9371
46 9372
6416 9373
8701 9374
6054 9375
5526 9376
276 9377
2810 9378
930 9379
5806 9380
4581 9381
6733 9382
9059 9383
3575 9384
5507 9385
6018 9386
7482 9387
8172 9388
4960 9389
2210 9390
5203 9391
6160 9392
5349 9393
3833 9394
2653 9395
5615 9396
7011 9397
3758 9398
2998 9399
5354 9400
1670 9401
2142 9402
1327 9403
854 9404
6326 9405
5791 9406
11 9407
3395 9408
9195 9409
4571 9410
839 9411
8976 9412
3932 9413
3795 9414
49 9415
3680 9416
3848 9417
9089 9418
3728 9419
5229 9420
5435 9421
5808 9422
6545 9423
5549 9424
6999 9425
6418 9426
1950 9427
8251 9428
6890 9429
4318 9430
4976 9431
2145 9432
5724 9433
9400 9434
7992 9435
3181 9436
5387 9437
5942 9438
7139 9439
17 9440
524 9441
1396 9442
1705 9443
4017 9444
9238 9445
6375 9446
1595 9447
9238 9448
5301 9449
8850 9450
2633 9451
6571 9452
7052 9453
4405 9454
7760 9455
5110 9456
5385 9457
5293 9458
5304 9459
6392 9460
6110 9461
1709 9462
4743 9463
8792 9464
5539 9465
7469 9466
6670 9467
3278 9468
3488 9469
7976 9470
6725 9471
6602 9472
3893 9473
4958 9474
3373 9475
5753 9476
3955 9477
1086 9478
3649 9479
6555 9480
5800 9481
1694 9482
5284 9483
4627 9484
6824 9485
5626 9486
3704 9487
6394 9488
5695 9489
7333 9490
8714 9491
8497 9492
6207 9493
6312 9494
653 9495
1337 9496
1133 9497
2711 9498
1205 9499
4802 9500
3874 9501
2310 9502
9299 9503
4372 9504
2186 9505
4991 9506
6585 9507
5710 9508
2657 9509
2523 9510
3573 9511
4021 9512
5130 9513
6719 9514
466 9515
3629 9516
2674 9517
5386 9518
4416 9519
5152 9520
1205 9521
9501 9522
1918 9523
7149 9524
459 9525
1053 9526
7813 9527
7637 9528
723 9529
7760 9530
5460 9531
836 9532
3444 9533
1566 9534
3054 9535
2648 9536
9000 9537
6670 9538
7672 9539
2194 9540
3964 9541
4547 9542
6069 9543
6603 9544
6136 9545
8955 9546
3804 9547
7605 9548
6490 9549
676 9550
8709 9551
388 9552
4041 9553
8339 9554
2684 9555
2893 9556
9249 9557
966 9558
8207 9559
6240 9560
3700 9561
4290 9562
2757 9563
9315 9564
5222 9565
2373 9566
7613 9567
9309 9568
5423 9569
6752 9570
9018 9571
7157 9572
1676 9573
1210 9574
5853 9575
5935 9576
2013 9577
602 9578
498 9579
4595 9580
6951 9581
4935 9582
522 9583
2498 9584
5735 9585
2962 9586
1845 9587
4037 9588
8963 9589
5388 9590
384 9591
1951 9592
8204 9593
43 9594
8723 9595
6610 9596
4844 9597
631 9598
5052 9599
3270 9600
8014 9601
6245 9602
5260 9603
2351 9604
1392 9605
5808 9606
644 9607
6917 9608
3390 9609
5982 9610
2620 9611
2343 9612
6351 9613
3209 9614
8147 9615
2676 9616
321 9617
1008 9618
5134 9619
8410 9620
3729 9621
1325 9622
8760 9623
4012 9624
6896 9625
9071 9626
8779 9627
4930 9628
3464 9629
6797 9630
5111 9631
3908 9632
4102 9633
5759 9634
2237 9635
5940 9636
5169 9637
933 9638
512 9639
7989 9640
9276 9641
7917 9642
2936 9643
6171 9644
8071 9645
3270 9646
5274 9647
8174 9648
2644 9649
5469 9650
6892 9651
8201 9652
4378 9653
3214 9654
9370 9655
3485 9656
6658 9657
614 9658
7052 9659
7493 9660
4827 9661
1752 9662
5404 9663
670 9664
6249 9665
5129 9666
3713 9667
6913 9668
5146 9669
2097 9670
6039 9671
1758 9672
3962 9673
9323 9674
273 9675
4333 9676
7252 9677
7246 9678
7106 9679
2621 9680
9477 9681
7051 9682
7962 9683
1365 9684
7579 9685
4329 9686
807 9687
6780 9688
7962 9689
7442 9690
2340 9691
7994 9692
162 9693
6656 9694
3328 9695
1710 9696
4508 9697
6588 9698
2715 9699
2665 9700
2673 9701
7149 9702
9644 9703
122 9704
275 9705
7023 9706
2260 9707
3316 9708
7908 9709
9351 9710
7058 9711
1983 9712
6702 9713
2096 9714
3588 9715
2835 9716
6508 9717
8012 9718
4316 9719
1012 9720
4768 9721
3011 9722
9173 9723
4916 9724
3110 9725
7236 9726
7251 9727
6250 9728
5249 9729
5030 9730
3088 9731
8607 9732
7523 9733
6525 9734
1097 9735
4922 9736
1417 9737
4563 9738
3952 9739
5496 9740
8083 9741
9218 9742
2156 9743
594 9744
3617 9745
7220 9746
3383 9747
2858 9748
3587 9749
493 9750
7658 9751
8240 9752
9525 9753
742 9754
1976 9755
2951 9756
9712 9757
38 9758
5263 9759
252 9760
6254 9761
119 9762
6619 9763
6392 9764
4631 9765
5914 9766
1703 9767
2944 9768
8927 9769
6943 9770
1673 9771
3592 9772
5112 9773
6325 9774
9291 9775
3539 9776
3077 9777
3261 9778
3959 9779
9031 9780
8733 9781
3740 9782
1193 9783
8629 9784
1696 9785
3715 9786
7541 9787
1249 9788
964 9789
8844 9790
2396 9791
8481 9792
8971 9793
1825 9794
673 9795
8235 9796
895 9797
702 9798
1316 9799
4608 9800
5250 9801
6143 9802
7353 9803
593 9804
5012 9805
8082 9806
4601 9807
4163 9808
5160 9809
3647 9810
4805 9811
8969 9812
9054 9813
7635 9814
5378 9815
4738 9816
7629 9817
4455 9818
5905 9819
5412 9820
1199 9821
3951 9822
2395 9823
7105 9824
7034 9825
4542 9826
814 9827
3886 9828
5160 9829
8727 9830
2181 9831
8061 9832
2351 9833
3407 9834
561 9835
6669 9836
7242 9837
4652 9838
3582 9839
7314 9840
3373 9841
9294 9842
466 9843
5819 9844
2969 9845
4265 9846
568 9847
2979 9848
3356 9849
3787 9850
1876 9851
7545 9852
4922 9853
9124 9854
4665 9855
8484 9856
8565 9857
4097 9858
8205 9859
9393 9860
6616 9861
1731 9862
6692 9863
426 9864
752 9865
1210 9866
6852 9867
2025 9868
1190 9869
7833 9870
6549 9871
9144 9872
7538 9873
3715 9874
3669 9875
1710 9876
26 9877
8399 9878
3997 9879
7291 9880
7319 9881
7719 9882
9532 9883
6382 9884
7368 9885
447 9886
8997 9887
3725 9888
825 9889
8627 9890
2621 9891
1150 9892
1561 9893
9230 9894
7178 9895
4066 9896
2238 9897
1164 9898
5892 9899
2029 9900
4731 9901
3520 9902
9441 9903
8496 9904
348 9905
4860 9906
2417 9907
423 9908
6127 9909
1503 9910
5239 9911
9313 9912
9421 9913
7735 9914
8873 9915
2310 9916
177 9917
4295 9918
2818 9919
4086 9920
9854 9921
2371 9922
1906 9923
