7823
1 2
2 3
2 4
3 5
3 6
3 7
7 8
5 9
9 10
7 11
9 12
8 13
1 14
3 15
13 16
5 17
13 18
5 19
9 20
17 21
20 22
18 23
14 24
8 25
2 26
15 27
4 28
20 29
25 30
6 31
3 32
16 33
33 34
14 35
25 36
14 37
7 38
25 39
30 40
23 41
18 42
20 43
5 44
30 45
25 46
46 47
26 48
45 49
35 50
22 51
16 52
33 53
7 54
1 55
41 56
52 57
35 58
13 59
45 60
58 61
18 62
49 63
49 64
15 65
13 66
26 67
65 68
54 69
47 70
47 71
41 72
48 73
28 74
37 75
58 76
74 77
10 78
24 79
49 80
35 81
59 82
34 83
46 84
4 85
11 86
48 87
84 88
57 89
78 90
49 91
12 92
82 93
66 94
30 95
6 96
18 97
87 98
78 99
58 100
79 101
52 102
69 103
72 104
80 105
9 106
35 107
51 108
17 109
107 110
4 111
109 112
80 113
82 114
1 115
90 116
114 117
90 118
34 119
80 120
119 121
45 122
114 123
104 124
120 125
87 126
53 127
92 128
17 129
88 130
104 131
47 132
97 133
14 134
71 135
15 136
98 137
136 138
29 139
135 140
46 141
136 142
137 143
79 144
9 145
98 146
129 147
75 148
7 149
82 150
130 151
94 152
147 153
141 154
101 155
26 156
142 157
121 158
109 159
122 160
151 161
158 162
1 163
8 164
2 165
147 166
62 167
32 168
15 169
79 170
89 171
90 172
2 173
108 174
121 175
56 176
155 177
158 178
152 179
16 180
112 181
13 182
126 183
19 184
157 185
41 186
131 187
105 188
182 189
86 190
86 191
110 192
23 193
12 194
192 195
65 196
102 197
43 198
170 199
133 200
159 201
137 202
160 203
148 204
74 205
128 206
32 207
114 208
143 209
149 210
179 211
202 212
39 213
207 214
88 215
4 216
191 217
179 218
170 219
70 220
26 221
131 222
91 223
67 224
25 225
6 226
68 227
222 228
87 229
214 230
2 231
161 232
40 233
166 234
22 235
222 236
84 237
41 238
148 239
84 240
48 241
47 242
196 243
176 244
239 245
183 246
136 247
11 248
27 249
57 250
103 251
220 252
78 253
146 254
10 255
172 256
81 257
67 258
152 259
49 260
219 261
45 262
245 263
50 264
255 265
44 266
35 267
36 268
185 269
255 270
50 271
94 272
144 273
262 274
124 275
67 276
263 277
85 278
134 279
95 280
232 281
159 282
187 283
4 284
7 285
172 286
247 287
94 288
103 289
75 290
59 291
243 292
97 293
157 294
254 295
9 296
226 297
211 298
125 299
159 300
116 301
258 302
50 303
65 304
151 305
261 306
286 307
46 308
221 309
148 310
303 311
230 312
225 313
217 314
232 315
229 316
251 317
28 318
97 319
268 320
107 321
244 322
302 323
222 324
86 325
138 326
308 327
192 328
133 329
52 330
256 331
313 332
77 333
206 334
292 335
306 336
180 337
285 338
1 339
114 340
59 341
193 342
224 343
34 344
154 345
300 346
42 347
272 348
314 349
292 350
253 351
303 352
57 353
80 354
188 355
219 356
3 357
185 358
176 359
21 360
51 361
144 362
111 363
295 364
234 365
190 366
43 367
259 368
103 369
194 370
274 371
333 372
9 373
12 374
149 375
160 376
88 377
184 378
7 379
137 380
168 381
299 382
40 383
351 384
328 385
332 386
228 387
374 388
130 389
172 390
319 391
135 392
232 393
125 394
230 395
105 396
231 397
20 398
296 399
278 400
1 401
22 402
245 403
8 404
223 405
21 406
82 407
315 408
360 409
133 410
183 411
288 412
249 413
160 414
395 415
243 416
301 417
356 418
244 419
118 420
32 421
412 422
103 423
290 424
129 425
300 426
404 427
6 428
111 429
424 430
299 431
166 432
114 433
257 434
428 435
19 436
129 437
364 438
381 439
94 440
440 441
74 442
264 443
123 444
334 445
162 446
328 447
388 448
426 449
389 450
123 451
315 452
384 453
117 454
340 455
183 456
422 457
375 458
285 459
96 460
305 461
333 462
74 463
131 464
251 465
429 466
32 467
398 468
193 469
177 470
63 471
132 472
7 473
218 474
323 475
85 476
451 477
309 478
323 479
151 480
373 481
106 482
183 483
13 484
309 485
198 486
199 487
151 488
183 489
460 490
80 491
87 492
357 493
315 494
242 495
2 496
36 497
405 498
444 499
420 500
429 501
436 502
345 503
381 504
158 505
36 506
496 507
479 508
460 509
299 510
479 511
470 512
358 513
251 514
136 515
410 516
107 517
322 518
257 519
123 520
461 521
411 522
122 523
163 524
243 525
59 526
474 527
472 528
50 529
181 530
215 531
142 532
138 533
519 534
484 535
419 536
425 537
270 538
164 539
538 540
226 541
172 542
175 543
523 544
42 545
432 546
315 547
92 548
168 549
208 550
264 551
50 552
425 553
52 554
319 555
507 556
12 557
139 558
25 559
441 560
169 561
153 562
318 563
162 564
133 565
429 566
472 567
160 568
261 569
413 570
327 571
161 572
95 573
447 574
70 575
64 576
556 577
274 578
558 579
408 580
251 581
520 582
397 583
234 584
77 585
21 586
489 587
62 588
370 589
260 590
405 591
440 592
38 593
28 594
46 595
453 596
77 597
343 598
421 599
468 600
71 601
537 602
446 603
72 604
22 605
108 606
553 607
120 608
258 609
327 610
75 611
589 612
96 613
393 614
493 615
374 616
336 617
596 618
256 619
42 620
119 621
331 622
390 623
558 624
13 625
373 626
233 627
464 628
519 629
25 630
218 631
7 632
372 633
340 634
413 635
284 636
557 637
84 638
627 639
626 640
436 641
555 642
186 643
360 644
527 645
507 646
374 647
523 648
361 649
490 650
603 651
391 652
195 653
214 654
630 655
518 656
555 657
528 658
478 659
525 660
228 661
345 662
25 663
295 664
132 665
434 666
577 667
168 668
518 669
388 670
433 671
97 672
213 673
347 674
570 675
665 676
36 677
205 678
231 679
671 680
399 681
637 682
577 683
617 684
44 685
511 686
571 687
438 688
486 689
53 690
438 691
245 692
13 693
40 694
249 695
392 696
577 697
280 698
112 699
52 700
556 701
510 702
307 703
79 704
126 705
161 706
18 707
21 708
320 709
262 710
179 711
515 712
196 713
288 714
68 715
250 716
336 717
166 718
122 719
315 720
698 721
43 722
124 723
434 724
209 725
161 726
396 727
349 728
586 729
49 730
34 731
497 732
406 733
553 734
568 735
73 736
619 737
691 738
233 739
109 740
692 741
576 742
384 743
77 744
512 745
295 746
243 747
46 748
674 749
453 750
281 751
537 752
382 753
36 754
105 755
285 756
740 757
309 758
236 759
596 760
249 761
210 762
748 763
714 764
746 765
608 766
579 767
471 768
426 769
5 770
288 771
214 772
80 773
497 774
394 775
205 776
276 777
182 778
559 779
670 780
242 781
644 782
351 783
624 784
278 785
595 786
25 787
526 788
785 789
419 790
706 791
546 792
501 793
562 794
268 795
364 796
112 797
67 798
668 799
448 800
654 801
741 802
511 803
669 804
588 805
749 806
501 807
572 808
446 809
119 810
560 811
437 812
288 813
140 814
785 815
328 816
537 817
577 818
736 819
75 820
550 821
391 822
815 823
340 824
125 825
196 826
431 827
223 828
707 829
274 830
166 831
558 832
203 833
344 834
725 835
695 836
398 837
44 838
770 839
6 840
87 841
341 842
189 843
424 844
736 845
458 846
335 847
532 848
827 849
208 850
353 851
375 852
182 853
729 854
21 855
93 856
61 857
58 858
212 859
171 860
491 861
848 862
412 863
559 864
111 865
255 866
371 867
180 868
864 869
197 870
418 871
302 872
432 873
67 874
299 875
423 876
561 877
699 878
798 879
273 880
292 881
455 882
857 883
319 884
432 885
548 886
134 887
583 888
500 889
81 890
513 891
354 892
94 893
886 894
597 895
331 896
392 897
425 898
132 899
487 900
141 901
110 902
691 903
876 904
683 905
592 906
318 907
435 908
710 909
696 910
285 911
444 912
422 913
155 914
886 915
710 916
394 917
728 918
797 919
231 920
511 921
648 922
143 923
85 924
795 925
6 926
794 927
382 928
912 929
450 930
396 931
424 932
774 933
326 934
21 935
173 936
63 937
822 938
177 939
469 940
263 941
257 942
279 943
784 944
468 945
380 946
410 947
575 948
704 949
613 950
149 951
944 952
145 953
579 954
625 955
729 956
63 957
477 958
316 959
59 960
873 961
386 962
791 963
539 964
903 965
693 966
828 967
247 968
671 969
734 970
659 971
808 972
340 973
538 974
167 975
471 976
19 977
525 978
304 979
756 980
212 981
425 982
885 983
909 984
13 985
673 986
266 987
822 988
466 989
556 990
81 991
118 992
372 993
294 994
703 995
169 996
829 997
661 998
831 999
34 1000
116 1001
290 1002
333 1003
745 1004
229 1005
671 1006
674 1007
361 1008
104 1009
491 1010
242 1011
360 1012
799 1013
590 1014
232 1015
158 1016
560 1017
361 1018
807 1019
856 1020
688 1021
985 1022
981 1023
267 1024
301 1025
238 1026
310 1027
80 1028
874 1029
851 1030
354 1031
869 1032
711 1033
110 1034
51 1035
230 1036
547 1037
1028 1038
133 1039
719 1040
631 1041
370 1042
1031 1043
483 1044
344 1045
290 1046
830 1047
509 1048
1020 1049
860 1050
666 1051
851 1052
240 1053
520 1054
795 1055
878 1056
675 1057
188 1058
369 1059
912 1060
196 1061
802 1062
642 1063
1023 1064
807 1065
836 1066
449 1067
560 1068
220 1069
876 1070
542 1071
74 1072
644 1073
935 1074
223 1075
844 1076
115 1077
808 1078
241 1079
243 1080
1031 1081
417 1082
384 1083
675 1084
1051 1085
6 1086
1028 1087
167 1088
1027 1089
688 1090
476 1091
699 1092
450 1093
366 1094
489 1095
1038 1096
337 1097
755 1098
838 1099
383 1100
194 1101
171 1102
536 1103
928 1104
634 1105
236 1106
722 1107
958 1108
75 1109
748 1110
720 1111
467 1112
1031 1113
883 1114
429 1115
1093 1116
687 1117
490 1118
1070 1119
15 1120
52 1121
570 1122
338 1123
656 1124
601 1125
254 1126
654 1127
667 1128
61 1129
607 1130
102 1131
675 1132
473 1133
873 1134
112 1135
987 1136
390 1137
139 1138
1039 1139
607 1140
882 1141
361 1142
153 1143
618 1144
1050 1145
883 1146
78 1147
935 1148
484 1149
404 1150
445 1151
810 1152
405 1153
1060 1154
693 1155
584 1156
751 1157
774 1158
573 1159
1100 1160
717 1161
85 1162
18 1163
403 1164
951 1165
1038 1166
938 1167
495 1168
215 1169
1000 1170
627 1171
1010 1172
385 1173
1116 1174
1119 1175
1081 1176
826 1177
587 1178
1159 1179
729 1180
1149 1181
314 1182
140 1183
193 1184
728 1185
632 1186
1118 1187
371 1188
934 1189
988 1190
1079 1191
265 1192
777 1193
183 1194
310 1195
1009 1196
588 1197
100 1198
1055 1199
740 1200
494 1201
1080 1202
803 1203
1110 1204
424 1205
489 1206
870 1207
959 1208
387 1209
719 1210
583 1211
77 1212
746 1213
893 1214
1032 1215
423 1216
119 1217
170 1218
101 1219
293 1220
1125 1221
31 1222
1086 1223
789 1224
33 1225
659 1226
398 1227
1045 1228
178 1229
1199 1230
1090 1231
299 1232
778 1233
510 1234
199 1235
965 1236
1142 1237
406 1238
148 1239
729 1240
1215 1241
1141 1242
577 1243
856 1244
664 1245
862 1246
1140 1247
1025 1248
433 1249
946 1250
871 1251
55 1252
17 1253
570 1254
987 1255
1054 1256
659 1257
147 1258
186 1259
167 1260
542 1261
655 1262
864 1263
741 1264
219 1265
513 1266
333 1267
77 1268
206 1269
861 1270
1199 1271
240 1272
380 1273
904 1274
593 1275
808 1276
1189 1277
1138 1278
281 1279
1225 1280
784 1281
288 1282
357 1283
1149 1284
1188 1285
415 1286
49 1287
185 1288
1092 1289
71 1290
777 1291
344 1292
44 1293
303 1294
1113 1295
382 1296
945 1297
919 1298
1034 1299
1115 1300
711 1301
1257 1302
119 1303
1146 1304
796 1305
664 1306
888 1307
963 1308
152 1309
128 1310
394 1311
961 1312
1212 1313
52 1314
276 1315
260 1316
118 1317
1181 1318
1254 1319
602 1320
638 1321
124 1322
970 1323
968 1324
956 1325
63 1326
903 1327
547 1328
1118 1329
122 1330
535 1331
771 1332
58 1333
664 1334
1274 1335
894 1336
5 1337
680 1338
608 1339
245 1340
229 1341
490 1342
233 1343
1260 1344
690 1345
802 1346
781 1347
1165 1348
341 1349
303 1350
1146 1351
728 1352
261 1353
1223 1354
46 1355
786 1356
723 1357
675 1358
729 1359
1099 1360
500 1361
671 1362
1194 1363
119 1364
390 1365
902 1366
1121 1367
51 1368
438 1369
795 1370
423 1371
807 1372
40 1373
1130 1374
892 1375
752 1376
555 1377
450 1378
1276 1379
1290 1380
31 1381
345 1382
1211 1383
69 1384
907 1385
321 1386
1344 1387
888 1388
658 1389
814 1390
667 1391
1260 1392
1182 1393
695 1394
325 1395
1192 1396
6 1397
1387 1398
846 1399
1265 1400
456 1401
724 1402
1328 1403
490 1404
1270 1405
1208 1406
1091 1407
87 1408
791 1409
984 1410
1402 1411
25 1412
1079 1413
394 1414
973 1415
1241 1416
402 1417
434 1418
1063 1419
1188 1420
572 1421
674 1422
293 1423
1159 1424
1270 1425
1309 1426
1113 1427
442 1428
33 1429
585 1430
1276 1431
1160 1432
765 1433
209 1434
166 1435
432 1436
1218 1437
1250 1438
997 1439
830 1440
1257 1441
1383 1442
139 1443
1374 1444
271 1445
270 1446
821 1447
672 1448
72 1449
1323 1450
450 1451
74 1452
124 1453
57 1454
1255 1455
828 1456
373 1457
683 1458
1333 1459
924 1460
1029 1461
967 1462
1019 1463
149 1464
120 1465
163 1466
550 1467
800 1468
1424 1469
1387 1470
37 1471
1079 1472
1215 1473
396 1474
1175 1475
568 1476
523 1477
537 1478
688 1479
361 1480
171 1481
1132 1482
1103 1483
889 1484
700 1485
1117 1486
652 1487
342 1488
363 1489
689 1490
841 1491
1415 1492
428 1493
554 1494
809 1495
771 1496
869 1497
1039 1498
472 1499
228 1500
782 1501
99 1502
199 1503
896 1504
1091 1505
187 1506
340 1507
160 1508
609 1509
1210 1510
261 1511
1374 1512
519 1513
959 1514
1465 1515
514 1516
1393 1517
1143 1518
1451 1519
123 1520
1048 1521
1414 1522
919 1523
869 1524
1450 1525
1099 1526
387 1527
502 1528
320 1529
764 1530
758 1531
446 1532
1332 1533
673 1534
1270 1535
196 1536
176 1537
1011 1538
164 1539
106 1540
117 1541
758 1542
158 1543
534 1544
165 1545
1086 1546
1473 1547
115 1548
229 1549
511 1550
1429 1551
273 1552
351 1553
803 1554
1346 1555
480 1556
211 1557
126 1558
1046 1559
489 1560
170 1561
830 1562
963 1563
1061 1564
1296 1565
1124 1566
836 1567
354 1568
845 1569
1008 1570
164 1571
1209 1572
253 1573
37 1574
244 1575
770 1576
1418 1577
413 1578
1005 1579
357 1580
1205 1581
751 1582
1490 1583
1456 1584
1010 1585
69 1586
454 1587
1116 1588
181 1589
544 1590
1358 1591
408 1592
1204 1593
1398 1594
358 1595
66 1596
1067 1597
909 1598
1437 1599
1019 1600
645 1601
258 1602
1293 1603
1397 1604
313 1605
770 1606
472 1607
291 1608
169 1609
894 1610
1508 1611
17 1612
1538 1613
1604 1614
429 1615
1331 1616
1126 1617
600 1618
1548 1619
338 1620
426 1621
321 1622
724 1623
1104 1624
1509 1625
1313 1626
493 1627
33 1628
1153 1629
45 1630
651 1631
232 1632
1298 1633
891 1634
282 1635
693 1636
1174 1637
1077 1638
1617 1639
1259 1640
501 1641
886 1642
1612 1643
881 1644
1257 1645
899 1646
955 1647
1533 1648
42 1649
452 1650
1180 1651
1457 1652
332 1653
431 1654
1092 1655
1208 1656
1415 1657
73 1658
406 1659
742 1660
500 1661
1026 1662
895 1663
1325 1664
1611 1665
822 1666
567 1667
1488 1668
507 1669
1487 1670
1284 1671
43 1672
308 1673
876 1674
1473 1675
1660 1676
983 1677
1566 1678
68 1679
1543 1680
148 1681
493 1682
246 1683
1156 1684
1636 1685
348 1686
841 1687
1069 1688
1093 1689
585 1690
591 1691
667 1692
1254 1693
1168 1694
895 1695
408 1696
207 1697
1392 1698
1535 1699
1161 1700
375 1701
1013 1702
380 1703
661 1704
1625 1705
1277 1706
822 1707
713 1708
762 1709
1272 1710
407 1711
1090 1712
290 1713
537 1714
1340 1715
1623 1716
604 1717
423 1718
1407 1719
896 1720
54 1721
296 1722
258 1723
1140 1724
1391 1725
1057 1726
47 1727
213 1728
1464 1729
58 1730
379 1731
1252 1732
883 1733
215 1734
659 1735
1462 1736
568 1737
1685 1738
885 1739
503 1740
212 1741
1531 1742
651 1743
472 1744
1731 1745
697 1746
828 1747
1234 1748
1404 1749
1110 1750
139 1751
1683 1752
577 1753
242 1754
1406 1755
210 1756
85 1757
1581 1758
362 1759
1608 1760
1293 1761
823 1762
1590 1763
413 1764
1549 1765
1114 1766
944 1767
22 1768
530 1769
354 1770
47 1771
213 1772
155 1773
555 1774
1278 1775
61 1776
1700 1777
20 1778
1667 1779
1311 1780
605 1781
1051 1782
1101 1783
889 1784
1605 1785
1551 1786
1321 1787
289 1788
1242 1789
1569 1790
1524 1791
1676 1792
658 1793
1534 1794
625 1795
1032 1796
1654 1797
945 1798
1363 1799
270 1800
846 1801
1465 1802
294 1803
1515 1804
1770 1805
39 1806
1248 1807
570 1808
734 1809
409 1810
498 1811
689 1812
306 1813
1793 1814
206 1815
1416 1816
1386 1817
738 1818
1782 1819
810 1820
6 1821
1780 1822
1523 1823
1294 1824
272 1825
299 1826
321 1827
1804 1828
1168 1829
1370 1830
905 1831
653 1832
259 1833
1237 1834
379 1835
1179 1836
560 1837
106 1838
677 1839
1372 1840
569 1841
1807 1842
733 1843
490 1844
601 1845
1100 1846
1026 1847
1239 1848
1608 1849
1164 1850
595 1851
1005 1852
1414 1853
1613 1854
1306 1855
762 1856
1418 1857
487 1858
167 1859
506 1860
49 1861
238 1862
321 1863
1646 1864
1346 1865
130 1866
1129 1867
869 1868
907 1869
1126 1870
1613 1871
923 1872
1697 1873
1626 1874
1044 1875
729 1876
1800 1877
1864 1878
1794 1879
370 1880
382 1881
325 1882
525 1883
1698 1884
1720 1885
823 1886
853 1887
1634 1888
1785 1889
1567 1890
380 1891
603 1892
702 1893
160 1894
1465 1895
945 1896
1863 1897
1011 1898
1378 1899
1320 1900
837 1901
848 1902
1400 1903
1377 1904
1050 1905
606 1906
1326 1907
764 1908
55 1909
215 1910
144 1911
220 1912
1411 1913
238 1914
594 1915
241 1916
1736 1917
1428 1918
176 1919
28 1920
620 1921
1672 1922
1730 1923
1343 1924
1463 1925
95 1926
541 1927
174 1928
101 1929
285 1930
822 1931
519 1932
900 1933
88 1934
1421 1935
1574 1936
1242 1937
342 1938
59 1939
1351 1940
370 1941
916 1942
838 1943
681 1944
23 1945
1944 1946
248 1947
497 1948
948 1949
72 1950
694 1951
1365 1952
1199 1953
1206 1954
1818 1955
756 1956
1482 1957
1762 1958
1451 1959
594 1960
692 1961
636 1962
573 1963
1123 1964
172 1965
1575 1966
450 1967
1167 1968
1952 1969
635 1970
1757 1971
1432 1972
1690 1973
1621 1974
1696 1975
1702 1976
395 1977
518 1978
1973 1979
1807 1980
1553 1981
123 1982
113 1983
1152 1984
441 1985
1300 1986
958 1987
1933 1988
1916 1989
701 1990
1708 1991
1176 1992
1574 1993
598 1994
362 1995
1777 1996
209 1997
68 1998
11 1999
387 2000
1915 2001
1315 2002
1033 2003
47 2004
271 2005
1857 2006
1719 2007
1256 2008
436 2009
1640 2010
1727 2011
198 2012
1374 2013
792 2014
1891 2015
1116 2016
474 2017
1997 2018
244 2019
1346 2020
1276 2021
614 2022
1718 2023
1432 2024
1225 2025
1555 2026
880 2027
482 2028
1220 2029
381 2030
48 2031
1537 2032
1093 2033
1111 2034
8 2035
928 2036
265 2037
4 2038
1708 2039
549 2040
1976 2041
1087 2042
1387 2043
1336 2044
1723 2045
302 2046
694 2047
404 2048
1269 2049
771 2050
1506 2051
1355 2052
1307 2053
153 2054
690 2055
1684 2056
655 2057
912 2058
356 2059
1273 2060
1356 2061
249 2062
2046 2063
764 2064
2032 2065
1281 2066
421 2067
1098 2068
302 2069
1560 2070
912 2071
1985 2072
705 2073
1912 2074
1742 2075
663 2076
1152 2077
477 2078
62 2079
624 2080
98 2081
1659 2082
1374 2083
1879 2084
1345 2085
1590 2086
1193 2087
1466 2088
1462 2089
492 2090
867 2091
1517 2092
2011 2093
604 2094
1285 2095
31 2096
996 2097
199 2098
1369 2099
880 2100
1266 2101
2050 2102
657 2103
1690 2104
1130 2105
1292 2106
1658 2107
1350 2108
2080 2109
333 2110
1558 2111
1268 2112
310 2113
2087 2114
1102 2115
532 2116
1633 2117
1462 2118
405 2119
2098 2120
1951 2121
56 2122
2049 2123
1186 2124
1455 2125
1407 2126
492 2127
2054 2128
310 2129
1286 2130
660 2131
538 2132
1121 2133
461 2134
262 2135
2008 2136
1238 2137
387 2138
1605 2139
1184 2140
694 2141
1413 2142
74 2143
1803 2144
1037 2145
2030 2146
154 2147
1373 2148
879 2149
1667 2150
1251 2151
404 2152
1418 2153
1006 2154
746 2155
857 2156
576 2157
874 2158
439 2159
164 2160
872 2161
1272 2162
648 2163
464 2164
1461 2165
2090 2166
1441 2167
1755 2168
1265 2169
961 2170
43 2171
610 2172
1780 2173
1419 2174
1864 2175
1169 2176
2018 2177
46 2178
1326 2179
1925 2180
1992 2181
852 2182
1934 2183
1446 2184
377 2185
91 2186
850 2187
554 2188
162 2189
1694 2190
487 2191
2086 2192
1266 2193
537 2194
556 2195
507 2196
1559 2197
449 2198
2131 2199
591 2200
2147 2201
432 2202
1255 2203
342 2204
913 2205
2050 2206
1718 2207
1928 2208
1848 2209
231 2210
1949 2211
637 2212
1362 2213
1600 2214
2139 2215
2021 2216
1559 2217
790 2218
1728 2219
1906 2220
2196 2221
2020 2222
1423 2223
877 2224
358 2225
1711 2226
1399 2227
1177 2228
2012 2229
1513 2230
1614 2231
1618 2232
1536 2233
212 2234
910 2235
955 2236
1188 2237
1379 2238
1525 2239
1284 2240
396 2241
1204 2242
137 2243
483 2244
1437 2245
1286 2246
29 2247
850 2248
182 2249
1985 2250
497 2251
582 2252
64 2253
337 2254
475 2255
98 2256
1660 2257
668 2258
630 2259
2151 2260
219 2261
1223 2262
323 2263
105 2264
1754 2265
1350 2266
287 2267
1400 2268
1161 2269
1061 2270
1889 2271
1293 2272
1127 2273
1497 2274
1259 2275
1664 2276
1501 2277
2097 2278
2239 2279
1556 2280
1883 2281
1409 2282
1079 2283
2015 2284
1675 2285
1035 2286
1287 2287
554 2288
34 2289
78 2290
439 2291
459 2292
1194 2293
33 2294
35 2295
1682 2296
1810 2297
1402 2298
1863 2299
1814 2300
509 2301
123 2302
1938 2303
523 2304
1856 2305
508 2306
732 2307
1619 2308
1142 2309
1465 2310
893 2311
1608 2312
1182 2313
204 2314
1944 2315
1000 2316
1730 2317
498 2318
539 2319
2192 2320
11 2321
2157 2322
1983 2323
1025 2324
821 2325
2285 2326
1306 2327
70 2328
1608 2329
969 2330
1659 2331
853 2332
663 2333
494 2334
1702 2335
1118 2336
2255 2337
588 2338
1016 2339
630 2340
2185 2341
1331 2342
535 2343
1573 2344
1966 2345
558 2346
382 2347
45 2348
554 2349
1520 2350
63 2351
1976 2352
394 2353
2051 2354
170 2355
1821 2356
43 2357
1743 2358
1083 2359
591 2360
413 2361
62 2362
534 2363
755 2364
1160 2365
1292 2366
1106 2367
1004 2368
719 2369
468 2370
452 2371
460 2372
195 2373
888 2374
1691 2375
2122 2376
1793 2377
461 2378
1974 2379
969 2380
1679 2381
1747 2382
389 2383
2039 2384
2290 2385
2293 2386
517 2387
622 2388
1908 2389
819 2390
2305 2391
1033 2392
1827 2393
1222 2394
1078 2395
1911 2396
1563 2397
1067 2398
795 2399
1045 2400
25 2401
1969 2402
1911 2403
2329 2404
2390 2405
393 2406
1016 2407
2202 2408
2372 2409
184 2410
662 2411
1100 2412
2094 2413
1853 2414
1194 2415
1976 2416
1908 2417
1565 2418
1746 2419
1525 2420
805 2421
106 2422
200 2423
586 2424
2236 2425
69 2426
1557 2427
2427 2428
1025 2429
1979 2430
861 2431
744 2432
1369 2433
2140 2434
206 2435
1305 2436
2247 2437
1860 2438
2351 2439
480 2440
217 2441
778 2442
2067 2443
1517 2444
344 2445
35 2446
1315 2447
2137 2448
26 2449
741 2450
503 2451
253 2452
975 2453
2345 2454
2424 2455
312 2456
1522 2457
1207 2458
1720 2459
51 2460
1769 2461
803 2462
306 2463
1224 2464
952 2465
1602 2466
1757 2467
545 2468
141 2469
1034 2470
924 2471
422 2472
126 2473
778 2474
132 2475
2198 2476
1492 2477
1414 2478
2452 2479
997 2480
79 2481
2166 2482
2481 2483
337 2484
2083 2485
99 2486
1828 2487
514 2488
1116 2489
1004 2490
1095 2491
1964 2492
2079 2493
2456 2494
1930 2495
533 2496
351 2497
2353 2498
220 2499
221 2500
943 2501
2162 2502
226 2503
2051 2504
1039 2505
244 2506
1927 2507
2314 2508
1101 2509
940 2510
1949 2511
2066 2512
857 2513
1288 2514
52 2515
2449 2516
713 2517
135 2518
482 2519
282 2520
1315 2521
521 2522
2014 2523
504 2524
1485 2525
1373 2526
2143 2527
2166 2528
1770 2529
780 2530
2442 2531
1135 2532
2165 2533
2205 2534
508 2535
446 2536
87 2537
2023 2538
1420 2539
1943 2540
716 2541
1988 2542
2053 2543
1929 2544
85 2545
448 2546
409 2547
623 2548
1402 2549
1886 2550
67 2551
551 2552
432 2553
1136 2554
1484 2555
2334 2556
1810 2557
1505 2558
1212 2559
1244 2560
2410 2561
1249 2562
24 2563
1858 2564
52 2565
2329 2566
2067 2567
1607 2568
2110 2569
268 2570
1397 2571
712 2572
2154 2573
604 2574
220 2575
2256 2576
2215 2577
1216 2578
88 2579
1912 2580
1053 2581
2566 2582
15 2583
827 2584
491 2585
449 2586
115 2587
87 2588
372 2589
2185 2590
980 2591
1198 2592
698 2593
588 2594
150 2595
1161 2596
1623 2597
1312 2598
1802 2599
2355 2600
475 2601
958 2602
1880 2603
307 2604
598 2605
1506 2606
1340 2607
1523 2608
2028 2609
1264 2610
1423 2611
885 2612
1886 2613
1645 2614
764 2615
2275 2616
479 2617
233 2618
2062 2619
2028 2620
667 2621
505 2622
896 2623
2207 2624
461 2625
1670 2626
591 2627
722 2628
2577 2629
366 2630
2091 2631
2027 2632
906 2633
588 2634
805 2635
2108 2636
315 2637
475 2638
1470 2639
1581 2640
1713 2641
668 2642
332 2643
927 2644
2170 2645
622 2646
1736 2647
1109 2648
387 2649
1603 2650
101 2651
1002 2652
1872 2653
327 2654
354 2655
1618 2656
946 2657
2477 2658
199 2659
1507 2660
320 2661
1639 2662
370 2663
790 2664
860 2665
1713 2666
640 2667
917 2668
1879 2669
597 2670
2594 2671
815 2672
123 2673
1247 2674
195 2675
225 2676
193 2677
534 2678
2441 2679
1254 2680
1359 2681
1016 2682
2477 2683
16 2684
2250 2685
2610 2686
2305 2687
531 2688
1959 2689
24 2690
889 2691
1210 2692
123 2693
1779 2694
2461 2695
1663 2696
745 2697
360 2698
577 2699
340 2700
1483 2701
2487 2702
1913 2703
2440 2704
288 2705
2381 2706
1118 2707
2662 2708
960 2709
2023 2710
2013 2711
1802 2712
1420 2713
2422 2714
2624 2715
688 2716
2029 2717
2561 2718
2677 2719
620 2720
2501 2721
1582 2722
245 2723
973 2724
1508 2725
2301 2726
1192 2727
517 2728
120 2729
2336 2730
1936 2731
1958 2732
768 2733
672 2734
2222 2735
1170 2736
466 2737
1914 2738
2600 2739
866 2740
1318 2741
2313 2742
1537 2743
865 2744
1850 2745
2437 2746
2717 2747
1195 2748
1168 2749
2032 2750
252 2751
340 2752
282 2753
296 2754
498 2755
1143 2756
814 2757
1874 2758
287 2759
2065 2760
147 2761
1149 2762
2596 2763
1688 2764
1918 2765
770 2766
775 2767
310 2768
608 2769
1215 2770
2738 2771
1710 2772
2685 2773
1221 2774
1315 2775
376 2776
2440 2777
193 2778
2423 2779
138 2780
701 2781
2247 2782
13 2783
602 2784
27 2785
2115 2786
2718 2787
1447 2788
1166 2789
71 2790
1177 2791
657 2792
225 2793
238 2794
1171 2795
1 2796
2273 2797
154 2798
2434 2799
1639 2800
737 2801
1638 2802
2610 2803
1116 2804
1294 2805
80 2806
845 2807
1892 2808
2335 2809
1560 2810
554 2811
2597 2812
1411 2813
2139 2814
1178 2815
2245 2816
1388 2817
390 2818
2807 2819
2199 2820
947 2821
29 2822
1244 2823
2565 2824
2133 2825
2625 2826
580 2827
1981 2828
2813 2829
2708 2830
226 2831
2435 2832
150 2833
912 2834
102 2835
2382 2836
1666 2837
1884 2838
2448 2839
2323 2840
177 2841
2470 2842
1287 2843
1006 2844
1041 2845
1234 2846
2115 2847
1011 2848
2672 2849
418 2850
966 2851
1215 2852
2184 2853
1161 2854
888 2855
2658 2856
2015 2857
564 2858
2389 2859
2076 2860
114 2861
413 2862
1668 2863
2160 2864
1510 2865
722 2866
2129 2867
2052 2868
872 2869
1536 2870
406 2871
279 2872
787 2873
1720 2874
1453 2875
930 2876
1375 2877
1137 2878
396 2879
49 2880
2473 2881
1742 2882
931 2883
1999 2884
1350 2885
1163 2886
1865 2887
1227 2888
2392 2889
1609 2890
877 2891
242 2892
1608 2893
1650 2894
2834 2895
1564 2896
1837 2897
1537 2898
909 2899
1062 2900
2760 2901
1177 2902
2121 2903
315 2904
669 2905
1785 2906
1953 2907
2575 2908
1534 2909
1980 2910
648 2911
2659 2912
1543 2913
1853 2914
1008 2915
215 2916
2206 2917
2709 2918
1180 2919
1164 2920
1618 2921
79 2922
2848 2923
2100 2924
2158 2925
1842 2926
1375 2927
1333 2928
1672 2929
550 2930
1760 2931
1454 2932
2716 2933
1999 2934
2450 2935
30 2936
708 2937
1876 2938
31 2939
855 2940
800 2941
1475 2942
1518 2943
2041 2944
294 2945
359 2946
1627 2947
119 2948
1144 2949
1199 2950
2754 2951
1578 2952
2610 2953
1774 2954
1700 2955
20 2956
750 2957
2732 2958
2587 2959
722 2960
310 2961
1642 2962
983 2963
912 2964
398 2965
2570 2966
1141 2967
628 2968
1237 2969
186 2970
1394 2971
2462 2972
2717 2973
615 2974
1791 2975
1517 2976
1756 2977
1990 2978
2847 2979
398 2980
1492 2981
1290 2982
690 2983
425 2984
1988 2985
2695 2986
4 2987
1132 2988
2040 2989
1987 2990
516 2991
2231 2992
1759 2993
1336 2994
1407 2995
2654 2996
31 2997
277 2998
2024 2999
1830 3000
2910 3001
2114 3002
1775 3003
1574 3004
1477 3005
2148 3006
486 3007
1499 3008
2585 3009
2473 3010
2500 3011
2580 3012
255 3013
2792 3014
1746 3015
288 3016
241 3017
1258 3018
652 3019
2199 3020
441 3021
1182 3022
1240 3023
1615 3024
2544 3025
305 3026
815 3027
2207 3028
667 3029
1190 3030
1880 3031
449 3032
2204 3033
2920 3034
904 3035
2257 3036
978 3037
699 3038
674 3039
723 3040
381 3041
91 3042
2820 3043
1148 3044
1282 3045
1031 3046
2144 3047
354 3048
2124 3049
2154 3050
1336 3051
557 3052
855 3053
2713 3054
1095 3055
2396 3056
1586 3057
158 3058
818 3059
935 3060
2085 3061
1382 3062
1762 3063
1884 3064
1255 3065
2875 3066
710 3067
308 3068
2960 3069
1376 3070
240 3071
917 3072
1580 3073
991 3074
2045 3075
1425 3076
816 3077
2438 3078
1266 3079
1653 3080
696 3081
1909 3082
1063 3083
2851 3084
2787 3085
2441 3086
2824 3087
945 3088
1658 3089
2804 3090
415 3091
1783 3092
3086 3093
2653 3094
1056 3095
1197 3096
70 3097
1245 3098
2834 3099
2686 3100
2886 3101
1967 3102
1943 3103
1331 3104
1673 3105
464 3106
2243 3107
912 3108
1399 3109
2298 3110
3062 3111
2484 3112
61 3113
873 3114
83 3115
2231 3116
3010 3117
1708 3118
1439 3119
3089 3120
98 3121
2481 3122
1537 3123
2837 3124
2938 3125
2862 3126
1636 3127
1496 3128
2030 3129
1314 3130
2580 3131
229 3132
1728 3133
61 3134
2526 3135
1688 3136
2772 3137
319 3138
1246 3139
2378 3140
2504 3141
1416 3142
2478 3143
2242 3144
2688 3145
2296 3146
2984 3147
2001 3148
2765 3149
1306 3150
2119 3151
2192 3152
1206 3153
443 3154
2161 3155
2269 3156
828 3157
2334 3158
2912 3159
1662 3160
1431 3161
366 3162
706 3163
1420 3164
1622 3165
2608 3166
518 3167
2468 3168
1695 3169
1291 3170
2547 3171
3119 3172
1675 3173
161 3174
895 3175
2443 3176
1639 3177
1388 3178
2271 3179
661 3180
2650 3181
234 3182
132 3183
1140 3184
1446 3185
2287 3186
2340 3187
2088 3188
2631 3189
636 3190
295 3191
855 3192
581 3193
1897 3194
759 3195
1776 3196
614 3197
705 3198
1598 3199
1258 3200
3018 3201
3065 3202
2632 3203
2595 3204
308 3205
521 3206
2833 3207
497 3208
1473 3209
2805 3210
2087 3211
2751 3212
1522 3213
2685 3214
1017 3215
292 3216
3030 3217
1118 3218
113 3219
1751 3220
3093 3221
2210 3222
2721 3223
105 3224
57 3225
1037 3226
2997 3227
1562 3228
1946 3229
2997 3230
1580 3231
1852 3232
2816 3233
549 3234
138 3235
1539 3236
2517 3237
1462 3238
2309 3239
185 3240
1315 3241
2585 3242
2729 3243
1579 3244
2046 3245
2472 3246
467 3247
955 3248
2230 3249
691 3250
2300 3251
774 3252
1411 3253
2635 3254
1085 3255
1133 3256
2855 3257
1176 3258
693 3259
587 3260
1126 3261
40 3262
2796 3263
92 3264
1451 3265
2773 3266
572 3267
2503 3268
25 3269
1073 3270
2973 3271
2492 3272
3166 3273
3106 3274
2349 3275
2784 3276
2074 3277
215 3278
1788 3279
898 3280
2052 3281
1577 3282
198 3283
1711 3284
715 3285
34 3286
1473 3287
2261 3288
1399 3289
1330 3290
980 3291
3136 3292
1232 3293
2846 3294
603 3295
2222 3296
371 3297
1053 3298
977 3299
1809 3300
792 3301
2981 3302
2481 3303
164 3304
215 3305
639 3306
1133 3307
2403 3308
2370 3309
2523 3310
1311 3311
2405 3312
2462 3313
2350 3314
1134 3315
2718 3316
171 3317
3249 3318
1637 3319
2966 3320
3157 3321
2089 3322
532 3323
3162 3324
1311 3325
3101 3326
2245 3327
1086 3328
3206 3329
2460 3330
893 3331
230 3332
452 3333
1907 3334
2126 3335
2673 3336
446 3337
1258 3338
46 3339
1017 3340
2128 3341
462 3342
2683 3343
129 3344
1954 3345
294 3346
1959 3347
2497 3348
2128 3349
1118 3350
2502 3351
56 3352
840 3353
644 3354
3178 3355
890 3356
2554 3357
2426 3358
667 3359
398 3360
48 3361
1044 3362
1351 3363
1282 3364
26 3365
2689 3366
3050 3367
1068 3368
1800 3369
2864 3370
626 3371
1123 3372
1398 3373
1580 3374
577 3375
3066 3376
3269 3377
1997 3378
727 3379
2138 3380
2189 3381
649 3382
843 3383
1676 3384
2957 3385
3080 3386
2004 3387
194 3388
937 3389
3053 3390
2003 3391
2084 3392
632 3393
414 3394
2674 3395
2105 3396
1987 3397
2933 3398
2160 3399
2613 3400
363 3401
1156 3402
1206 3403
2038 3404
2361 3405
571 3406
3395 3407
366 3408
1476 3409
1703 3410
346 3411
913 3412
1434 3413
1282 3414
2147 3415
1485 3416
1384 3417
2971 3418
599 3419
3274 3420
3199 3421
1663 3422
2011 3423
333 3424
3190 3425
2062 3426
2220 3427
3332 3428
439 3429
284 3430
267 3431
3354 3432
2627 3433
284 3434
1777 3435
727 3436
292 3437
1288 3438
2544 3439
771 3440
286 3441
471 3442
1493 3443
1551 3444
2065 3445
1974 3446
2839 3447
481 3448
2119 3449
143 3450
735 3451
3433 3452
1067 3453
2485 3454
1286 3455
1641 3456
298 3457
2602 3458
585 3459
2632 3460
1043 3461
2370 3462
2789 3463
786 3464
1109 3465
2025 3466
545 3467
940 3468
2624 3469
2456 3470
824 3471
130 3472
2505 3473
2029 3474
141 3475
373 3476
3265 3477
1221 3478
3306 3479
1882 3480
1521 3481
2370 3482
1671 3483
2119 3484
2056 3485
1252 3486
2802 3487
3321 3488
2859 3489
210 3490
2049 3491
1026 3492
1840 3493
999 3494
3194 3495
2543 3496
2156 3497
2505 3498
586 3499
1371 3500
2385 3501
1229 3502
3238 3503
1776 3504
3031 3505
258 3506
866 3507
3432 3508
2611 3509
2515 3510
907 3511
204 3512
725 3513
1897 3514
1566 3515
3468 3516
3502 3517
373 3518
2843 3519
653 3520
1626 3521
2245 3522
2084 3523
755 3524
3012 3525
2324 3526
3269 3527
483 3528
972 3529
1492 3530
3323 3531
435 3532
2258 3533
353 3534
522 3535
1746 3536
366 3537
1656 3538
1310 3539
707 3540
799 3541
2302 3542
129 3543
2335 3544
3266 3545
873 3546
994 3547
1494 3548
1484 3549
1205 3550
32 3551
3507 3552
1532 3553
291 3554
670 3555
307 3556
1655 3557
353 3558
3091 3559
388 3560
1392 3561
1334 3562
2692 3563
1624 3564
3292 3565
854 3566
970 3567
1021 3568
1172 3569
2093 3570
3049 3571
1557 3572
916 3573
506 3574
2130 3575
2745 3576
3314 3577
3198 3578
1456 3579
3476 3580
2409 3581
774 3582
35 3583
494 3584
2043 3585
1434 3586
1721 3587
2194 3588
2645 3589
1197 3590
2855 3591
1935 3592
1088 3593
1121 3594
2746 3595
2315 3596
139 3597
19 3598
2472 3599
2435 3600
2311 3601
1944 3602
609 3603
2200 3604
1078 3605
2031 3606
1392 3607
1062 3608
748 3609
2155 3610
2199 3611
3001 3612
266 3613
2824 3614
1798 3615
636 3616
2564 3617
1181 3618
3285 3619
137 3620
90 3621
659 3622
3182 3623
437 3624
3193 3625
843 3626
3043 3627
3081 3628
2927 3629
2619 3630
2915 3631
3330 3632
7 3633
2721 3634
162 3635
3382 3636
3351 3637
1790 3638
156 3639
1268 3640
1826 3641
3417 3642
3214 3643
1386 3644
2983 3645
435 3646
3069 3647
2381 3648
3558 3649
3133 3650
152 3651
2877 3652
941 3653
3496 3654
1321 3655
2566 3656
2489 3657
679 3658
158 3659
515 3660
1217 3661
3303 3662
468 3663
837 3664
1011 3665
1379 3666
1129 3667
1875 3668
1016 3669
3123 3670
3433 3671
490 3672
157 3673
3550 3674
3124 3675
1059 3676
2277 3677
3272 3678
1937 3679
1011 3680
745 3681
1367 3682
1041 3683
2910 3684
3303 3685
3404 3686
2430 3687
2765 3688
399 3689
1343 3690
368 3691
2552 3692
2755 3693
833 3694
2425 3695
3341 3696
490 3697
2476 3698
1024 3699
2195 3700
2818 3701
562 3702
2166 3703
2357 3704
2939 3705
2894 3706
1550 3707
597 3708
2153 3709
919 3710
2117 3711
812 3712
3469 3713
1316 3714
412 3715
3228 3716
1274 3717
3286 3718
2302 3719
1428 3720
3272 3721
924 3722
1163 3723
1401 3724
3004 3725
433 3726
3386 3727
3115 3728
891 3729
3030 3730
2876 3731
3024 3732
3156 3733
1565 3734
2528 3735
2243 3736
673 3737
2362 3738
1784 3739
1537 3740
561 3741
375 3742
2473 3743
506 3744
1984 3745
2019 3746
3344 3747
787 3748
2316 3749
51 3750
128 3751
2694 3752
3085 3753
2602 3754
3750 3755
293 3756
3611 3757
3357 3758
3110 3759
3124 3760
851 3761
839 3762
2860 3763
2646 3764
2306 3765
1090 3766
3471 3767
3123 3768
3213 3769
91 3770
1686 3771
2581 3772
335 3773
691 3774
3465 3775
3108 3776
2947 3777
2560 3778
2146 3779
2661 3780
1552 3781
880 3782
144 3783
1196 3784
1905 3785
2851 3786
1086 3787
1182 3788
313 3789
135 3790
1752 3791
1890 3792
561 3793
2001 3794
377 3795
917 3796
3425 3797
110 3798
1331 3799
2353 3800
806 3801
1680 3802
2878 3803
878 3804
1079 3805
871 3806
2528 3807
2971 3808
10 3809
668 3810
2680 3811
2542 3812
1257 3813
3103 3814
2356 3815
301 3816
3490 3817
1760 3818
1629 3819
974 3820
1865 3821
3461 3822
2600 3823
3464 3824
798 3825
3477 3826
3733 3827
2550 3828
106 3829
349 3830
3041 3831
114 3832
3820 3833
201 3834
1001 3835
84 3836
3409 3837
3821 3838
2264 3839
2108 3840
1715 3841
1217 3842
16 3843
3048 3844
315 3845
1668 3846
1241 3847
690 3848
3077 3849
1615 3850
97 3851
3263 3852
1626 3853
3627 3854
227 3855
3678 3856
3570 3857
3399 3858
821 3859
2681 3860
771 3861
3787 3862
3225 3863
1294 3864
1842 3865
1596 3866
5 3867
1046 3868
3727 3869
3564 3870
1350 3871
2830 3872
1283 3873
932 3874
2798 3875
1153 3876
3293 3877
2887 3878
1587 3879
2305 3880
1005 3881
2233 3882
696 3883
3740 3884
1271 3885
2305 3886
714 3887
1692 3888
961 3889
3739 3890
2100 3891
1944 3892
651 3893
3799 3894
1803 3895
528 3896
2757 3897
617 3898
2386 3899
3476 3900
203 3901
114 3902
2956 3903
1597 3904
3675 3905
3799 3906
57 3907
777 3908
2522 3909
929 3910
605 3911
2179 3912
1259 3913
1875 3914
1151 3915
398 3916
1969 3917
1800 3918
149 3919
3816 3920
1657 3921
1166 3922
2172 3923
1274 3924
2946 3925
111 3926
2005 3927
2968 3928
3579 3929
509 3930
2940 3931
3217 3932
2949 3933
83 3934
390 3935
2869 3936
1924 3937
2252 3938
3812 3939
3739 3940
1129 3941
385 3942
1320 3943
2443 3944
1500 3945
2415 3946
3471 3947
270 3948
17 3949
766 3950
1246 3951
793 3952
681 3953
2068 3954
3539 3955
1958 3956
2643 3957
3430 3958
3886 3959
1120 3960
612 3961
1978 3962
3108 3963
3519 3964
3106 3965
886 3966
1478 3967
1974 3968
284 3969
2294 3970
356 3971
1881 3972
42 3973
1252 3974
3678 3975
2194 3976
3352 3977
1325 3978
3764 3979
3718 3980
3120 3981
2221 3982
2537 3983
785 3984
434 3985
3260 3986
1279 3987
2810 3988
237 3989
1282 3990
1530 3991
2118 3992
3394 3993
319 3994
1309 3995
2095 3996
3474 3997
170 3998
364 3999
1854 4000
1221 4001
3071 4002
3181 4003
2904 4004
58 4005
3758 4006
2744 4007
3485 4008
1316 4009
81 4010
784 4011
1281 4012
1236 4013
457 4014
877 4015
1016 4016
781 4017
3124 4018
2976 4019
3386 4020
438 4021
3798 4022
687 4023
553 4024
33 4025
880 4026
1990 4027
2644 4028
1206 4029
349 4030
2630 4031
215 4032
3074 4033
1077 4034
281 4035
1763 4036
788 4037
1608 4038
525 4039
1235 4040
1253 4041
787 4042
3769 4043
1187 4044
3844 4045
3705 4046
3073 4047
3066 4048
1740 4049
3464 4050
441 4051
143 4052
2955 4053
2094 4054
3342 4055
744 4056
846 4057
365 4058
2843 4059
3088 4060
3972 4061
3038 4062
2387 4063
1313 4064
3423 4065
2696 4066
977 4067
1420 4068
3169 4069
3128 4070
554 4071
3383 4072
3863 4073
599 4074
165 4075
2245 4076
2802 4077
571 4078
640 4079
1465 4080
3151 4081
3284 4082
62 4083
1245 4084
1341 4085
999 4086
352 4087
651 4088
2364 4089
3552 4090
2459 4091
3060 4092
407 4093
613 4094
2565 4095
3182 4096
159 4097
2819 4098
2232 4099
872 4100
3160 4101
2642 4102
2405 4103
3139 4104
576 4105
1333 4106
3029 4107
1681 4108
1376 4109
629 4110
2895 4111
2136 4112
989 4113
3138 4114
2771 4115
104 4116
1452 4117
3856 4118
2520 4119
3402 4120
3466 4121
129 4122
747 4123
3972 4124
1657 4125
3708 4126
3022 4127
3544 4128
678 4129
1698 4130
2762 4131
2360 4132
3432 4133
898 4134
3839 4135
2676 4136
3694 4137
2087 4138
924 4139
1714 4140
3672 4141
2562 4142
626 4143
3287 4144
3633 4145
1639 4146
704 4147
2384 4148
3822 4149
632 4150
1944 4151
740 4152
1054 4153
3059 4154
3669 4155
153 4156
3400 4157
3846 4158
1560 4159
413 4160
206 4161
1105 4162
3804 4163
4122 4164
1800 4165
2407 4166
3124 4167
1990 4168
3659 4169
2185 4170
2113 4171
3027 4172
2295 4173
3865 4174
3760 4175
3772 4176
1766 4177
3299 4178
582 4179
2944 4180
711 4181
4164 4182
2584 4183
1411 4184
1805 4185
1470 4186
4131 4187
1015 4188
1442 4189
4174 4190
3533 4191
177 4192
1322 4193
2185 4194
3675 4195
2325 4196
2119 4197
2845 4198
2547 4199
3123 4200
2857 4201
1596 4202
3333 4203
1594 4204
3636 4205
2510 4206
3568 4207
794 4208
584 4209
3282 4210
2825 4211
624 4212
1089 4213
2763 4214
1426 4215
2612 4216
269 4217
1392 4218
4005 4219
1398 4220
158 4221
2105 4222
1542 4223
1022 4224
2285 4225
69 4226
2265 4227
2144 4228
4103 4229
2588 4230
1081 4231
1277 4232
1030 4233
451 4234
2557 4235
3827 4236
3379 4237
3589 4238
3593 4239
3889 4240
1683 4241
1295 4242
4054 4243
3229 4244
726 4245
2221 4246
1645 4247
2786 4248
1457 4249
2305 4250
2461 4251
210 4252
2511 4253
1077 4254
1628 4255
2073 4256
3768 4257
1354 4258
582 4259
332 4260
1398 4261
4067 4262
2133 4263
606 4264
1733 4265
3177 4266
67 4267
2760 4268
1739 4269
487 4270
1293 4271
4037 4272
699 4273
2032 4274
2794 4275
674 4276
1559 4277
648 4278
918 4279
1976 4280
1264 4281
246 4282
2694 4283
2884 4284
240 4285
997 4286
3923 4287
3941 4288
607 4289
1344 4290
2570 4291
1509 4292
2256 4293
1430 4294
540 4295
3408 4296
524 4297
3996 4298
3593 4299
273 4300
3399 4301
248 4302
3614 4303
3927 4304
686 4305
2654 4306
2093 4307
2919 4308
2230 4309
2984 4310
183 4311
867 4312
2386 4313
1774 4314
3592 4315
457 4316
14 4317
3108 4318
1429 4319
1036 4320
2330 4321
3466 4322
2455 4323
884 4324
1403 4325
1403 4326
3818 4327
3717 4328
638 4329
421 4330
1619 4331
3652 4332
2601 4333
704 4334
2525 4335
835 4336
1126 4337
4093 4338
4185 4339
1702 4340
1090 4341
392 4342
2986 4343
3937 4344
22 4345
2847 4346
3175 4347
2681 4348
3602 4349
225 4350
8 4351
3852 4352
3164 4353
1465 4354
2284 4355
1914 4356
4252 4357
936 4358
1182 4359
1148 4360
2762 4361
1203 4362
2789 4363
1040 4364
3917 4365
3407 4366
2559 4367
59 4368
1951 4369
1190 4370
3523 4371
3258 4372
2756 4373
3267 4374
1416 4375
2184 4376
1570 4377
2241 4378
2914 4379
2706 4380
3690 4381
4032 4382
2190 4383
465 4384
2733 4385
742 4386
346 4387
3340 4388
741 4389
3805 4390
2631 4391
799 4392
179 4393
4049 4394
1314 4395
4192 4396
2189 4397
3560 4398
3068 4399
3576 4400
1915 4401
3563 4402
3331 4403
2210 4404
3649 4405
1098 4406
12 4407
626 4408
2775 4409
4285 4410
2456 4411
1188 4412
2988 4413
249 4414
1078 4415
1073 4416
3987 4417
2971 4418
1337 4419
2790 4420
2527 4421
4344 4422
4162 4423
3010 4424
1583 4425
3189 4426
4255 4427
3070 4428
2510 4429
207 4430
1838 4431
411 4432
3501 4433
2564 4434
627 4435
1791 4436
486 4437
4329 4438
3463 4439
3924 4440
13 4441
2358 4442
2610 4443
3893 4444
1977 4445
2820 4446
3353 4447
2576 4448
66 4449
4317 4450
650 4451
2104 4452
4418 4453
881 4454
1525 4455
4322 4456
2747 4457
2202 4458
2009 4459
284 4460
2442 4461
3564 4462
519 4463
1976 4464
4390 4465
4281 4466
869 4467
2039 4468
3939 4469
3444 4470
372 4471
1775 4472
1020 4473
1897 4474
1000 4475
1059 4476
1929 4477
2135 4478
2385 4479
4424 4480
4337 4481
1532 4482
1564 4483
1450 4484
936 4485
1035 4486
1955 4487
2691 4488
231 4489
3160 4490
2819 4491
786 4492
1682 4493
1507 4494
585 4495
1115 4496
4173 4497
548 4498
615 4499
1492 4500
4423 4501
1710 4502
2119 4503
1232 4504
3062 4505
3180 4506
1939 4507
120 4508
4386 4509
2113 4510
2007 4511
4199 4512
896 4513
3133 4514
857 4515
3227 4516
4257 4517
4240 4518
514 4519
3347 4520
1003 4521
2406 4522
362 4523
4200 4524
2096 4525
3437 4526
1617 4527
1105 4528
4480 4529
1764 4530
2713 4531
2791 4532
2883 4533
983 4534
1367 4535
3754 4536
3375 4537
4238 4538
2273 4539
3373 4540
380 4541
1400 4542
3773 4543
4279 4544
2886 4545
770 4546
3296 4547
598 4548
2178 4549
3797 4550
3822 4551
2933 4552
2409 4553
4042 4554
2282 4555
1534 4556
1678 4557
3346 4558
3109 4559
4285 4560
2178 4561
3904 4562
2297 4563
3120 4564
2502 4565
2613 4566
3656 4567
2022 4568
846 4569
141 4570
1050 4571
4318 4572
827 4573
4492 4574
2118 4575
2552 4576
139 4577
1139 4578
4374 4579
2560 4580
3214 4581
874 4582
170 4583
1955 4584
890 4585
1351 4586
2990 4587
4103 4588
363 4589
4388 4590
3992 4591
3208 4592
2392 4593
2894 4594
4429 4595
3069 4596
3434 4597
2162 4598
620 4599
4119 4600
3807 4601
2959 4602
3135 4603
1251 4604
937 4605
2689 4606
357 4607
2445 4608
1869 4609
459 4610
2425 4611
2769 4612
1372 4613
4411 4614
1157 4615
908 4616
818 4617
1527 4618
3592 4619
593 4620
2558 4621
3487 4622
1041 4623
3968 4624
1232 4625
1458 4626
4389 4627
803 4628
1954 4629
2685 4630
327 4631
1024 4632
3614 4633
1737 4634
4410 4635
3124 4636
2357 4637
2506 4638
4308 4639
1904 4640
77 4641
2312 4642
4102 4643
2176 4644
4210 4645
1317 4646
3575 4647
4220 4648
2132 4649
1699 4650
1236 4651
2367 4652
1762 4653
898 4654
1652 4655
4197 4656
573 4657
3821 4658
295 4659
3770 4660
3083 4661
3624 4662
1371 4663
639 4664
2087 4665
2138 4666
2102 4667
2458 4668
4617 4669
2842 4670
1606 4671
1237 4672
3260 4673
3444 4674
3577 4675
703 4676
224 4677
2728 4678
4506 4679
1703 4680
2562 4681
2658 4682
230 4683
3394 4684
2888 4685
1033 4686
2356 4687
4090 4688
2406 4689
961 4690
4040 4691
3450 4692
687 4693
1587 4694
4588 4695
798 4696
650 4697
1143 4698
3669 4699
3677 4700
610 4701
1830 4702
1064 4703
3575 4704
483 4705
406 4706
681 4707
2280 4708
308 4709
4270 4710
968 4711
1593 4712
372 4713
4175 4714
3635 4715
797 4716
573 4717
3716 4718
4140 4719
954 4720
3839 4721
2540 4722
1630 4723
1323 4724
2828 4725
509 4726
2147 4727
2992 4728
4561 4729
79 4730
2511 4731
773 4732
1392 4733
4441 4734
2393 4735
304 4736
3375 4737
3375 4738
2986 4739
2829 4740
626 4741
4717 4742
2434 4743
4218 4744
2682 4745
865 4746
4027 4747
2426 4748
3940 4749
2751 4750
3171 4751
1275 4752
2182 4753
3765 4754
2930 4755
2252 4756
2845 4757
4029 4758
1689 4759
4082 4760
2839 4761
3760 4762
2885 4763
1618 4764
3638 4765
379 4766
374 4767
155 4768
3122 4769
2082 4770
3142 4771
3479 4772
4395 4773
3710 4774
4503 4775
2204 4776
1324 4777
4379 4778
325 4779
188 4780
565 4781
2046 4782
3112 4783
4599 4784
945 4785
3970 4786
1594 4787
3517 4788
1698 4789
1964 4790
3801 4791
2485 4792
703 4793
4686 4794
981 4795
3937 4796
902 4797
2726 4798
3164 4799
4614 4800
2009 4801
3233 4802
4209 4803
616 4804
4101 4805
3952 4806
1056 4807
3630 4808
3025 4809
1623 4810
1728 4811
2828 4812
1991 4813
2866 4814
3004 4815
1283 4816
4295 4817
2104 4818
1073 4819
1494 4820
1047 4821
95 4822
1322 4823
4278 4824
3148 4825
1333 4826
3637 4827
496 4828
4061 4829
1272 4830
2785 4831
1165 4832
112 4833
2205 4834
904 4835
1654 4836
1933 4837
3573 4838
1949 4839
1295 4840
124 4841
4132 4842
4012 4843
2701 4844
1455 4845
1520 4846
1828 4847
91 4848
4821 4849
516 4850
2674 4851
2050 4852
3628 4853
3952 4854
4619 4855
3766 4856
4241 4857
1600 4858
2156 4859
580 4860
4350 4861
4081 4862
3502 4863
2063 4864
3970 4865
4050 4866
1196 4867
3670 4868
4817 4869
608 4870
4533 4871
4 4872
4521 4873
132 4874
3907 4875
1047 4876
3584 4877
4413 4878
140 4879
4085 4880
4462 4881
897 4882
4245 4883
3857 4884
4439 4885
2299 4886
4377 4887
3410 4888
3813 4889
1080 4890
422 4891
4776 4892
2991 4893
1912 4894
2095 4895
3370 4896
270 4897
1503 4898
4483 4899
4351 4900
1337 4901
11 4902
231 4903
2672 4904
2948 4905
3661 4906
98 4907
1897 4908
1562 4909
4851 4910
3497 4911
1541 4912
1773 4913
4736 4914
2578 4915
3214 4916
2857 4917
4409 4918
1228 4919
3008 4920
441 4921
4006 4922
3943 4923
3466 4924
4552 4925
386 4926
2672 4927
3455 4928
3536 4929
4726 4930
3331 4931
698 4932
2212 4933
3328 4934
4163 4935
3231 4936
3223 4937
3805 4938
1569 4939
4207 4940
2652 4941
889 4942
3704 4943
4858 4944
461 4945
1129 4946
869 4947
3260 4948
4470 4949
607 4950
3633 4951
3622 4952
1647 4953
3091 4954
3868 4955
2767 4956
3558 4957
2169 4958
3728 4959
4652 4960
4415 4961
4045 4962
256 4963
3025 4964
4557 4965
2774 4966
896 4967
30 4968
256 4969
2856 4970
2524 4971
4706 4972
2460 4973
2042 4974
4201 4975
2852 4976
520 4977
965 4978
3704 4979
1099 4980
2157 4981
1514 4982
1968 4983
370 4984
1743 4985
2375 4986
3331 4987
3307 4988
4246 4989
3409 4990
2438 4991
2608 4992
2362 4993
1126 4994
4023 4995
3422 4996
2390 4997
4367 4998
4483 4999
2162 5000
86 5001
3139 5002
1754 5003
1530 5004
4013 5005
4818 5006
4777 5007
115 5008
1735 5009
353 5010
4371 5011
2076 5012
3927 5013
726 5014
4495 5015
3263 5016
2485 5017
3114 5018
112 5019
1652 5020
3178 5021
144 5022
4689 5023
215 5024
4496 5025
3922 5026
2794 5027
893 5028
1635 5029
3108 5030
4405 5031
53 5032
386 5033
24 5034
1728 5035
1700 5036
621 5037
482 5038
3703 5039
3284 5040
1482 5041
2843 5042
3485 5043
526 5044
4216 5045
4155 5046
1531 5047
350 5048
2428 5049
3512 5050
3112 5051
2378 5052
1600 5053
387 5054
4734 5055
3319 5056
2031 5057
337 5058
4091 5059
2561 5060
3013 5061
4973 5062
2012 5063
2717 5064
891 5065
263 5066
452 5067
3190 5068
3408 5069
357 5070
661 5071
3363 5072
2504 5073
244 5074
1921 5075
1438 5076
4677 5077
537 5078
36 5079
31 5080
4423 5081
672 5082
4139 5083
3278 5084
45 5085
4305 5086
2179 5087
5038 5088
4522 5089
3753 5090
2546 5091
2338 5092
2269 5093
3160 5094
4726 5095
4107 5096
3474 5097
2108 5098
4539 5099
3498 5100
1774 5101
2166 5102
2332 5103
3992 5104
623 5105
4478 5106
855 5107
1873 5108
4148 5109
955 5110
3883 5111
4515 5112
3791 5113
2247 5114
1951 5115
144 5116
4408 5117
4166 5118
1275 5119
4183 5120
4108 5121
2174 5122
2646 5123
2855 5124
1132 5125
4161 5126
4008 5127
876 5128
234 5129
3426 5130
653 5131
2883 5132
3313 5133
470 5134
955 5135
428 5136
2694 5137
1665 5138
1310 5139
4503 5140
988 5141
1941 5142
4324 5143
943 5144
832 5145
749 5146
1213 5147
3477 5148
2777 5149
2467 5150
520 5151
3538 5152
1645 5153
1001 5154
1602 5155
4581 5156
5086 5157
921 5158
5023 5159
3280 5160
1549 5161
4046 5162
4895 5163
4427 5164
70 5165
4885 5166
461 5167
3466 5168
4515 5169
4389 5170
2914 5171
2103 5172
137 5173
1990 5174
5042 5175
416 5176
4375 5177
3001 5178
1479 5179
5177 5180
1461 5181
1006 5182
4587 5183
1101 5184
3652 5185
3982 5186
3168 5187
4036 5188
3364 5189
1960 5190
5127 5191
3497 5192
1236 5193
4262 5194
3094 5195
2032 5196
613 5197
1395 5198
2845 5199
104 5200
3207 5201
4587 5202
4362 5203
4390 5204
4053 5205
4775 5206
1805 5207
4807 5208
208 5209
3946 5210
1998 5211
4156 5212
5144 5213
4633 5214
280 5215
4601 5216
1597 5217
90 5218
2485 5219
4560 5220
2388 5221
3576 5222
1717 5223
2053 5224
176 5225
4649 5226
2171 5227
5092 5228
2515 5229
5112 5230
1662 5231
1371 5232
1339 5233
2814 5234
963 5235
663 5236
2033 5237
4276 5238
5079 5239
2241 5240
1267 5241
1501 5242
4616 5243
2106 5244
2668 5245
3028 5246
712 5247
2908 5248
3002 5249
1198 5250
2929 5251
426 5252
1470 5253
1852 5254
4367 5255
3958 5256
5039 5257
2964 5258
683 5259
2415 5260
674 5261
19 5262
1993 5263
5122 5264
130 5265
3121 5266
656 5267
3605 5268
1507 5269
1278 5270
3070 5271
4053 5272
1007 5273
4616 5274
4627 5275
4819 5276
1966 5277
1610 5278
2082 5279
2588 5280
3238 5281
1541 5282
4364 5283
3457 5284
5048 5285
4579 5286
1419 5287
4885 5288
4554 5289
277 5290
4370 5291
343 5292
3423 5293
2117 5294
5144 5295
4261 5296
2015 5297
4642 5298
3180 5299
2204 5300
2485 5301
2500 5302
40 5303
4102 5304
3258 5305
852 5306
3955 5307
3110 5308
1034 5309
1795 5310
1268 5311
2798 5312
666 5313
3800 5314
2341 5315
1547 5316
2430 5317
2730 5318
3766 5319
4990 5320
1109 5321
1020 5322
2880 5323
1997 5324
2199 5325
1370 5326
7 5327
1662 5328
3686 5329
2702 5330
2582 5331
1805 5332
1496 5333
197 5334
4442 5335
978 5336
3434 5337
3824 5338
4112 5339
1861 5340
620 5341
4851 5342
2676 5343
4877 5344
3603 5345
5040 5346
4113 5347
4583 5348
542 5349
963 5350
5117 5351
2331 5352
2 5353
2893 5354
3993 5355
4248 5356
2979 5357
3181 5358
4092 5359
3503 5360
2240 5361
1131 5362
4525 5363
3956 5364
4446 5365
3597 5366
1792 5367
928 5368
365 5369
3886 5370
1651 5371
1438 5372
1556 5373
476 5374
2113 5375
1161 5376
2388 5377
2782 5378
2770 5379
3114 5380
4970 5381
724 5382
968 5383
3565 5384
1806 5385
4820 5386
3850 5387
2130 5388
4759 5389
3319 5390
3432 5391
2748 5392
1690 5393
1238 5394
3411 5395
2405 5396
5288 5397
3335 5398
832 5399
4901 5400
2807 5401
3892 5402
2141 5403
1339 5404
1051 5405
3612 5406
2021 5407
2720 5408
1395 5409
4035 5410
3071 5411
4634 5412
2171 5413
114 5414
2430 5415
1009 5416
3456 5417
4995 5418
3800 5419
2158 5420
5302 5421
214 5422
4139 5423
1240 5424
3256 5425
2261 5426
2325 5427
1709 5428
3011 5429
544 5430
1828 5431
1379 5432
165 5433
2226 5434
4505 5435
712 5436
472 5437
1603 5438
3576 5439
5159 5440
3130 5441
1138 5442
1229 5443
4617 5444
1745 5445
4131 5446
2734 5447
2556 5448
722 5449
4475 5450
4559 5451
2002 5452
4245 5453
1381 5454
2493 5455
1507 5456
878 5457
1080 5458
1832 5459
5166 5460
1120 5461
1844 5462
1309 5463
5172 5464
3807 5465
2059 5466
1414 5467
3281 5468
346 5469
3667 5470
5358 5471
4046 5472
3097 5473
258 5474
4849 5475
2111 5476
603 5477
1288 5478
5027 5479
4874 5480
2301 5481
245 5482
5252 5483
5032 5484
1463 5485
533 5486
4562 5487
27 5488
2380 5489
378 5490
241 5491
3888 5492
2735 5493
2642 5494
1372 5495
3166 5496
3852 5497
1071 5498
5370 5499
1846 5500
3870 5501
5138 5502
1243 5503
2815 5504
642 5505
1245 5506
4418 5507
515 5508
3971 5509
440 5510
5366 5511
1540 5512
2271 5513
3450 5514
535 5515
4397 5516
337 5517
784 5518
4988 5519
1920 5520
3536 5521
1835 5522
3093 5523
2962 5524
5074 5525
1372 5526
54 5527
3096 5528
98 5529
4664 5530
5394 5531
1292 5532
3063 5533
4890 5534
5038 5535
2045 5536
401 5537
1493 5538
2386 5539
2015 5540
1959 5541
3368 5542
4445 5543
5068 5544
3035 5545
3416 5546
1330 5547
4800 5548
1913 5549
412 5550
4405 5551
2999 5552
591 5553
3247 5554
1664 5555
3335 5556
360 5557
3083 5558
3122 5559
1384 5560
5385 5561
2192 5562
5144 5563
1220 5564
2132 5565
4251 5566
1103 5567
1646 5568
2930 5569
42 5570
1577 5571
1158 5572
5167 5573
2918 5574
1204 5575
5556 5576
2178 5577
3317 5578
2320 5579
3762 5580
1037 5581
899 5582
5166 5583
1809 5584
3758 5585
5097 5586
5145 5587
4943 5588
5156 5589
2128 5590
4473 5591
4567 5592
4377 5593
457 5594
4499 5595
3375 5596
3603 5597
5594 5598
1410 5599
3867 5600
817 5601
2685 5602
1882 5603
848 5604
1165 5605
1929 5606
812 5607
1715 5608
441 5609
4413 5610
5437 5611
3259 5612
4284 5613
5315 5614
3211 5615
1058 5616
3309 5617
4204 5618
4671 5619
4673 5620
2150 5621
2095 5622
4392 5623
2051 5624
2985 5625
516 5626
5004 5627
1039 5628
3545 5629
3793 5630
3596 5631
3266 5632
1767 5633
5055 5634
4267 5635
626 5636
3930 5637
5366 5638
5148 5639
1902 5640
4866 5641
1688 5642
84 5643
909 5644
5440 5645
2204 5646
3450 5647
4363 5648
3779 5649
3601 5650
3348 5651
354 5652
4752 5653
2735 5654
4888 5655
1681 5656
3440 5657
1792 5658
3002 5659
175 5660
75 5661
5565 5662
3955 5663
5507 5664
756 5665
885 5666
4716 5667
5325 5668
755 5669
2208 5670
5411 5671
881 5672
4906 5673
386 5674
3977 5675
5501 5676
1172 5677
3706 5678
3849 5679
4541 5680
985 5681
5104 5682
229 5683
1103 5684
773 5685
3006 5686
915 5687
3994 5688
679 5689
2797 5690
5463 5691
2374 5692
20 5693
2980 5694
4838 5695
5342 5696
1387 5697
2648 5698
4379 5699
4828 5700
361 5701
4834 5702
1819 5703
1852 5704
4575 5705
2493 5706
2039 5707
835 5708
1589 5709
3222 5710
4605 5711
726 5712
1425 5713
1037 5714
1710 5715
3950 5716
1774 5717
3249 5718
216 5719
714 5720
1960 5721
1023 5722
558 5723
4380 5724
2087 5725
3815 5726
3100 5727
524 5728
1457 5729
4465 5730
30 5731
887 5732
4791 5733
5713 5734
829 5735
1708 5736
1275 5737
4110 5738
1097 5739
4458 5740
1612 5741
3146 5742
3781 5743
4822 5744
2798 5745
4793 5746
2226 5747
3820 5748
4278 5749
5547 5750
4535 5751
5041 5752
4181 5753
3105 5754
4420 5755
3989 5756
4210 5757
3403 5758
4259 5759
9 5760
5756 5761
1576 5762
2252 5763
5532 5764
4952 5765
3563 5766
4019 5767
3374 5768
703 5769
4967 5770
3395 5771
5559 5772
5613 5773
1463 5774
2094 5775
113 5776
4959 5777
3990 5778
4755 5779
1184 5780
3661 5781
3138 5782
1468 5783
2736 5784
3508 5785
4534 5786
4481 5787
4083 5788
394 5789
4130 5790
3928 5791
2591 5792
5209 5793
5292 5794
4283 5795
1738 5796
3402 5797
1731 5798
3177 5799
2076 5800
4392 5801
5321 5802
1009 5803
1644 5804
4365 5805
5509 5806
3571 5807
630 5808
5360 5809
3102 5810
3317 5811
5589 5812
2328 5813
1023 5814
4650 5815
3684 5816
3627 5817
3331 5818
4711 5819
5445 5820
673 5821
310 5822
137 5823
4846 5824
1523 5825
350 5826
136 5827
2135 5828
4216 5829
1427 5830
2364 5831
2090 5832
3263 5833
4436 5834
319 5835
2737 5836
5008 5837
79 5838
2830 5839
4307 5840
2796 5841
2187 5842
4825 5843
2502 5844
822 5845
2429 5846
2150 5847
3856 5848
1693 5849
4531 5850
1825 5851
3760 5852
5384 5853
2386 5854
3911 5855
2807 5856
4205 5857
4923 5858
4652 5859
2546 5860
3512 5861
1262 5862
65 5863
4190 5864
5255 5865
5379 5866
1089 5867
5258 5868
1438 5869
2708 5870
2568 5871
661 5872
4317 5873
662 5874
156 5875
5141 5876
4479 5877
3094 5878
1666 5879
2165 5880
3097 5881
70 5882
2698 5883
2194 5884
4146 5885
5788 5886
5361 5887
2172 5888
3048 5889
2780 5890
5131 5891
2 5892
2751 5893
2845 5894
2134 5895
1924 5896
250 5897
879 5898
5347 5899
1411 5900
66 5901
1542 5902
1031 5903
3488 5904
2107 5905
1600 5906
2012 5907
3114 5908
1759 5909
4916 5910
530 5911
1737 5912
2461 5913
1950 5914
2807 5915
3565 5916
3982 5917
3967 5918
5217 5919
1292 5920
5807 5921
4336 5922
69 5923
4643 5924
1299 5925
277 5926
5112 5927
2902 5928
2485 5929
3454 5930
633 5931
3063 5932
385 5933
3483 5934
868 5935
2427 5936
5476 5937
4647 5938
1922 5939
2961 5940
784 5941
2166 5942
3146 5943
5914 5944
885 5945
5622 5946
5440 5947
3099 5948
1016 5949
2458 5950
439 5951
1079 5952
5359 5953
2210 5954
5811 5955
730 5956
3977 5957
2304 5958
3485 5959
2719 5960
2984 5961
5943 5962
3335 5963
5350 5964
5479 5965
3991 5966
245 5967
1752 5968
3278 5969
665 5970
908 5971
2458 5972
156 5973
3322 5974
3613 5975
3308 5976
849 5977
710 5978
5754 5979
3421 5980
5068 5981
5367 5982
2282 5983
5497 5984
1699 5985
1386 5986
5563 5987
5664 5988
521 5989
893 5990
3868 5991
5662 5992
2703 5993
2420 5994
5893 5995
2270 5996
4074 5997
4312 5998
4668 5999
3086 6000
2132 6001
1298 6002
3612 6003
2744 6004
5275 6005
3040 6006
4115 6007
183 6008
4287 6009
7 6010
1142 6011
3522 6012
4430 6013
1504 6014
947 6015
194 6016
4054 6017
3111 6018
1731 6019
3383 6020
4500 6021
599 6022
2726 6023
984 6024
2004 6025
4852 6026
1338 6027
4233 6028
1476 6029
4013 6030
5520 6031
272 6032
3064 6033
756 6034
5016 6035
277 6036
6006 6037
2310 6038
5363 6039
4032 6040
1021 6041
4117 6042
4251 6043
2523 6044
366 6045
5437 6046
3195 6047
3848 6048
2642 6049
585 6050
950 6051
2933 6052
4466 6053
5131 6054
5255 6055
4313 6056
734 6057
1540 6058
4803 6059
2083 6060
3135 6061
538 6062
3670 6063
2079 6064
5826 6065
5043 6066
54 6067
2399 6068
5855 6069
3052 6070
5877 6071
2264 6072
5814 6073
1357 6074
4123 6075
3347 6076
5078 6077
1517 6078
2663 6079
1088 6080
5781 6081
1054 6082
525 6083
2233 6084
2720 6085
5507 6086
5903 6087
1372 6088
3261 6089
964 6090
5128 6091
981 6092
5556 6093
1582 6094
4261 6095
5857 6096
457 6097
1014 6098
5830 6099
3492 6100
3177 6101
5763 6102
3030 6103
4910 6104
5537 6105
4573 6106
2342 6107
1144 6108
2255 6109
1832 6110
2562 6111
4482 6112
5018 6113
4526 6114
113 6115
2933 6116
4467 6117
2803 6118
2002 6119
307 6120
1045 6121
730 6122
1717 6123
16 6124
4850 6125
257 6126
5464 6127
643 6128
4238 6129
3247 6130
2608 6131
2590 6132
2491 6133
1422 6134
5451 6135
500 6136
1139 6137
4603 6138
3890 6139
3309 6140
2736 6141
3037 6142
4257 6143
4943 6144
1356 6145
2181 6146
4641 6147
3588 6148
5915 6149
5378 6150
6147 6151
2518 6152
2904 6153
4705 6154
2987 6155
757 6156
830 6157
4474 6158
5093 6159
2009 6160
3970 6161
1237 6162
205 6163
5703 6164
3035 6165
2073 6166
4809 6167
1908 6168
4157 6169
5513 6170
35 6171
2775 6172
1359 6173
5461 6174
5425 6175
2496 6176
4541 6177
5667 6178
4711 6179
369 6180
5246 6181
5643 6182
5090 6183
6177 6184
137 6185
222 6186
1383 6187
2225 6188
3208 6189
5333 6190
5349 6191
4776 6192
3622 6193
1941 6194
4780 6195
4409 6196
71 6197
3489 6198
196 6199
3330 6200
5269 6201
2869 6202
1350 6203
5596 6204
955 6205
1201 6206
3778 6207
5153 6208
1982 6209
4565 6210
254 6211
482 6212
2304 6213
96 6214
1974 6215
1491 6216
4149 6217
2836 6218
6145 6219
630 6220
628 6221
3469 6222
3877 6223
1500 6224
5464 6225
1854 6226
746 6227
5211 6228
5674 6229
4440 6230
2206 6231
565 6232
214 6233
782 6234
1705 6235
6214 6236
3579 6237
2022 6238
353 6239
3734 6240
5932 6241
124 6242
856 6243
2869 6244
3823 6245
1798 6246
1696 6247
1206 6248
1798 6249
4010 6250
139 6251
335 6252
1628 6253
4098 6254
4869 6255
2137 6256
4576 6257
1969 6258
4390 6259
1445 6260
3608 6261
2007 6262
778 6263
153 6264
3514 6265
848 6266
2787 6267
3819 6268
1382 6269
2859 6270
882 6271
5117 6272
3076 6273
5716 6274
2602 6275
798 6276
999 6277
4654 6278
5289 6279
5979 6280
6167 6281
135 6282
4684 6283
2270 6284
5930 6285
5178 6286
2464 6287
5243 6288
1606 6289
3884 6290
5719 6291
2211 6292
1823 6293
6274 6294
3940 6295
2390 6296
15 6297
6062 6298
1487 6299
71 6300
1544 6301
3702 6302
4792 6303
2718 6304
1250 6305
1040 6306
27 6307
5130 6308
5124 6309
5435 6310
3986 6311
2894 6312
1497 6313
396 6314
4717 6315
5170 6316
514 6317
909 6318
6285 6319
5062 6320
5441 6321
1097 6322
5580 6323
2774 6324
1492 6325
348 6326
3395 6327
1145 6328
1880 6329
4355 6330
737 6331
5548 6332
1660 6333
3803 6334
4851 6335
2919 6336
709 6337
5847 6338
3633 6339
4413 6340
2852 6341
4804 6342
6238 6343
5688 6344
249 6345
1333 6346
1316 6347
4606 6348
722 6349
6027 6350
171 6351
1399 6352
1675 6353
906 6354
1127 6355
3633 6356
5060 6357
2807 6358
4028 6359
2551 6360
487 6361
5224 6362
3913 6363
929 6364
2311 6365
1000 6366
2731 6367
183 6368
1300 6369
5161 6370
5240 6371
1368 6372
3085 6373
5730 6374
2167 6375
1628 6376
2863 6377
4952 6378
5970 6379
5115 6380
3236 6381
5976 6382
6057 6383
509 6384
5581 6385
2195 6386
2937 6387
2875 6388
5704 6389
2606 6390
2095 6391
61 6392
4482 6393
3217 6394
4712 6395
1338 6396
3623 6397
5718 6398
2915 6399
3950 6400
2448 6401
4312 6402
6349 6403
6325 6404
2575 6405
104 6406
2946 6407
4220 6408
1994 6409
809 6410
5512 6411
5765 6412
3954 6413
4211 6414
3429 6415
1248 6416
5782 6417
4553 6418
2862 6419
4985 6420
3907 6421
2171 6422
1723 6423
3360 6424
4079 6425
5883 6426
6314 6427
2944 6428
5917 6429
4531 6430
2221 6431
2254 6432
3336 6433
5 6434
550 6435
1765 6436
18 6437
6199 6438
1807 6439
776 6440
6327 6441
5273 6442
6109 6443
2037 6444
949 6445
5830 6446
4403 6447
5981 6448
5321 6449
2408 6450
144 6451
1098 6452
4252 6453
3051 6454
4972 6455
6431 6456
2996 6457
3053 6458
424 6459
5776 6460
5228 6461
2229 6462
306 6463
5264 6464
3083 6465
1056 6466
3429 6467
1082 6468
3789 6469
4803 6470
5070 6471
5874 6472
1577 6473
2846 6474
3263 6475
1881 6476
284 6477
1515 6478
3536 6479
4131 6480
5633 6481
5926 6482
2588 6483
4915 6484
2575 6485
4696 6486
1946 6487
1980 6488
1385 6489
2641 6490
5046 6491
5617 6492
963 6493
3228 6494
6076 6495
400 6496
3862 6497
2085 6498
5335 6499
651 6500
2617 6501
3645 6502
3132 6503
2494 6504
486 6505
240 6506
1529 6507
5263 6508
6029 6509
876 6510
3646 6511
610 6512
3554 6513
2473 6514
5289 6515
1398 6516
213 6517
2926 6518
3149 6519
6432 6520
2193 6521
2076 6522
5607 6523
541 6524
5263 6525
5184 6526
4641 6527
254 6528
2438 6529
3474 6530
1153 6531
2068 6532
3755 6533
4304 6534
4557 6535
3696 6536
1080 6537
920 6538
4676 6539
3568 6540
5224 6541
797 6542
5721 6543
4835 6544
3531 6545
4986 6546
5672 6547
4846 6548
632 6549
1017 6550
3043 6551
894 6552
2580 6553
5582 6554
2970 6555
2164 6556
2527 6557
6204 6558
4450 6559
4984 6560
3694 6561
1724 6562
2451 6563
1041 6564
2687 6565
2948 6566
6217 6567
1589 6568
4446 6569
1742 6570
1548 6571
2009 6572
2193 6573
652 6574
470 6575
4777 6576
1995 6577
1404 6578
6290 6579
3969 6580
3495 6581
4753 6582
819 6583
3804 6584
266 6585
4725 6586
4920 6587
4386 6588
4477 6589
757 6590
2919 6591
380 6592
2724 6593
504 6594
2649 6595
5859 6596
6437 6597
1634 6598
5083 6599
1356 6600
3434 6601
48 6602
2552 6603
6195 6604
5182 6605
828 6606
3979 6607
4303 6608
1888 6609
1926 6610
4377 6611
6587 6612
678 6613
6494 6614
2823 6615
4315 6616
4135 6617
2009 6618
903 6619
4048 6620
6182 6621
574 6622
3266 6623
2508 6624
4274 6625
6176 6626
5540 6627
1690 6628
6092 6629
3133 6630
2320 6631
3075 6632
5254 6633
1360 6634
3622 6635
2940 6636
5327 6637
2586 6638
5575 6639
4198 6640
3952 6641
2943 6642
6484 6643
1569 6644
1518 6645
6050 6646
847 6647
1635 6648
887 6649
3048 6650
2605 6651
4080 6652
5623 6653
3936 6654
1695 6655
1458 6656
178 6657
4402 6658
4562 6659
2066 6660
757 6661
881 6662
4458 6663
4751 6664
2658 6665
6400 6666
2586 6667
6063 6668
4292 6669
312 6670
6594 6671
4714 6672
3936 6673
1141 6674
901 6675
353 6676
5397 6677
5034 6678
1204 6679
590 6680
1084 6681
2457 6682
385 6683
6368 6684
5188 6685
4507 6686
4713 6687
1578 6688
5824 6689
132 6690
767 6691
5056 6692
6276 6693
1243 6694
2595 6695
3949 6696
4880 6697
5842 6698
5220 6699
3821 6700
589 6701
5777 6702
3423 6703
58 6704
5892 6705
1833 6706
1920 6707
121 6708
2115 6709
5074 6710
1603 6711
4500 6712
6577 6713
2104 6714
985 6715
2222 6716
3050 6717
3499 6718
5231 6719
715 6720
6175 6721
2915 6722
3074 6723
3386 6724
6479 6725
6201 6726
2053 6727
4135 6728
6724 6729
5049 6730
4708 6731
1652 6732
5142 6733
2470 6734
4542 6735
1639 6736
3376 6737
6422 6738
1399 6739
2307 6740
3161 6741
2106 6742
5726 6743
5291 6744
4366 6745
3724 6746
6468 6747
3897 6748
1688 6749
2318 6750
3740 6751
235 6752
989 6753
1737 6754
4327 6755
2206 6756
2325 6757
930 6758
6524 6759
2223 6760
6275 6761
4895 6762
955 6763
1089 6764
5561 6765
217 6766
3883 6767
2304 6768
4082 6769
5280 6770
3730 6771
947 6772
1459 6773
6384 6774
6637 6775
2352 6776
747 6777
5697 6778
5209 6779
6492 6780
3414 6781
4686 6782
6164 6783
4281 6784
2047 6785
6352 6786
4997 6787
2577 6788
1463 6789
5627 6790
5791 6791
6627 6792
641 6793
3026 6794
932 6795
1024 6796
5754 6797
5746 6798
3056 6799
5890 6800
4569 6801
1384 6802
2451 6803
4542 6804
1405 6805
3668 6806
2674 6807
4937 6808
1105 6809
237 6810
5709 6811
507 6812
54 6813
5252 6814
2532 6815
4527 6816
4445 6817
407 6818
5148 6819
3925 6820
1714 6821
4721 6822
3816 6823
5847 6824
5119 6825
1019 6826
4638 6827
3335 6828
5915 6829
617 6830
2741 6831
470 6832
2083 6833
3104 6834
5229 6835
6140 6836
27 6837
1102 6838
6474 6839
1792 6840
2056 6841
3790 6842
4487 6843
4446 6844
1096 6845
5123 6846
3164 6847
2315 6848
6790 6849
3463 6850
966 6851
101 6852
1308 6853
1453 6854
6792 6855
470 6856
6698 6857
6820 6858
651 6859
2241 6860
5065 6861
1097 6862
1747 6863
6371 6864
6646 6865
938 6866
921 6867
4958 6868
3536 6869
2894 6870
4257 6871
4595 6872
3539 6873
11 6874
4287 6875
1224 6876
6123 6877
1230 6878
2323 6879
906 6880
6092 6881
5661 6882
78 6883
99 6884
2352 6885
2931 6886
4866 6887
964 6888
6513 6889
5917 6890
2955 6891
4950 6892
2614 6893
3457 6894
2984 6895
5621 6896
1668 6897
201 6898
840 6899
2199 6900
5807 6901
6604 6902
6512 6903
5712 6904
1704 6905
6040 6906
4817 6907
3839 6908
4400 6909
2739 6910
3549 6911
2203 6912
4747 6913
3744 6914
4391 6915
6015 6916
864 6917
1402 6918
4384 6919
1847 6920
695 6921
6146 6922
2564 6923
6476 6924
5067 6925
1285 6926
2280 6927
5369 6928
143 6929
6453 6930
6920 6931
6223 6932
2143 6933
489 6934
5400 6935
2484 6936
109 6937
1210 6938
255 6939
5651 6940
3183 6941
2895 6942
5392 6943
3751 6944
6682 6945
5619 6946
959 6947
6542 6948
4006 6949
3210 6950
2851 6951
1029 6952
656 6953
3440 6954
2491 6955
5596 6956
4016 6957
6111 6958
6350 6959
1973 6960
2232 6961
4530 6962
2360 6963
2356 6964
1211 6965
2652 6966
293 6967
2390 6968
3365 6969
1305 6970
3215 6971
6708 6972
3673 6973
1122 6974
5216 6975
2511 6976
1144 6977
1252 6978
2651 6979
3578 6980
4663 6981
1748 6982
945 6983
1511 6984
2995 6985
169 6986
2449 6987
6774 6988
4577 6989
2615 6990
5110 6991
6719 6992
5780 6993
6674 6994
3798 6995
6734 6996
574 6997
3396 6998
6183 6999
4272 7000
6550 7001
5199 7002
4449 7003
4294 7004
5096 7005
5113 7006
3016 7007
110 7008
1055 7009
3460 7010
461 7011
6709 7012
6793 7013
1615 7014
327 7015
3591 7016
1159 7017
77 7018
3997 7019
2057 7020
6459 7021
4137 7022
6711 7023
6845 7024
1819 7025
6916 7026
382 7027
3104 7028
219 7029
3245 7030
2280 7031
5099 7032
4751 7033
1937 7034
5668 7035
6078 7036
3977 7037
3120 7038
4724 7039
4835 7040
6544 7041
4482 7042
3002 7043
3169 7044
1111 7045
3810 7046
5429 7047
4798 7048
4990 7049
4248 7050
4448 7051
5855 7052
497 7053
5711 7054
2239 7055
1727 7056
1430 7057
1122 7058
699 7059
2963 7060
5639 7061
6110 7062
1451 7063
4675 7064
1320 7065
3880 7066
2377 7067
3276 7068
699 7069
1943 7070
94 7071
1449 7072
490 7073
3623 7074
4159 7075
4236 7076
4489 7077
5003 7078
3469 7079
1348 7080
3736 7081
1801 7082
1807 7083
2409 7084
252 7085
1548 7086
3573 7087
6376 7088
5853 7089
1608 7090
3789 7091
6939 7092
1771 7093
915 7094
1637 7095
2609 7096
4466 7097
4619 7098
2557 7099
4178 7100
4826 7101
2123 7102
6564 7103
6612 7104
1955 7105
5155 7106
1900 7107
794 7108
1552 7109
808 7110
6241 7111
6060 7112
6423 7113
1257 7114
5874 7115
3856 7116
6824 7117
6652 7118
1448 7119
515 7120
7109 7121
6412 7122
1849 7123
3374 7124
6437 7125
1139 7126
3339 7127
2835 7128
501 7129
709 7130
5411 7131
6030 7132
1087 7133
6022 7134
3619 7135
6456 7136
7008 7137
5960 7138
1532 7139
4869 7140
580 7141
3545 7142
1909 7143
4025 7144
4274 7145
4222 7146
6066 7147
1259 7148
266 7149
3097 7150
10 7151
4456 7152
1917 7153
148 7154
223 7155
2739 7156
6087 7157
1377 7158
6748 7159
6167 7160
2201 7161
6102 7162
5807 7163
3995 7164
1483 7165
999 7166
6083 7167
3504 7168
2584 7169
5099 7170
217 7171
4231 7172
4490 7173
2396 7174
1617 7175
2672 7176
4691 7177
2106 7178
516 7179
361 7180
5707 7181
4764 7182
6752 7183
275 7184
7037 7185
2279 7186
3708 7187
418 7188
4396 7189
2029 7190
5658 7191
2172 7192
6140 7193
5656 7194
1157 7195
2534 7196
6855 7197
6110 7198
5041 7199
4900 7200
7159 7201
5793 7202
3512 7203
1937 7204
389 7205
4406 7206
1372 7207
5133 7208
168 7209
182 7210
590 7211
2744 7212
630 7213
5973 7214
6844 7215
1134 7216
4448 7217
5612 7218
3076 7219
4209 7220
6458 7221
560 7222
3117 7223
4739 7224
4336 7225
1645 7226
1636 7227
521 7228
6152 7229
495 7230
1149 7231
1936 7232
2574 7233
6311 7234
6853 7235
5282 7236
5283 7237
1108 7238
2326 7239
807 7240
3979 7241
212 7242
2338 7243
4670 7244
1980 7245
7223 7246
5590 7247
4160 7248
4341 7249
977 7250
5550 7251
1952 7252
4260 7253
6222 7254
6500 7255
5853 7256
1677 7257
6818 7258
2337 7259
3369 7260
6771 7261
491 7262
5917 7263
3622 7264
3758 7265
6559 7266
2134 7267
476 7268
137 7269
6386 7270
6632 7271
1196 7272
3112 7273
3249 7274
5227 7275
3706 7276
7165 7277
293 7278
3160 7279
4825 7280
4419 7281
1990 7282
5300 7283
1356 7284
4892 7285
6366 7286
5725 7287
4090 7288
1571 7289
4195 7290
3712 7291
4180 7292
4034 7293
3073 7294
5973 7295
56 7296
3574 7297
5840 7298
7058 7299
4130 7300
5675 7301
5862 7302
6975 7303
3112 7304
672 7305
6305 7306
1465 7307
6326 7308
3285 7309
519 7310
748 7311
3979 7312
3929 7313
105 7314
5791 7315
844 7316
3250 7317
2399 7318
2196 7319
5144 7320
1796 7321
6728 7322
1756 7323
915 7324
6963 7325
2994 7326
100 7327
1508 7328
2713 7329
6859 7330
3467 7331
1215 7332
6876 7333
2735 7334
5420 7335
4093 7336
2009 7337
1379 7338
5678 7339
5665 7340
3557 7341
2830 7342
6771 7343
6201 7344
3636 7345
4668 7346
3284 7347
3180 7348
4721 7349
2954 7350
6494 7351
6176 7352
5551 7353
5836 7354
4349 7355
5343 7356
2278 7357
5415 7358
4629 7359
704 7360
6160 7361
2261 7362
5547 7363
7112 7364
5212 7365
2037 7366
6450 7367
571 7368
1486 7369
4638 7370
4075 7371
7196 7372
5617 7373
2043 7374
6611 7375
6079 7376
5893 7377
3328 7378
3053 7379
4402 7380
4129 7381
3655 7382
969 7383
434 7384
6681 7385
7077 7386
6341 7387
6413 7388
6512 7389
7050 7390
6420 7391
4704 7392
3650 7393
6995 7394
6080 7395
4946 7396
4353 7397
4494 7398
2421 7399
4361 7400
4975 7401
1867 7402
4205 7403
5581 7404
5604 7405
6518 7406
6190 7407
3111 7408
3600 7409
1469 7410
2554 7411
713 7412
6426 7413
6875 7414
782 7415
6229 7416
4941 7417
640 7418
5046 7419
5688 7420
442 7421
3312 7422
3859 7423
4012 7424
4839 7425
6263 7426
49 7427
3888 7428
7178 7429
1522 7430
3018 7431
3542 7432
2327 7433
426 7434
5902 7435
3872 7436
5126 7437
1012 7438
6479 7439
5896 7440
3114 7441
6408 7442
1157 7443
1805 7444
4135 7445
3737 7446
4887 7447
3171 7448
4869 7449
6021 7450
4934 7451
6676 7452
5539 7453
3326 7454
4955 7455
613 7456
3192 7457
1268 7458
880 7459
6167 7460
6170 7461
6625 7462
3580 7463
1772 7464
2310 7465
5801 7466
5943 7467
4869 7468
1993 7469
1252 7470
656 7471
3644 7472
5402 7473
2515 7474
4111 7475
4822 7476
4137 7477
1302 7478
4165 7479
2381 7480
5671 7481
3029 7482
6498 7483
1123 7484
5384 7485
5667 7486
220 7487
3547 7488
203 7489
5520 7490
3724 7491
7398 7492
3154 7493
2988 7494
3684 7495
6727 7496
2095 7497
4691 7498
5753 7499
1425 7500
5827 7501
6097 7502
848 7503
5887 7504
1542 7505
601 7506
7408 7507
1235 7508
441 7509
5472 7510
5818 7511
7014 7512
4105 7513
5234 7514
1286 7515
2538 7516
5850 7517
2064 7518
7425 7519
3668 7520
6042 7521
4502 7522
1260 7523
6975 7524
1640 7525
3529 7526
3478 7527
4942 7528
6205 7529
4030 7530
4970 7531
1609 7532
2465 7533
2929 7534
3433 7535
926 7536
6772 7537
4868 7538
688 7539
2652 7540
5767 7541
6794 7542
3087 7543
5941 7544
7369 7545
3052 7546
5193 7547
2262 7548
6805 7549
7471 7550
3392 7551
5363 7552
4903 7553
1008 7554
5914 7555
471 7556
6157 7557
5984 7558
3666 7559
1077 7560
6977 7561
1488 7562
6226 7563
114 7564
3533 7565
5906 7566
968 7567
3507 7568
2929 7569
1132 7570
777 7571
480 7572
1541 7573
773 7574
5433 7575
3324 7576
6929 7577
4063 7578
2584 7579
1347 7580
5456 7581
6515 7582
5436 7583
1909 7584
3490 7585
1012 7586
345 7587
7071 7588
2343 7589
5582 7590
7570 7591
5260 7592
3681 7593
5110 7594
2557 7595
7254 7596
2593 7597
6236 7598
4649 7599
3693 7600
5449 7601
3309 7602
5767 7603
3060 7604
2032 7605
67 7606
5955 7607
806 7608
359 7609
1729 7610
6326 7611
2753 7612
1283 7613
3571 7614
3772 7615
7139 7616
2331 7617
3411 7618
3078 7619
1188 7620
4131 7621
3072 7622
728 7623
5945 7624
5523 7625
111 7626
2760 7627
3112 7628
3683 7629
5410 7630
1110 7631
120 7632
5346 7633
7507 7634
40 7635
5942 7636
6737 7637
7228 7638
2007 7639
2363 7640
1560 7641
6784 7642
2480 7643
3060 7644
6529 7645
1034 7646
1112 7647
6272 7648
5909 7649
6151 7650
5978 7651
1586 7652
6554 7653
3264 7654
6232 7655
555 7656
7622 7657
3128 7658
1842 7659
6983 7660
4527 7661
239 7662
6763 7663
702 7664
7393 7665
1943 7666
233 7667
1202 7668
4196 7669
3384 7670
3149 7671
4749 7672
5850 7673
1229 7674
2959 7675
3179 7676
5291 7677
1274 7678
3441 7679
1165 7680
4790 7681
6091 7682
3945 7683
4502 7684
5264 7685
1727 7686
4963 7687
6888 7688
425 7689
1784 7690
7339 7691
373 7692
6036 7693
5880 7694
6497 7695
3711 7696
2618 7697
1790 7698
1386 7699
7577 7700
4951 7701
5348 7702
6005 7703
7431 7704
969 7705
466 7706
4869 7707
2919 7708
1327 7709
5086 7710
4136 7711
4588 7712
3655 7713
1700 7714
6015 7715
1523 7716
3925 7717
30 7718
3416 7719
1269 7720
3043 7721
3738 7722
999 7723
5695 7724
3761 7725
1031 7726
882 7727
4648 7728
5450 7729
3778 7730
5656 7731
7522 7732
6943 7733
6221 7734
2340 7735
2994 7736
6768 7737
359 7738
7669 7739
6068 7740
6832 7741
1073 7742
1188 7743
195 7744
481 7745
1082 7746
3042 7747
6906 7748
438 7749
2489 7750
7168 7751
5812 7752
6283 7753
3256 7754
1503 7755
4905 7756
2937 7757
5605 7758
7250 7759
470 7760
126 7761
4069 7762
7590 7763
199 7764
1518 7765
7608 7766
2454 7767
1260 7768
1706 7769
6746 7770
831 7771
4551 7772
3637 7773
2333 7774
5334 7775
2741 7776
1435 7777
3965 7778
6588 7779
2601 7780
6235 7781
3774 7782
6376 7783
1608 7784
686 7785
3844 7786
4171 7787
6788 7788
4385 7789
891 7790
4375 7791
1366 7792
6915 7793
5494 7794
4147 7795
820 7796
6626 7797
5378 7798
3429 7799
3739 7800
3202 7801
6714 7802
2054 7803
79 7804
1945 7805
7229 7806
3740 7807
381 7808
134 7809
3247 7810
7200 7811
4601 7812
4144 7813
2847 7814
6319 7815
359 7816
3179 7817
6344 7818
3649 7819
1426 7820
548 7821
696 7822
7609 7823
