6 7
2 3
2 4
2 5
3 4
3 5
4 5
6 1

1234 4519
810 1092
193 194
1050 31
730 1181
389 534
95 944
736 1014
718 351
1206 604
281 1029
354 168
375 230
862 843
693 682
940 680
814 1058
337 227
771 905
351 885
1015 1146
686 685
601 998
804 336
240 1129
510 88
18 76
245 311
683 22
878 332
1074 692
389 1146
569 728
626 1025
172 830
176 497
714 262
64 168
130 911
1140 440
537 826
451 22
135 583
616 415
251 670
254 561
222 654
820 822
1089 232
329 469
635 1198
1111 449
293 979
974 223
331 422
931 631
1118 978
1193 920
764 1086
1097 476
1023 390
1093 1166
580 510
773 477
16 602
783 157
54 316
907 35
702 307
998 252
69 807
297 63
101 355
1217 1009
888 264
1134 807
668 247
259 303
987 206
832 663
3 1146
280 654
307 751
234 1003
17 337
1135 1230
1155 910
896 361
374 689
1199 92
535 124
26 688
638 143
896 1146
550 370
1143 713
1075 285
810 673
243 770
55 234
677 326
990 861
637 687
639 1198
801 112
1111 147
881 298
679 655
850 17
1059 771
138 779
1199 810
303 88
830 51
386 1222
309 726
31 24
1144 264
83 547
778 908
780 1198
1198 888
176 76
984 808
426 518
729 101
42 1173
266 555
945 821
168 649
60 962
1159 690
816 1221
88 285
800 809
1087 1135
499 770
1158 555
9 1169
57 703
243 760
497 206
648 428
499 757
532 1083
1081 895
1015 285
491 408
417 168
363 1214
353 412
993 361
812 529
1145 146
596 316
829 429
751 1014
703 1146
453 446
183 242
926 227
6 145
272 769
679 986
1089 896
909 932
494 998
741 203
66 688
311 753
1174 629
867 1205
1127 1122
315 1229
666 110
40 590
1053 1149
1216 1214
1096 1037
614 1003
701 580
1104 873
959 970
518 392
1199 201
27 557
783 803
1220 1022
821 915
529 321
102 197
906 1021
898 886
568 327
748 638
216 721
1052 798
792 784
914 1125
34 401
815 617
1051 106
507 825
1094 835
690 803
1043 1196
495 225
641 355
562 206
231 945
1210 309
121 1111
1055 349
232 419
92 871
710 113
675 84
524 1194
346 194
665 308
1024 430
246 1195
672 1084
552 540
901 1080
265 181
421 484
511 536
689 1001
96 124
367 1233
433 1146
275 577
426 306
1009 1191
911 1223
507 877
79 530
285 326
56 1181
450 128
357 933
1126 1114
806 1141
707 1214
601 1053
25 84
476 361
1185 585
361 655
1017 108
381 1228
729 464
1194 978
327 98
923 437
1100 868
914 183
917 81
193 144
120 1103
562 111
52 930
103 752
687 406
103 202
831 201
820 1025
501 1091
503 109
835 499
1212 457
1051 153
1003 12
270 217
22 272
1115 702
506 1179
476 303
876 405
602 1208
836 4
48 648
363 1154
23 1182
921 1230
250 940
601 653
944 705
450 718
1083 1071
1212 497
892 785
688 1112
208 356
655 419
483 785
222 403
246 83
147 129
686 550
22 652
1050 574
903 1178
250 329
416 859
130 962
689 561
133 84
1153 566
168 524
65 333
1175 95
18 441
799 709
199 1148
806 72
1013 922
1206 623
596 466
869 523
407 834
589 707
353 462
630 378
1010 77
15 656
1181 1153
504 289
83 392
993 311
571 614
1222 437
818 1142
707 1207
914 99
817 1089
479 184
1038 1009
259 79
1175 1213
1112 937
490 1175
249 491
51 334
3 198
390 561
898 76
137 919
252 1041
968 672
392 1002
683 443
808 126
874 1176
380 520
1217 369
1181 756
496 405
931 766
44 1229
790 407
142 124
1207 1158
865 632
621 242
227 127
227 194
883 1114
63 224
1014 1046
1058 329
1009 741
84 837
42 350
751 458
205 785
894 563
3 677
668 193
549 230
843 434
554 341
25 995
1161 175
1100 6
353 574
711 831
805 404
746 1121
962 281
355 268
396 629
38 605
415 1126
347 607
1198 1144
829 141
750 810
362 1064
516 223
224 769
690 329
801 908
1055 1128
176 562
551 11
347 579
695 241
751 824
1065 155
480 1175
133 1156
87 439
605 1094
1153 492
143 265
97 435
974 61
348 1038
798 343
1193 935
334 229
982 729
697 1143
991 1211
1112 364
179 62
1133 1191
638 1176
720 46
1094 569
1146 762
1023 541
1164 639
441 75
60 460
188 27
364 69
939 258
270 474
740 390
208 921
1029 1134
136 552
1146 699
138 50
878 767
95 382
658 716
692 1050
966 1123
389 440
1199 385
1001 385
853 347
307 470
367 1135
263 46
1189 196
967 132
68 436
975 851
641 816
796 577
930 1147
1147 31
1013 862
757 1109
991 673
376 42
663 1170
169 337
790 1051
1207 796
835 768
76 14
500 809
795 450
1219 381
1072 780
311 959
892 442
459 208
614 703
1135 92
215 1083
261 468
19 895
903 975
217 536
488 121
356 10
27 345
803 1013
744 454
1113 1037
580 611
697 219
454 202
265 744
717 857
1081 601
641 305
188 906
336 1084
194 386
1192 974
211 921
1219 948
934 1012
88 12
834 469
719 43
744 569
449 1024
251 562
954 182
959 624
305 273
494 1083
367 384
721 921
271 1140
62 598
865 422
785 792
584 13
652 859
409 196
756 192
590 837
5 1211
1201 844
337 820
97 426
1006 1184
819 320
124 241
819 448
416 8
1 151
27 467
89 21
902 654
136 61
601 1010
52 940
653 252
250 568
512 298
254 235
548 570
516 751
1217 1203
1229 238
18 894
63 295
1072 280
739 666
34 774
396 444
135 261
384 493
304 516
48 80
962 69
893 590
80 968
88 892
1228 650
1178 816
560 705
1138 993
937 741
825 213
670 1107
206 457
175 875
433 205
930 816
774 557
341 1214
214 1028
126 217
933 168
412 116
131 822
892 1140
1045 619
753 892
103 914
1053 65
1022 304
923 814
1025 405
52 98
829 956
1118 879
779 1181
857 1038
762 512
235 347
748 103
237 1160
1161 455
1199 390
1206 612
317 8
858 744
627 937
158 500
350 420
991 667
34 16
228 981
1204 117
835 833
83 1173
186 381
411 663
503 693
1109 855
946 444
753 970
467 144
848 639
810 739
1128 1021
1019 829
982 114
61 933
1205 574
234 1179
251 1060
505 361
731 825
38 662
753 1136
452 1207
222 136
65 758
945 317
1109 771
367 312
531 425
962 446
386 182
344 699
688 446
564 239
1052 411
527 957
1145 739
89 1145
162 1157
992 374
857 1158
736 879
311 785
1086 1216
160 1074
102 516
1220 961
315 887
423 1147
316 1044
914 662
688 581
311 164
1126 1029
195 1003
495 71
443 266
1090 1213
608 336
750 845
567 976
400 174
1171 182
49 164
154 1141
630 334
105 793
202 835
960 311
585 965
1138 959
608 1055
1207 375
262 691
1103 648
857 4
371 1172
866 543
655 12
46 1045
417 865
196 660
376 31
1075 57
282 479
400 724
22 619
1140 198
507 1103
1084 1178
359 689
416 63
545 475
730 40
395 907
978 222
823 168
1204 128
285 433
908 654
988 998
1100 862
631 927
45 199
207 10
1205 204
748 662
911 805
830 918
406 1005
266 840
282 751
351 437
1051 1021
708 1073
106 487
478 472
1117 266
698 1158
583 1002
531 905
78 857
1027 1061
945 939
215 19
424 190
1027 662
400 686
904 790
351 1032
227 382
319 767
588 281
679 236
941 867
562 91
900 89
659 937
123 357
575 192
476 701
851 155
5 947
351 692
803 71
330 1034
65 308
269 76
205 39
255 724
167 732
418 601
632 1127
156 913
719 907
908 812
1115 40
1086 472
948 952
318 812
741 517
105 905
1087 695
175 190
453 1169
690 1002
288 88
761 888
190 570
882 644
738 1072
154 272
159 573
795 876
656 516
1053 1030
859 78
22 60
1102 345
778 936
1204 80
704 603
834 1172
758 601
565 379
225 551
435 17
1064 337
551 903
332 787
1003 303
674 123
630 1112
1229 1098
92 696
505 1007
272 165
479 824
497 563
776 1136
606 54
168 381
883 443
1168 92
1198 491
494 19
462 284
970 164
975 967
553 840
347 146
175 331
650 714
811 1030
168 591
967 125
850 1002
324 1076
420 980
991 921
174 84
432 295
593 1191
257 133
84 1037
550 431
1103 1178
242 874
708 750
632 808
968 922
70 444
405 71
307 1227
157 141
1135 810
81 783
555 130
875 417
1188 168
491 564
380 702
1204 85
835 121
356 92
731 904
1015 1089
1193 507
352 584
921 315
741 688
588 781
690 322
390 921
1140 79
290 688
362 1055
374 1224
914 1061
850 870
187 1203
1143 266
752 183
874 687
364 671
121 973
1199 1040
810 1001
137 1158
627 698
1166 466
885 854
451 1086
230 2
1093 224
698 717
30 635
1078 114
380 1037
1120 12
341 1207
810 409
503 1129
444 1000
396 470
689 1135
1069 689
224 22
146 863
39 614
881 476
199 46
971 1048
106 1184
726 897
272 527
131 161
470 948
321 23
986 57
947 791
638 179
736 591
197 548
797 279
89 994
670 929
770 387
305 537
432 559
373 69
410 970
1125 1209
185 379
161 870
367 1073
947 522
498 289
603 18
288 655
1222 268
311 302
1023 513
1161 458
891 1151
568 923
624 571
562 704
22 1148
420 426
967 193
675 526
655 1146
787 245
655 205
268 71
1045 1158
382 930
887 196
669 1207
754 264
6 804
1054 882
392 557
1140 49
117 816
336 1172
388 891
222 812
164 502
867 401
763 343
750 300
963 761
672 825
244 385
400 239
395 1046
739 385
103 743
670 1180
1195 1100
178 707
236 534
1056 444
1229 314
951 613
1222 1159
997 744
792 617
1166 539
605 951
153 180
456 607
311 389
288 360
1135 513
105 449
82 432
933 174
18 108
313 508
443 821
1040 374
1167 704
752 501
329 1130
127 940
308 1131
279 186
1135 1145
182 725
854 117
1067 193
244 347
827 1054
1115 1129
282 1033
1136 785
1058 17
674 417
683 857
271 389
20 655
265 1091
389 881
1014 837
44 461
382 592
546 1145
453 484
1185 33
402 747
1147 169
718 876
1093 78
303 655
907 343
765 1010
874 748
1179 291
1205 81
707 324
591 276
666 312
288 530
504 724
459 196
64 1192
316 821
894 75
448 969
89 342
699 195
513 750
1028 777
1194 282
210 759
775 77
953 744
1040 1135
208 235
1082 1214
1213 913
1050 645
896 271
915 697
251 584
559 836
235 447
1150 1010
23 67
315 461
1108 1146
339 99
769 46
946 798
561 1124
436 770
167 1021
85 668
654 1121
35 759
161 867
107 493
912 553
1194 591
259 57
186 746
798 465
830 891
922 1128
426 371
212 1014
343 875
195 767
46 219
805 154
755 432
1038 634
844 810
156 745
898 486
383 1012
835 752
316 1105
371 680
918 378
204 309
367 831
406 833
768 256
494 653
763 104
325 499
1219 1142
670 1212
114 6
191 13
169 822
967 462
1029 266
632 837
1180 929
179 99
396 168
422 283
232 878
698 1116
1148 453
1060 176
756 492
30 674
308 1149
979 782
515 398
122 531
908 228
529 1096
999 873
257 818
800 128
20 442
1046 56
993 878
913 157
491 1115
539 1151
1154 683
1214 1134
423 980
156 48
150 690
400 981
714 379
1169 1104
112 136
466 363
783 867
199 957
334 199
60 891
1058 885
621 1005
998 1016
698 272
998 1062
1210 1175
462 1172
561 44
763 746
346 496
254 359
312 615
1145 384
944 83
522 1135
891 796
247 337
568 349
109 533
855 1091
809 774
252 1077
134 1054
57 433
190 778
914 454
41 906
474 343
1163 10
78 1031
976 972
425 1162
177 371
180 507
223 700
405 852
1096 102
626 968
12 1015
628 917
33 752
904 495
555 148
271 785
137 130
1181 343
501 286
521 279
667 315
1084 405
1164 444
22 484
167 862
13 987
928 246
813 351
1101 977
1120 624
76 206
207 208
969 1010
777 357
243 953
476 440
977 636
737 475
8 1134
82 977
57 55
943 1044
1229 347
476 679
138 650
376 41
696 541
863 124
216 880
666 146
573 973
1132 930
61 465
1025 518
90 91
838 423
482 556
973 242
717 712
1163 513
842 436
106 27
395 112
939 1207
977 741
539 72
28 1056
1153 754
255 797
1042 1082
1209 638
560 1064
533 36
4 63
278 152
766 402
69 415
240 808
998 77
727 444
277 810
693 184
857 388
1135 142
1023 5
1186 1094
904 412
480 182
1059 99
367 356
822 626
97 284
1230 384
313 293
990 48
208 1199
829 826
588 549
140 812
1191 1086
647 211
664 954
780 408
648 1065
1193 557
266 324
280 591
1086 69
448 252
451 857
875 228
672 376
286 858
238 1233
212 879
1120 413
948 759
790 783
374 367
965 1061
384 300
771 748
571 502
1175 31
929 75
1224 146
105 122
390 660
267 596
312 142
1022 511
982 350
1015 288
137 317
154 559
1141 178
891 375
632 511
10 673
1176 842
93 901
561 314
170 29
558 619
637 339
906 979
432 484
796 9
771 744
1197 466
455 797
168 58
1229 666
1018 41
211 684
358 830
822 725
40 879
684 10
594 1232
623 408
409 254
908 214
506 1120
777 1170
311 571
253 683
1171 525
776 301
57 32
220 769
1094 621
469 313
785 445
952 632
1186 449
59 1146
1227 1198
1096 759
354 818
1146 785
92 1092
1139 255
145 955
559 113
30 724
232 502
518 923
83 1051
525 135
735 249
986 733
847 1105
881 164
1077 1030
355 592
850 790
182 732
442 792
233 260
178 596
778 989
901 61
56 470
1064 1063
289 779
1129 848
395 492
753 1200
356 615
1127 1014
177 329
894 91
1173 117
1121 823
143 953
1011 1115
36 526
197 1181
1128 537
690 1152
219 72
1096 474
1091 874
916 1150
1228 1206
461 208
690 790
290 1207
470 526
68 425
775 895
821 1207
129 170
1073 513
48 628
5 739
947 196
898 1167
1143 341
46 1
668 156
1229 385
97 16
795 882
1201 216
259 792
846 316
911 1169
1149 1083
1184 982
374 1087
397 52
741 769
225 1032
358 559
1018 495
621 147
194 135
1189 791
720 281
1055 1106
136 1129
220 937
1014 190
1052 875
310 233
615 1199
89 1087
504 552
972 367
682 1080
1146 1179
1113 1028
178 1057
1076 51
707 475
468 463
771 1027
1222 336
117 560
852 935
1007 699
2 836
385 949
517 151
1167 950
1057 404
362 412
36 1000
617 311
21 1229
491 590
29 1109
464 167
245 1136
773 685
402 671
474 575
855 914
1004 1017
15 138
758 1150
146 810
892 164
1159 608
665 1010
591 759
260 532
613 143
817 195
1058 568
803 1019
1131 19
787 39
395 548
1013 867
225 628
1105 806
632 759
685 797
607 666
311 986
347 481
623 591
1111 768
186 978
522 887
1105 1104
1001 414
793 1061
1008 76
496 715
305 574
216 992
375 554
1208 867
794 1096
582 579
1063 1066
1065 928
873 630
464 980
821 1
939 962
772 707
822 990
276 901
717 316
840 231
874 965
1072 289
306 261
305 467
956 155
989 812
177 820
173 557
941 814
1026 988
1146 360
457 13
562 1008
24 1064
1115 808
757 833
584 176
458 1011
163 73
1207 596
142 1069
297 931
389 1007
496 371
400 444
898 457
1011 1142
397 876
1016 1026
491 1068
145 372
1066 980
312 994
1089 960
768 770
490 854
510 3
89 880
1078 1147
1229 845
803 362
254 100
192 526
1207 713
803 583
1185 1024
469 809
352 76
1089 655
1221 1173
609 1116
1146 442
818 166
22 781
996 744
921 254
295 118
518 145
457 91
499 1061
792 655
473 803
825 1210
739 1087
636 22
808 746
77 448
994 356
672 560
77 916
1073 447
315 374
314 723
90 898
433 311
204 1193
21 972
1128 135
829 305
75 1060
914 621
615 384
1116 1207
1222 156
737 1203
490 1102
569 752
1187 630
1011 524
31 745
345 309
908 257
1084 537
1001 390
602 913
131 690
879 109
934 1134
639 1096
761 40
1046 67
813 729
1057 931
1 266
562 1212
1067 156
314 216
154 2
2 1086
703 701
744 662
170 68
374 1145
949 201
182 42
100 44
760 743
763 823
1206 318
167 1159
131 926
515 891
566 801
1144 422
1003 878
937 802
18 584
241 274
1208 346
1106 537
896 205
678 801
638 1094
356 338
571 792
495 608
205 960
183 1176
109 801
491 417
805 720
930 1050
394 796
823 908
1030 308
1217 51
1174 864
744 129
61 1068
561 791
1130 213
862 246
855 744
488 430
1119 377
598 99
1103 371
1147 869
1168 5
50 832
177 1064
345 1051
662 202
204 923
683 539
501 242
491 343
139 411
185 933
1181 139
1199 880
359 1110
231 8
946 1046
361 544
41 426
875 650
389 303
1069 582
87 350
1228 1182
704 584
264 186
643 698
715 305
831 976
564 168
362 1195
433 294
934 796
60 698
455 693
990 407
370 237
527 200
581 1137
726 167
664 128
297 642
15 552
9 1151
1124 207
17 877
323 1142
656 632
998 819
334 22
1020 882
836 1177
101 225
14 1167
321 738
395 168
828 432
127 1221
896 679
1059 129
552 210
493 567
60 1143
926 468
301 600
654 168
347 1001
1001 208
194 930
114 135
1120 610
819 758
374 347
1198 331
1077 494
816 171
563 562
334 398
58 328
330 347
407 188
549 1104
725 1184
1132 6
62 1091
789 738
630 275
1223 9
313 382
562 18
705 1106
571 534
178 363
1163 347
1109 454
715 1063
216 1087
361 785
698 1076
731 968
1104 365
509 552
818 417
626 349
1229 1201
918 1119
1062 916
144 128
945 1141
945 671
1169 943
332 932
356 513
455 112
889 1112
460 365
1107 584
412 426
576 796
1215 119
1032 1090
1021 745
526 754
568 1128
69 576
988 308
375 1029
750 994
1082 165
302 792
491 632
219 281
272 866
176 457
334 1226
840 1082
679 699
683 962
18 497
268 822
450 920
849 1131
217 1052
435 467
610 389
3 361
116 1002
1155 937
727 1181
954 435
1129 533
25 1039
260 872
397 1100
52 726
633 787
390 1211
104 357
561 666
766 443
1052 292
1173 397
800 81
1135 976
815 1075
628 850
1229 92
280 396
206 1167
1006 114
693 498
1149 1077
313 1190
716 630
590 287
94 253
1038 720
1089 476
660 300
935 376
354 222
60 178
58 529
693 1153
707 230
1073 347
99 1185
990 450
820 141
463 809
753 1007
812 474
343 192
1084 940
898 584
1229 254
57 633
126 981
109 282
655 1202
1008 1035
299 970
658 515
438 226
1134 415
1067 85
809 16
664 80
892 39
570 1121
552 403
1170 166
1148 172
198 959
123 1192
3 344
274 254
44 921
167 371
365 806
1199 1034
1037 504
1052 1194
1119 962
139 357
771 181
546 208
1227 119
707 769
1083 77
439 85
1015 311
573 621
496 427
137 94
1209 621
570 1127
361 326
68 1005
31 980
843 867
526 1028
238 312
1128 885
935 525
400 818
941 1078
151 364
1010 1071
1220 778
596 962
369 297
322 941
530 413
150 382
741 706
1181 119
643 1154
192 84
272 229
1072 808
5 384
404 742
789 474
619 840
208 312
710 258
56 217
191 352
1184 169
248 897
867 145
436 1111
348 130
162 1041
1024 573
1051 1159
325 914
416 712
947 863
910 716
989 228
169 134
214 192
360 485
388 840
1088 301
976 1069
1157 65
130 154
792 1036
606 69
984 283
264 190
816 922
1034 124
696 5
1161 465
175 754
63 1187
1134 1079
844 390
280 56
1059 1125
590 808
44 1023
265 202
796 588
3 792
1016 1041
1230 274
655 534
484 962
407 1210
292 761
1071 19
427 944
1006 401
1212 603
719 552
346 906
69 1207
75 1167
734 982
1165 1127
857 220
1114 296
57 389
597 1146
200 542
296 945
190 123
433 1234
288 433
45 1154
707 720
1227 946
278 792
779 491
1191 931
152 232
1177 154
438 991
380 773
969 320
1125 748
847 716
1102 1054
309 247
365 962
153 967
2 937
187 1086
175 239
134 672
1032 173
921 522
1142 511
400 1160
8 296
554 266
887 390
730 168
1079 643
666 356
343 1129
564 61
476 57
32 892
1102 645
571 677
1196 1002
205 442
530 311
566 58
662 833
1067 97
148 706
860 20
751 730
479 417
12 571
685 25
624 245
1121 214
1147 1043
82 606
1056 492
213 956
1184 790
1038 688
666 461
406 914
130 594
1066 668
48 1171
635 321
1165 289
876 412
433 195
981 136
998 969
379 36
1230 1073
990 854
154 939
63 1191
251 929
232 57
821 154
410 301
130 63
1036 79
493 871
1065 371
682 989
1117 553
1029 130
1167 176
479 700
369 741
906 397
792 600
1109 621
347 277
1160 465
1063 131
869 956
1220 84
924 1146
337 128
1200 326
770 890
585 202
885 904
746 217
42 284
1042 873
111 1004
1132 1078
507 284
890 29
269 1167
707 258
1090 462
1170 1096
806 363
639 812
176 90
603 206
5 1001
717 962
850 1171
454 965
710 404
239 340
316 281
810 667
336 1130
982 838
959 787
698 1191
688 45
359 810
76 1212
512 232
968 841
806 1101
76 111
331 727
930 906
270 491
266 931
272 118
844 615
1219 1122
871 254
430 771
496 17
160 24
939 554
83 48
343 1228
1013 268
914 1024
832 948
601 916
1060 950
262 217
732 850
186 67
266 577
1070 15
1098 146
459 522
1135 994
411 789
677 753
696 44
500 98
234 389
1146 332
34 968
372 923
1157 988
634 317
983 310
1155 942
247 392
838 1078
592 469
809 838
984 1228
74 708
384 211
1096 93
1156 492
572 622
369 1187
121 770
294 298
804 490
779 444
1086 452
618 34
595 817
896 787
791 546
749 57
1018 336
812 25
412 1172
10 579
630 707
261 372
232 79
1173 955
59 1097
178 671
243 613
398 1187
1010 162
390 312
786 331
1097 302
681 962
1005 662
749 195
246 592
133 570
272 1086
620 158
84 691
525 572
231 1104
1058 391
455 888
347 844
592 439
865 591
67 529
1075 1146
263 919
707 962
1002 305
966 92
304 255
60 911
367 146
1069 615
283 632
1137 528
1128 85
868 469
1134 698
799 112
205 298
46 847
141 427
940 1090
696 115
704 987
67 902
474 379
139 656
1139 948
263 130
928 401
584 111
325 890
828 1133
1180 1167
226 312
876 602
890 771
432 281
552 1153
716 942
1026 252
602 1025
850 247
307 837
1033 948
208 374
713 1154
785 234
412 1018
112 649
289 163
1001 10
41 1222
812 1046
3 610
159 202
269 191
921 1034
669 137
1109 973
491 424
235 666
241 966
848 511
937 1101
574 116
908 575
897 397
467 52
817 301
1142 1028
12 1075
412 668
1148 688
236 1146
838 803
734 930
1115 963
671 910
849 252
639 262
818 632
688 334
856 610
104 223
180 1152
894 898
936 282
612 848
193 618
1158 931
534 1003
1052 1028
796 1086
310 77
648 620
144 131
444 995
312 10
1141 542
969 1041
476 485
1199 708
178 683
931 363
29 1091
489 357
923 420
1175 507
127 870
319 3
852 813
809 782
24 990
981 650
958 883
1222 1078
289 279
1103 829
840 788
771 335
415 266
1205 106
446 1093
747 542
1107 76
1039 736
377 1177
156 904
605 728
1150 998
921 1110
359 992
262 865
224 772
1230 1092
723 1201
751 136
168 343
800 814
1094 760
335 973
1140 361
255 40
1062 1083
364 1134
609 1112
691 1072
72 577
426 85
291 39
304 984
363 9
484 937
1104 266
402 275
332 361
329 439
887 708
504 222
442 506
338 561
1029 596
929 206
63 1076
577 446
546 366
287 516
48 95
184 168
1001 582
504 1160
382 98
1223 1104
837 56
876 248
379 865
1206 1046
902 824
962 919
655 234
585 744
196 359
164 234
75 584
115 1001
162 998
839 1022
1022 168
488 1209
556 1231
753 303
584 206
374 390
1082 460
1058 641
716 348
42 1050
1164 102
812 292
523 41
636 63
5 750
196 356
810 356
422 479
323 400
889 707
6 127
138 458
374 721
164 1200
276 136
946 370
498 186
1124 216
790 382
1030 653
247 180
3 57
714 564
63 1082
36 249
635 1052
1213 680
304 978
69 113
745 345
169 1063
301 896
66 8
731 668
1067 434
1098 374
867 560
624 164
605 1059
370 396
27 117
802 945
359 366
155 1222
1231 254
374 1034
148 466
865 650
58 623
901 552
225 602
371 435
1194 15
376 155
555 1223
194 862
223 1022
764 1079
694 620
76 950
954 27
322 923
1150 260
551 127
1096 280
190 56
937 47
678 1052
84 724
845 871
1030 1157
650 185
805 836
1147 1064
389 294
1046 282
465 981
713 165
454 752
763 400
247 127
1056 623
864 343
147 585
1127 786
1086 130
648 583
1173 885
652 9
870 426
930 177
232 471
332 57
131 1132
1207 846
385 673
935 293
649 1033
963 632
67 190
1049 390
818 30
636 1029
1082 962
483 896
145 834
575 318
155 350
810 374
1229 535
130 1143
922 690
695 315
61 984
968 95
289 1096
505 413
899 1166
446 806
386 825
202 973
823 328
294 259
482 513
1026 969
186 536
1212 584
411 240
654 724
870 1184
871 976
202 638
698 148
133 379
283 381
879 552
1007 3
896 502
965 613
368 1030
34 127
717 377
774 725
311 646
732 968
954 538
1158 253
750 241
782 87
325 744
946 808
334 931
61 1206
59 792
1229 115
1082 891
1224 359
60 415
757 425
713 593
984 724
346 114
1207 1177
793 501
725 350
649 693
199 272
138 104
893 536
343 280
972 10
155 734
31 473
628 327
87 487
803 923
164 733
251 497
1090 870
513 207
1050 1171
602 355
206 894
564 612
652 698
149 806
346 305
71 1002
1086 1141
984 751
830 22
1146 776
592 11
588 66
167 1152
119 529
620 572
436 488
234 3
479 1198
861 732
175 709
888 995
50 186
939 589
411 901
993 1146
826 803
921 300
701 39
638 1059
662 965
596 1086
714 933
1136 442
3 1089
903 97
828 421
690 928
366 356
937 317
596 432
810 274
890 33
1030 1026
1198 1161
675 175
725 1218
783 726
651 50
1215 756
343 693
840 957
242 256
688 1134
704 1060
46 962
442 1089
1178 547
477 604
511 126
304 779
473 1002
655 878
391 1019
534 476
79 993
822 1213
1043 11
515 977
521 354
1120 195
1205 672
803 145
989 540
729 1006
1046 948
1193 1002
267 1126
389 892
799 1181
127 171
417 280
347 1199
1227 104
403 639
561 447
373 266
1230 107
766 589
1158 22
124 347
948 629
1146 530
591 635
1069 347
693 533
286 1024
321 651
796 421
848 411
843 464
917 85
1018 160
504 529
1209 1186
1104 224
171 838
863 739
875 422
195 442
676 623
688 224
99 744
719 492
494 758
626 560
978 759
958 130
1054 850
729 935
755 229
990 525
920 1132
1226 375
1005 1162
577 873
214 875
1037 730
1093 619
274 689
700 552
359 10
763 64
202 183
69 316
122 103
572 1065
58 893
254 374
1022 133
347 831
1189 1224
543 937
630 643
1041 601
1089 1003
359 711
255 190
1191 1
877 391
810 384
374 582
754 458
678 465
315 750
232 311
285 571
395 185
552 56
629 786
874 752
191 1017
1074 568
23 504
993 510
480 906
1166 931
685 1160
438 314
312 976
42 1196
953 965
200 884
91 76
582 89
847 957
624 3
1185 501
447 921
492 424
210 474
1158 962
227 182
591 936
976 1189
811 252
1209 406
83 16
315 831
328 746
869 1084
1083 65
937 1126
552 379
511 661
1033 682
711 312
786 832
1098 966
411 381
492 477
156 722
470 1198
655 285
33 914
40 1014
744 637
818 1068
606 747
83 11
1090 346
653 895
134 495
1014 283
63 1119
634 151
1007 232
778 289
462 1063
377 545
40 961
378 593
452 63
842 499
1146 617
225 1221
735 70
112 465
1021 838
45 1207
1226 683
118 764
412 327
730 1219
169 246
137 1044
347 384
712 1116
203 1076
522 723
145 169
708 409
1190 1064
1033 56
681 466
739 880
572 261
1061 743
364 378
664 1064
664 928
568 745
1149 1041
921 976
63 957
638 914
384 1183
566 730
27 227
190 1174
648 305
1046 139
421 919
1146 856
362 371
395 693
508 87
733 389
1173 518
887 347
645 1067
515 9
27 1159
488 1185
561 115
993 701
1191 1029
1127 1096
464 473
565 424
628 877
1005 585
155 1074
514 408
6 246
570 370
915 266
621 890
486 75
514 270
1000 239
764 1
161 188
785 1007
1033 632
1043 944
592 127
1228 477
239 489
790 182
240 837
1181 340
490 71
303 232
157 1050
61 536
415 297
505 506
225 83
301 232
308 252
1056 36
709 901
320 983
918 1197
428 171
717 688
648 141
666 1199
58 61
300 312
513 1049
581 927
677 389
579 1123
682 444
125 1018
103 38
865 1142
689 481
1050 158
922 560
260 1016
1224 1135
883 606
1010 1030
700 908
1069 385
638 752
739 347
766 1207
36 700
650 548
10 330
616 1
883 1207
729 718
275 891
730 36
402 46
823 1215
1125 573
111 1060
185 123
196 384
857 796
1086 643
939 769
1095 310
988 1053
808 650
1117 130
495 620
596 1
1148 364
549 806
355 42
1086 873
378 938
440 749
318 1068
1072 520
793 68
1167 111
138 1096
736 56
223 575
968 725
483 1003
204 783
98 980
43 458
536 1220
67 168
35 893
788 22
601 849
25 948
183 425
842 286
1139 408
690 386
921 92
286 1186
550 474
369 60
852 386
1206 1033
476 1007
1076 253
1126 466
232 361
987 950
202 1061
110 810
1086 652
1027 454
403 1220
1187 377
685 112
484 229
529 175
372 827
923 171
995 674
1058 248
659 1086
729 248
526 1219
633 932
875 1115
473 1171
885 439
774 975
1146 571
1084 1078
232 1146
83 956
1 446
474 586
137 1148
1010 1131
795 355
758 1131
814 608
71 1054
939 178
621 179
277 390
874 179
28 136
1151 22
482 689
395 839
1209 105
674 1156
87 1065
589 515
806 82
1126 394
939 267
662 147
778 192
328 380
1145 844
1102 790
434 876
273 250
479 50
317 934
282 61
222 1198
1210 1065
1043 284
220 688
352 670
350 1152
427 250
801 511
99 430
807 683
882 628
512 530
436 103
464 578
1151 172
235 615
633 311
448 601
646 881
493 359
356 721
313 429
422 1121
1102 193
1153 287
958 416
686 570
991 330
666 374
289 1206
863 100
655 502
444 1142
98 560
387 585
619 899
3 413
1075 311
749 419
1016 448
837 1115
1154 1105
791 356
381 691
78 1042
343 651
487 128
914 159
251 108
1039 474
1056 1121
322 877
1121 1174
305 1043
361 749
557 620
653 1149
993 1089
1100 645
833 183
1150 1053
491 1072
618 97
22 681
1121 307
912 545
691 779
106 941
713 962
347 1231
297 22
57 326
1148 316
848 292
976 384
655 614
1143 669
666 89
753 205
1117 1158
141 814
552 779
962 296
30 1160
963 503
1191 415
239 1164
599 3
1134 609
663 1194
689 696
75 886
853 208
1127 228
466 713
180 829
125 1130
39 303
1182 474
212 228
254 1199
86 1043
771 147
685 1181
353 1210
1029 378
527 281
864 1164
848 222
140 270
607 5
523 628
615 579
107 556
5 667
966 991
254 1189
8 652
285 389
23 591
768 855
359 615
443 1082
395 474
925 58
368 601
498 797
957 931
333 988
148 931
160 1065
1142 168
408 936
886 206
1234 959
113 939
1003 1146
1148 558
443 378
963 779
1014 952
8 1191
234 571
467 16
430 842
261 725
320 1062
314 1199
1107 108
966 1201
526 964
1215 1153
693 509
1020 463
627 1207
1113 357
962 1151
438 992
953 748
134 101
891 683
195 753
781 962
664 602
1126 1154
521 503
649 735
1166 927
475 272
1011 516
565 1153
744 159
66 9
184 217
1057 253
397 861
670 206
78 432
315 1211
375 219
866 919
784 1146
680 928
519 656
351 81
725 1128
1043 680
395 798
312 689
962 957
731 525
655 1138
1068 1181
63 846
1219 700
895 1157
294 88
1072 1046
285 993
959 892
472 962
131 1102
15 623
529 15
364 296
1128 306
19 1030
1185 621
1186 202
666 853
448 988
1041 1131
86 468
847 830
256 833
880 384
137 805
559 589
143 569
1053 1131
676 1046
666 359
1055 426
622 814
1169 606
273 583
168 719
1079 148
852 329
239 901
91 1167
851 1171
569 833
121 62
932 389
1068 283
426 1021
588 669
239 307
1210 1058
18 929
125 664
564 1046
482 196
57 655
1137 266
106 578
1146 298
384 390
744 501
632 552
761 1121
696 208
807 130
3 195
936 343
1132 480
1229 976
943 1116
694 327
1232 165
77 19
550 925
1159 825
15 1219
590 1227
169 745
1043 16
265 768
618 551
1094 771
1134 154
1022 280
796 606
668 157
921 615
778 657
835 179
1135 7
1202 476
953 833
918 796
370 746
630 596
857 559
1224 124
731 144
967 955
54 377
656 279
998 532
439 862
41 305
572 382
1116 1086
83 1058
923 809
575 1046
1047 3
27 814
1031 766
506 1015
1155 1207
623 799
799 808
244 810
31 1065
444 526
422 239
922 250
629 279
299 610
1194 1068
510 784
144 518
1228 166
781 554
478 416
804 480
613 1176
1175 1054
177 592
669 219
656 799
833 613
323 307
205 762
364 616
164 285
914 585
934 26
505 311
582 561
1115 798
1209 585
255 1215
272 1177
432 266
1103 247
1017 90
792 476
918 545
434 1074
1112 720
38 953
1095 1077
1134 63
689 723
714 823
236 234
797 408
981 354
808 1206
74 390
480 349
645 116
69 63
347 972
236 1007
829 27
758 252
751 396
734 160
45 1
1158 432
52 867
1179 49
978 678
882 85
1062 260
140 1052
288 785
859 1217
465 963
63 2
753 294
396 109
6 816
15 217
18 987
337 715
1018 150
373 883
18 670
876 157
808 67
1207 416
637 38
284 128
498 714
168 1206
11 1020
411 1122
877 467
913 955
667 208
894 1008
984 794
789 678
56 629
834 729
894 950
743 855
219 781
1193 725
85 52
251 1167
13 76
374 142
389 79
49 655
75 562
1138 1140
1091 996
1139 1142
189 456
1142 521
936 1153
492 848
488 286
94 1079
741 720
216 1040
866 1116
1138 88
204 1090
1067 574
468 783
1016 1010
832 257
96 844
664 155
293 641
183 768
557 1204
536 474
976 107
1187 51
932 993
233 998
8 846
950 562
327 95
564 763
410 311
288 505
8 2
879 61
403 239
988 653
248 852
792 993
937 1082
68 768
308 895
315 356
951 1111
908 746
120 877
431 126
810 660
204 734
493 330
57 1179
744 638
1081 1030
1201 853
170 103
215 310
191 704
395 1144
398 1134
1053 1016
800 645
846 398
406 1185
196 1211
1058 574
560 628
1030 1083
1003 311
714 1115
1220 240
60 377
486 251
956 125
1197 962
440 1075
1053 162
129 1005
650 1161
785 878
956 574
744 621
477 623
624 776
332 534
513 374
892 59
292 321
61 730
717 1093
862 435
875 799
976 739
329 11
466 671
586 492
292 591
650 61
570 239
666 384
38 638
466 82
347 921
660 1183
639 533
324 272
192 197
172 1197
962 697
872 916
627 324
999 707
739 201
288 896
809 967
21 189
300 546
1165 492
587 1134
151 358
372 903
187 938
204 1025
1039 808
548 779
1005 835
852 322
1036 234
792 924
977 69
674 136
806 737
99 335
1073 666
893 70
986 1089
12 389
284 672
1023 1124
528 539
616 9
155 500
531 914
279 808
161 464
774 537
1003 361
578 495
596 945
1177 630
17 620
921 10
397 783
1206 552
1076 840
1226 741
688 1126
43 879
510 360
679 299
56 678
84 754
390 356
705 225
713 377
332 311
857 545
1146 960
57 1036
720 266
80 161
252 19
211 887
89 367
283 700
11 829
81 850
98 1103
723 390
514 400
1158 154
768 501
309 718
1030 448
889 26
662 1109
791 921
487 437
1177 588
129 1027
192 403
1086 1151
38 183
1092 556
134 490
705 1175
978 875
984 902
1156 963
1028 400
966 1110
783 820
654 693
552 586
1031 46
374 96
310 601
491 933
810 1163
1174 192
345 145
408 751
668 551
822 645
577 1126
1198 675
573 183
374 366
503 511
247 225
1178 1204
62 744
405 1218
295 1207
717 720
776 792
693 575
150 1193
1029 717
41 917
1214 1057
842 744
741 432
775 1062
586 875
265 833
955 1130
935 1147
890 996
943 46
16 1171
707 859
96 312
522 89
428 490
944 386
1228 632
236 205
47 688
941 95
195 530
931 295
1116 229
482 1230
466 528
885 473
131 407
301 1179
883 937
509 604
347 667
914 835
628 782
729 31
351 1159
266 938
632 168
926 1043
120 680
851 692
644 1065
562 352
808 779
1142 839
1225 1175
887 208
1011 789
1174 1227
825 346
1111 744
328 1182
864 498
97 861
903 813
812 61
101 246
845 89
993 57
753 878
673 201
357 255
796 945
354 798
432 742
841 668
122 454
1116 219
1027 770
603 950
1210 882
565 35
484 840
998 895
281 22
536 925
80 1084
986 234
1084 155
311 3
367 1069
813 827
803 941
155 608
927 1126
689 1199
1167 18
774 160
601 1083
309 790
57 505
477 399
237 1144
1064 525
256 1109
690 809
250 715
82 962
137 713
195 298
741 527
23 632
327 574
103 387
597 506
573 858
1055 729
850 1178
155 538
210 190
783 480
1026 1095
1181 700
686 519
858 1185
323 30
263 341
702 340
1178 1025
1191 999
545 369
168 340
1112 1086
913 80
730 73
589 796
985 615
158 827
115 750
987 251
63 919
705 429
983 333
456 750
131 351
89 992
356 1087
343 1220
174 1153
794 1198
300 1199
492 700
1115 217
1142 657
1165 491
785 198
594 716
1016 653
1019 732
315 359
638 768
692 114
852 1064
396 902
199 472
496 1055
1103 81
145 1171
819 1157
476 301
976 695
1190 955
964 1014
192 509
1053 77
182 131
888 381
1134 911
1101 1031
751 901
120 800
993 892
203 957
502 1179
437 843
878 1015
67 1080
871 1099
88 792
965 973
134 955
1060 206
316 707
1174 280
914 68
1146 88
993 234
337 188
1160 663
326 506
1151 688
255 1129
991 949
178 830
235 1123
720 631
1116 1214
421 388
750 347
292 257
80 1100
498 818
9 747
895 448
878 1075
728 105
164 534
795 1084
1037 654
989 264
988 1077
961 1144
882 268
130 658
1100 694
817 12
215 1157
102 946
821 884
927 130
1191 807
1107 457
965 1162
105 202
311 476
551 843
186 570
22 796
1207 1169
117 904
782 1066
964 779
77 418
97 1074
798 786
677 1140
1149 998
461 390
1127 575
1170 1113
655 971
543 942
526 566
284 131
502 1015
478 1191
692 1218
681 8
493 312
646 970
306 722
617 1200
255 629
955 180
190 984
1082 398
668 574
973 425
641 1147
389 701
823 797
1 1223
988 1083
719 798
1223 527
496 125
1107 886
513 1199
487 920
30 875
327 1006
984 548
911 1191
1138 580
469 247
524 399
474 56
1120 1089
1104 1085
491 1039
311 259
960 892
1114 747
850 117
390 1233
37 399
265 890
164 12
1219 756
982 376
367 561
362 1020
870 284
1064 826
945 66
1013 820
415 659
713 369
1089 762
140 56
382 935
1061 1094
272 945
910 581
1106 157
192 264
272 962
413 655
395 511
962 669
838 1213
1062 308
839 540
414 887
1102 954
35 674
397 827
1229 5
931 741
369 130
244 992
309 518
970 1088
745 1213
743 621
914 1111
566 228
186 1156
190 801
452 1104
479 489
419 39
444 590
734 834
251 76
809 350
57 817
1052 714
698 616
491 524
1087 921
851 829
896 971
594 388
225 1210
46 891
436 1024
52 869
172 683
993 677
93 519
1078 1013
239 504
482 44
54 1093
898 441
237 1011
83 116
792 860
381 864
115 312
809 11
353 645
1077 77
807 747
256 1176
1085 911
1216 912
281 517
734 692
725 1190
6 327
755 593
772 631
1014 304
489 112
547 227
498 174
269 457
918 416
412 968
69 527
1087 1211
400 474
706 683
915 631
208 359
914 265
799 222
1202 32
425 662
101 435
373 1119
1029 54
1098 1135
441 14
583 336
685 552
640 224
645 1208
47 1
1018 990
178 45
222 824
155 337
964 848
799 1127
791 1199
228 1011
26 460
941 731
247 1218
813 1175
1051 81
1138 164
84 1129
1180 886
962 341
918 297
588 717
1186 833
607 314
620 42
254 356
876 648
443 619
796 475
1026 1071
309 928
247 941
925 56
589 1141
36 1206
806 1158
259 1146
1020 1058
272 999
1014 1219
732 27
422 212
675 1142
257 474
1087 359
1178 800
347 189
931 224
569 339
795 428
748 406
810 1073
1005 973
756 808
22 669
720 669
977 47
206 191
1205 171
251 894
579 385
164 419
792 389
496 204
809 1103
630 846
853 810
85 825
562 13
200 1207
970 88
555 559
225 468
484 199
612 1052
537 1063
1208 437
420 904
1227 184
370 379
497 704
165 796
235 196
749 792
234 88
234 1088
308 77
82 1086
957 432
180 1032
1202 245
1114 957
312 522
518 782
168 139
400 25
571 1202
5 561
5 1092
772 1158
861 1159
348 543
561 1183
716 421
1151 316
265 147
858 914
763 1014
1053 819
181 585
381 548
803 1184
385 1233
87 1084
1150 448
1137 710
305 468
802 453
728 973
1037 50
686 1000
865 237
584 950
103 744
756 283
587 643
1211 385
672 851
389 419
340 735
757 793
792 909
162 758
859 919
26 706
1086 781
57 299
631 154
655 624
113 1158
503 864
254 461
490 913
934 1187
65 19
1126 172
960 294
500 468
384 522
183 743
91 441
835 1109
732 1172
609 1082
858 425
817 1146
717 22
764 945
998 1071
1176 662
1228 1096
442 79
615 1001
1158 443
659 199
409 367
1065 273
1181 104
1227 163
472 688
24 954
292 1122
1052 1121
921 810
853 1224
681 402
156 429
289 676
623 1014
441 206
315 1189
146 315
12 646
1157 765
1028 119
322 1084
227 114
755 806
747 466
389 1089
731 71
346 745
1157 1062
895 260
1219 799
554 671
75 76
626 144
524 1033
970 236
260 1095
1058 85
356 5
842 1094
67 818
1171 426
1082 889
650 292
413 1075
144 412
893 761
825 935
848 1227
996 430
771 38
1109 760
453 1191
606 46
224 1029
674 1142
549 630
1127 524
337 813
62 1094
444 1206
727 109
892 1088
317 962
1191 891
209 388
902 379
154 78
1050 867
622 158
812 212
654 331
125 822
667 1183
476 288
649 952
540 491
1022 190
685 651
356 556
932 410
473 158
1074 329
112 727
708 356
337 705
439 490
940 16
1088 288
308 494
25 104
40 458
758 969
615 1229
878 896
300 438
1155 1029
342 356
302 303
874 499
877 732
1207 130
37 629
895 1053
428 870
150 1074
211 409
887 314
948 736
1030 775
291 762
51 549
1223 609
1199 711
1143 821
1190 41
1060 352
288 232
376 940
516 185
367 887
252 368
1159 349
833 105
443 652
967 1006
241 384
332 792
176 670
591 370
239 1188
1081 532
935 337
326 1146
1036 285
315 235
452 542
526 40
76 563
1209 33
239 1122
852 940
399 307
391 923
149 866
46 22
875 395
82 688
95 967
629 67
942 1116
931 873
585 573
53 232
690 464
235 10
998 65
488 833
485 909
301 505
741 999
691 540
806 545
105 890
819 221
315 89
685 40
605 286
998 1030
594 1191
656 228
38 996
1088 733
495 926
922 1090
672 1175
1114 151
1107 929
1025 372
1111 1209
1019 97
447 100
162 653
193 508
418 988
843 1225
182 193
110 347
922 583
476 892
186 343
726 1106
587 681
559 1207
1207 220
691 789
71 81
1020 822
933 511
57 530
137 802
301 924
50 875
434 1193
810 89
828 1104
219 741
1137 755
444 15
614 762
679 753
1231 10
199 671
28 978
622 427
612 746
591 61
1053 252
296 165
1143 1141
1134 1093
509 798
508 628
1130 862
654 138
