100 350 2000000
76804
54209
93134
42600
97181
28825
70359
43211
66120
20998
90783
24652
34515
25753
97387
76704
21654
87845
0
74325
43991
52443
78908
76943
48993
46966
38737
66681
66058
92013
91356
97252
71560
0
23254
31231
95103
65695
93864
68205
66488
23557
60675
26099
64669
22645
64213
44758
76842
35646
74473
72459
15713
80853
17412
31305
45992
39551
34512
12458
28508
0
85174
95273
92994
0
86376
59036
25378
0
84202
18784
23151
70958
40113
69505
19929
11918
0
62661
47264
65116
74501
35712
68436
67899
67840
77717
0
68504
34007
63371
63973
60827
99608
48397
30790
64892
81423
0
3 13 100
3 14 91
3 32 79
3 44 27
3 48 68
3 86 98
4 6 16
4 15 39
4 19 9
4 97 68
5 3 36
5 9 95
5 16 40
5 26 62
5 54 9
5 82 90
5 98 2
6 19 62
6 34 12
6 54 72
6 60 66
6 63 57
6 64 2
6 80 70
6 91 10
7 3 67
7 15 22
7 19 33
7 37 89
7 48 100
7 80 38
7 87 78
8 9 48
8 16 25
8 61 48
8 63 54
8 70 7
8 82 11
8 91 65
9 14 30
9 19 99
9 48 91
9 56 87
9 60 65
9 61 96
9 70 86
10 1 45
11 1 16
12 1 68
13 4 77
13 5 64
13 7 29
13 8 65
13 16 24
13 30 41
13 54 92
13 78 47
13 83 84
13 97 91
14 7 87
14 19 55
14 22 95
14 44 57
14 54 5
14 61 50
15 3 32
15 8 31
15 32 88
15 36 33
15 59 22
16 19 76
16 34 10
16 36 4
16 48 92
16 58 87
16 59 28
16 70 85
16 97 9
16 98 31
17 2 57
18 1 35
19 61 14
19 64 95
20 2 43
21 1 63
22 32 33
22 51 27
22 56 39
22 98 38
23 2 64
24 2 75
25 1 26
26 1 37
26 34 50
26 48 18
26 56 98
26 80 52
26 87 60
27 2 75
28 2 38
29 8 53
29 37 75
29 48 26
29 55 58
29 61 88
29 86 4
30 4 66
30 8 61
30 32 90
30 42 13
30 60 93
30 98 56
31 2 79
32 19 3
32 29 44
32 34 67
32 61 68
32 71 32
32 78 47
32 97 58
33 2 21
34 5 99
34 19 16
34 29 55
34 36 47
34 42 21
34 44 79
34 54 57
34 87 17
35 1 69
36 6 9
36 15 40
36 48 84
36 80 14
36 83 11
36 88 30
37 14 24
37 15 8
37 30 45
37 36 24
37 56 68
38 1 29
39 1 20
40 2 82
41 2 25
42 3 74
42 9 98
42 19 32
42 22 79
42 29 49
42 56 11
42 64 38
42 80 20
42 82 77
42 87 15
43 1 14
44 3 77
44 26 83
44 42 82
44 48 44
45 2 54
46 1 39
47 1 14
48 9 97
48 13 9
48 14 11
48 15 63
48 22 4
48 30 27
48 32 18
48 49 20
49 4 81
49 29 25
49 36 81
49 78 15
49 98 51
50 1 20
51 4 17
51 16 90
51 19 80
51 37 36
52 1 81
53 2 93
54 6 67
54 14 61
54 26 38
54 61 75
54 71 26
54 87 96
55 16 86
55 22 41
55 34 73
55 48 77
55 97 70
56 3 76
56 5 26
56 6 24
56 7 51
56 9 89
56 15 37
56 26 57
56 29 60
56 49 87
56 71 22
56 78 51
57 2 29
58 6 56
58 14 14
58 15 85
58 19 38
58 37 48
58 54 95
59 4 55
59 7 18
59 13 78
59 55 76
59 63 62
59 70 70
60 51 55
60 55 52
61 3 99
61 6 81
61 29 49
61 54 44
61 60 73
61 71 50
61 97 11
62 1 34
63 13 1
63 22 12
63 42 59
63 44 16
63 54 46
63 60 100
63 71 81
63 86 6
63 88 78
63 97 5
64 14 41
64 15 68
64 37 6
64 42 75
64 48 100
64 49 70
64 83 89
64 97 49
64 98 97
65 2 46
66 2 94
67 2 1
68 1 38
69 2 63
70 8 83
70 13 57
70 26 73
70 32 70
70 44 34
70 82 19
71 54 29
71 61 90
71 78 57
71 86 15
71 87 3
71 88 43
71 98 23
72 2 96
73 1 59
74 1 3
75 1 88
76 2 29
77 2 95
78 8 28
78 16 89
78 48 58
78 56 85
78 86 21
78 91 29
78 98 39
79 1 20
80 9 48
80 36 90
80 55 99
80 86 2
81 1 56
82 7 79
82 8 96
82 9 15
82 22 3
82 26 37
82 42 89
82 44 84
82 54 5
82 64 19
83 5 5
83 44 38
83 55 90
83 63 24
83 98 51
84 1 2
85 2 30
86 19 23
86 22 41
86 30 42
86 82 47
87 13 53
87 15 6
87 16 4
87 36 55
87 48 75
87 56 22
87 64 97
87 83 90
88 22 13
88 36 68
88 63 69
88 78 42
88 83 67
88 86 39
89 2 41
90 1 86
91 16 1
91 36 17
91 42 26
91 48 80
91 64 52
91 70 8
91 80 64
92 2 78
93 1 39
94 2 9
95 1 100
96 2 18
97 2 82
97 7 10
97 15 22
97 49 92
97 70 55
97 88 15
97 91 74
97 98 33
98 3 63
98 8 16
98 13 81
98 16 34
98 30 83
98 49 53
98 64 39
98 87 82
98 88 59
99 2 22
