9 500
86 44 18 25 42 47 66 79 84 90 100 120 129 130 147 157 177 191 192 197 209 214 225 233 238 256 272 279 300 318 332 337 342 347 362 364 385 395 405 406 415 433 454 463 481 498
99 45 17 38 53 72 80 83 91 103 109 110 123 142 145 157 172 177 187 191 210 228 229 245 247 255 270 278 282 284 289 307 327 337 354 359 365 376 378 396 400 421 426 444 460 477 491
92 41 0 20 21 40 43 51 71 89 93 100 106 111 127 144 155 172 179 192 211 223 244 253 274 293 295 298 319 340 346 359 363 384 391 412 413 431 444 457 469 488 493
107 49 8 19 39 47 65 78 80 91 92 105 126 130 140 159 162 172 183 198 202 223 225 237 241 244 256 264 277 286 298 307 308 328 332 345 351 356 359 366 377 385 391 397 414 415 433 452 473 477 480
103 44 11 20 27 48 64 67 73 85 100 107 118 123 132 139 144 159 176 181 194 206 223 229 230 232 253 261 281 301 309 320 340 355 366 378 396 405 424 437 442 444 457 472 487 498
59 41 20 39 57 63 76 97 117 118 136 145 153 169 180 201 211 224 228 230 240 255 260 280 294 307 310 328 341 342 350 354 357 374 392 394 415 427 441 461 469 475 488
92 42 19 38 58 74 89 91 100 113 128 147 154 164 175 178 192 211 226 237 253 255 274 275 281 290 302 315 331 345 364 381 389 397 398 414 416 434 450 452 471 473 485 495
102 43 18 35 46 56 62 83 94 102 123 144 151 152 154 163 176 177 193 207 227 228 245 265 281 283 295 298 309 313 334 344 363 367 369 389 398 418 431 434 438 451 465 486 495
81 39 15 30 49 65 75 84 86 100 105 108 116 118 138 150 166 172 187 194 210 226 230 240 261 281 302 317 324 341 359 373 382 397 412 425 439 457 460 473 487
