11 700
52 56 0 13 29 39 57 74 91 95 114 128 147 151 154 162 171 186 194 198 204 225 234 252 269 282 287 301 314 316 329 338 355 373 390 409 426 439 457 478 482 501 505 506 527 535 552 567 585 603 610 617 625 626 639 660 663 682
114 65 8 29 48 60 79 94 111 131 133 144 161 172 178 185 194 213 215 217 220 231 235 244 259 280 299 304 312 318 326 335 340 353 355 359 374 379 390 394 404 410 429 432 441 447 466 480 482 500 518 522 537 557 567 587 600 620 621 623 625 638 641 648 662 664 683
50 68 9 13 22 33 40 53 61 79 98 101 109 113 128 132 134 146 154 169 188 208 218 221 227 248 249 251 253 265 278 279 297 302 311 327 338 347 352 365 370 377 378 399 417 424 440 445 447 457 460 465 479 498 513 523 533 551 558 568 585 606 617 623 626 637 653 666 681 698
41 63 3 4 22 35 52 57 62 70 72 88 103 106 115 129 141 147 148 160 174 180 197 210 218 220 221 238 254 261 272 293 307 327 344 362 373 389 395 398 405 413 434 453 464 466 486 503 524 535 552 553 565 576 580 585 602 610 627 631 646 649 670 690 696
69 68 4 13 27 38 43 48 52 55 67 86 91 93 99 103 105 118 139 160 178 192 195 201 217 218 234 239 259 279 282 287 299 317 330 336 342 350 369 381 398 401 413 425 430 442 457 458 475 480 492 508 516 526 534 549 569 571 579 582 593 613 627 630 642 656 659 668 678 681
119 61 5 20 34 44 50 65 74 82 86 106 124 141 144 149 158 176 188 199 216 236 242 250 261 277 298 310 330 350 365 372 386 389 402 404 425 441 454 464 481 489 506 518 526 527 540 542 552 568 581 583 596 610 615 629 636 642 653 668 687 692 693
34 63 9 21 38 56 65 79 93 102 109 113 123 125 141 142 150 153 174 181 193 210 214 225 242 243 260 275 288 308 318 327 342 360 372 389 395 399 409 412 417 424 431 432 446 459 475 492 510 525 535 546 557 571 583 595 597 607 620 627 632 650 667 685 694
111 63 3 4 18 19 21 42 45 51 58 68 89 92 95 109 111 132 146 149 165 174 186 202 223 243 246 258 260 267 280 281 284 301 320 326 330 351 353 373 393 404 420 436 443 456 475 495 502 518 539 556 577 585 602 619 625 626 644 648 660 677 687 691 694
57 66 4 5 6 20 39 50 61 66 85 90 107 128 147 149 155 176 185 192 206 226 247 266 281 284 303 324 331 340 345 347 365 369 375 388 396 402 403 407 409 424 434 439 460 465 472 476 493 494 511 526 532 542 550 555 563 581 586 604 616 626 640 655 657 662 676 684
40 63 6 27 43 61 65 75 82 89 98 111 121 127 141 154 162 181 202 207 210 216 217 224 236 249 259 262 267 275 281 288 306 320 328 333 342 355 376 397 406 412 427 444 455 463 478 487 506 519 536 554 569 586 607 608 610 613 630 647 652 657 666 677 698
102 70 16 34 35 49 68 89 107 123 125 139 156 175 182 200 201 205 220 221 232 240 251 272 276 290 304 312 326 327 333 338 343 356 370 373 378 397 399 409 413 428 434 435 442 445 465 470 478 485 500 517 533 550 554 566 583 589 596 611 630 634 635 642 647 651 655 664 672 686 689 695
