50 129
1 14
1 7
1 6
16 37
16 19
16 23
16 10
1 42
43 40
21 32
8 19
26 1
1 9
16 6
44 25
1 24
16 34
1 44
21 28
1 2
43 49
16 25
46 18
16 48
1 35
8 17
38 20
38 19
16 5
1 10
1 18
44 19
30 2
1 34
1 32
1 13
44 5
16 12
16 35
49 14
1 29
16 17
31 28
1 22
21 37
40 14
16 11
16 22
28 15
16 7
31 36
43 45
16 8
16 20
38 17
16 42
1 4
16 29
27 36
1 39
36 1
47 11
41 37
16 41
44 33
11 47
30 6
16 46
21 36
1 48
1 16
15 1
16 3
2 20
16 13
9 12
1 43
27 35
2 30
1 49
28 16
24 22
16 32
31 29
1 23
17 29
36 28
14 40
26 18
16 45
16 39
1 37
16 14
15 28
31 30
16 24
35 29
8 33
36 12
21 17
27 5
16 4
1 3
16 2
27 28
44 8
1 8
21 8
45 14
38 1
16 44
16 50
35 17
1 33
18 46
38 48
26 42
8 35
8 11
16 33
16 43
16 49
8 29
43 13
26 4
1 41
1 50
49 45
1 11
