100 244
51 10
53 22
47 82
77 15
33 46
5 55
7 30
64 32
16 15
45 40
83 12
93 75
45 14
53 59
37 58
77 33
63 81
80 59
8 86
77 29
31 1
100 2
74 43
57 52
47 58
35 10
45 38
58 37
64 67
64 79
63 42
74 25
28 20
81 85
13 92
47 6
62 100
47 28
64 7
64 30
1 43
94 15
82 95
74 97
45 20
44 77
71 29
64 28
16 59
3 23
54 91
64 86
86 8
47 89
42 76
75 76
82 47
36 65
19 59
13 32
82 43
75 93
89 40
47 39
3 10
34 80
64 37
77 44
80 72
3 71
90 1
62 10
62 76
31 56
68 22
74 28
22 15
48 76
64 25
66 79
1 82
45 87
91 51
3 26
71 10
19 15
93 100
57 4
41 56
74 26
60 66
74 47
74 60
71 2
75 23
64 38
35 82
70 21
53 33
57 48
10 76
27 76
71 76
27 73
100 10
45 9
33 1
47 14
94 53
80 44
45 18
51 2
64 97
3 21
65 36
47 4
2 10
74 67
47 7
99 30
33 72
49 76
34 68
13 76
22 68
57 76
93 91
19 16
88 48
69 52
74 12
45 98
81 1
59 15
76 1
47 26
45 95
47 83
42 92
93 48
98 65
47 61
41 60
54 100
74 78
48 46
56 46
49 1
80 34
1 28
82 25
47 98
64 89
45 83
82 45
85 81
82 87
73 76
45 84
55 5
94 68
46 56
64 96
49 41
68 59
45 29
59 72
88 50
30 99
45 64
64 6
51 76
10 48
12 83
23 76
52 69
44 68
72 33
64 61
1 74
11 4
73 48
64 78
62 51
57 69
75 10
64 45
4 11
60 92
42 63
45 24
91 1
47 67
68 15
82 60
47 24
45 92
82 50
35 2
85 76
45 52
47 43
74 50
41 49
13 49
77 59
76 46
64 11
21 70
15 33
2 48
5 25
100 76
80 15
17 95
64 50
47 29
53 15
64 60
45 21
95 17
31 76
64 43
48 1
51 54
46 1
3 47
45 39
45 36
28 84
62 23
5 90
3 76
3 60
79 66
74 87
74 24
48 6
82 97
23 2
2 23
80 78
35 76
74 64
