100 1971
7 73 26 75
48 59 1 86
39 100 72 5
7 87 39 84
4 20 16 30
18 62 12 75
50 76 68 96
37 96 92 16
31 95 33 59
40 57 20 27
13 30 74 5
40 68 62 64
75 82 26 68
18 42 96 12
26 93 3 24
28 46 1 75
4 37 81 54
3 20 37 23
54 98 60 73
6 56 98 28
39 63 78 58
11 78 41 32
43 96 97 79
12 22 74 77
16 20 75 6
41 49 98 37
59 95 1 23
24 63 1 27
18 22 33 39
80 100 45 82
29 74 82 49
16 51 80 43
39 69 29 22
38 43 41 88
69 86 30 33
47 75 2 53
18 45 56 35
64 89 50 83
13 71 57 16
44 53 73 49
8 81 47 85
27 75 81 3
35 45 29 71
35 44 76 76
46 77 62 43
41 78 72 10
5 9 85 42
59 83 64 13
52 95 31 48
58 71 60 95
11 98 54 44
19 55 24 80
32 57 38 43
43 49 24 17
8 62 20 94
16 97 5 60
45 55 46 74
41 54 89 5
28 82 23 91
49 82 99 92
12 64 92 36
23 53 41 75
36 56 44 67
50 65 65 78
17 27 44 28
71 92 31 87
54 72 13 98
74 90 68 47
38 66 71 9
8 56 59 93
6 75 20 97
44 64 59 94
1 24 91 70
39 52 72 25
16 45 93 48
12 34 19 54
41 56 73 61
55 73 39 52
21 92 85 94
8 18 87 28
7 35 61 23
14 87 33 73
16 32 46 87
71 99 81 49
32 85 75 52
42 81 65 56
58 83 79 94
39 59 98 12
48 63 41 34
9 27 11 93
13 72 86 82
55 57 31 85
33 47 65 73
12 37 76 49
54 69 25 51
16 71 15 85
1 52 46 87
64 98 39 21
20 46 68 20
50 53 11 35
49 80 82 59
74 86 80 18
40 59 93 4
52 54 91 46
38 92 53 52
21 57 3 9
33 44 33 54
46 57 1 100
44 80 43 35
30 60 17 87
80 91 17 47
52 69 56 41
21 38 46 29
51 79 62 83
7 81 68 14
20 93 11 29
48 66 63 91
34 86 2 36
12 42 57 68
2 77 60 66
47 56 62 88
48 80 45 17
10 88 73 57
60 76 13 68
14 89 68 90
56 65 9 14
16 21 28 90
3 13 79 13
10 18 31 59
69 87 29 3
1 47 83 2
14 20 40 39
14 84 88 29
30 67 23 79
42 60 11 88
17 31 17 92
28 48 7 87
10 89 2 66
26 34 36 62
12 84 96 95
51 80 42 20
8 96 12 30
59 88 13 56
42 59 68 33
11 30 75 30
55 69 33 75
7 10 81 83
57 92 24 24
44 49 4 14
47 51 93 6
51 60 35 13
74 82 27 64
31 73 6 60
34 82 90 70
9 51 22 46
57 86 69 27
37 51 86 80
5 41 78 55
57 71 57 82
90 98 34 4
10 100 61 80
21 48 21 78
36 94 35 68
56 79 9 24
70 94 11 70
9 32 5 69
27 40 74 35
32 98 25 25
1 51 96 8
34 97 61 27
40 73 58 68
74 78 39 93
6 45 54 41
28 99 45 19
45 78 15 20
36 43 75 63
31 37 94 69
16 43 83 57
15 49 11 37
42 50 62 14
41 76 52 52
13 66 37 46
8 91 5 42
88 94 39 18
16 37 66 52
24 50 8 39
68 85 18 43
12 90 70 1
57 81 11 22
31 92 85 75
33 62 77 50
31 59 61 85
27 39 46 10
14 24 29 79
3 42 71 84
13 36 7 5
26 44 60 14
50 67 88 31
57 85 51 1
41 58 13 56
31 41 37 66
59 91 77 91
3 62 80 51
42 90 94 29
78 85 13 89
82 96 25 83
15 43 80 66
24 43 74 66
11 14 64 93
25 56 97 20
10 60 42 97
6 28 30 82
2 15 71 69
18 95 90 67
7 19 93 77
3 76 27 13
6 84 48 15
23 32 19 2
5 7 22 25
38 73 9 85
23 56 93 43
31 43 79 59
78 79 38 35
77 100 83 20
74 91 64 19
57 89 54 64
75 96 21 49
6 23 90 85
36 67 98 32
69 85 88 39
72 98 4 28
18 27 38 64
91 96 61 36
26 43 90 71
21 88 8 100
81 91 45 67
44 100 35 6
23 57 48 97
45 59 27 41
19 67 67 64
2 12 22 69
68 96 69 74
22 76 23 36
87 89 94 85
14 69 3 31
67 100 78 16
28 90 16 17
13 100 1 40
4 16 51 45
4 90 49 26
62 66 57 57
72 94 71 39
37 78 77 80
18 96 47 50
30 72 82 80
75 97 35 94
35 68 63 44
66 80 25 67
64 87 77 49
66 79 82 74
53 54 99 41
4 66 99 32
23 99 8 27
19 80 91 19
30 95 83 24
5 56 74 84
17 47 71 43
25 71 21 36
40 96 49 58
28 44 87 22
46 51 4 57
45 58 33 46
16 48 97 31
19 52 54 17
16 84 24 89
1 35 20 91
71 75 100 22
8 39 55 21
28 84 6 13
67 92 65 20
22 94 53 72
16 18 87 48
42 84 60 4
13 93 92 53
5 54 97 76
73 82 89 38
3 33 75 82
48 95 38 14
43 50 73 76
14 19 51 11
47 98 67 11
26 99 60 67
88 97 43 84
24 33 17 30
53 78 47 92
8 87 10 35
42 47 57 96
51 85 28 69
1 86 42 49
70 97 11 17
48 79 11 58
1 44 20 35
10 29 8 46
67 69 67 10
8 31 71 67
22 73 36 58
21 60 6 33
3 36 50 49
41 57 60 99
88 93 71 84
57 59 84 92
75 87 90 59
20 37 7 21
34 35 36 72
23 100 71 81
29 91 97 27
5 26 61 63
27 77 100 48
6 59 66 61
24 37 86 39
35 96 27 65
22 64 17 8
13 34 71 14
23 46 59 36
24 62 11 23
68 79 7 85
18 100 61 81
20 36 28 63
72 90 46 49
37 77 39 54
71 74 16 79
22 80 45 9
43 86 11 84
83 98 56 2
85 92 53 95
13 48 45 25
33 55 26 66
25 53 30 1
31 83 92 31
49 100 93 25
24 74 23 30
6 31 80 53
21 85 5 72
19 96 34 76
41 92 83 17
22 44 36 41
48 99 73 49
14 23 87 64
17 48 14 41
20 26 94 4
13 83 18 24
23 84 35 61
39 76 84 29
39 95 38 40
29 93 30 51
69 93 88 50
17 89 65 64
2 68 75 70
45 82 6 52
7 86 44 63
41 48 10 53
10 38 3 3
94 99 7 79
43 90 69 19
18 83 82 85
36 61 96 61
33 83 81 70
21 70 64 98
50 96 18 42
1 67 10 61
13 60 93 49
15 56 50 34
72 97 50 12
2 41 14 23
36 62 1 28
39 49 62 98
16 52 31 81
3 48 2 98
2 69 75 28
27 43 5 33
35 55 46 29
54 63 18 88
22 39 26 28
49 95 40 89
4 8 45 14
74 96 66 74
56 78 7 68
4 17 80 60
65 90 68 31
40 45 58 69
14 46 51 83
1 22 98 73
4 32 23 99
55 80 83 56
37 100 85 89
25 78 23 15
2 88 50 11
57 64 41 12
28 58 96 51
71 95 100 75
59 86 41 39
19 82 60 57
27 95 68 20
32 73 78 49
1 87 24 67
49 78 81 56
24 84 60 80
34 62 62 94
16 22 34 9
48 78 54 8
9 82 99 29
43 78 18 24
51 62 94 38
74 75 36 21
30 73 21 63
24 51 40 32
65 95 60 25
23 64 1 60
7 46 49 32
21 42 47 92
8 17 19 62
77 80 39 33
63 73 28 36
19 70 55 86
6 88 99 61
15 99 34 36
34 52 98 64
49 64 37 38
3 88 52 4
47 61 8 23
20 44 77 24
31 48 14 72
66 85 55 29
11 29 81 27
58 74 84 42
25 85 4 25
69 100 52 73
32 39 56 13
83 92 22 44
68 83 23 18
27 46 94 77
40 72 33 86
39 98 21 13
61 86 21 79
68 72 50 89
57 65 65 8
60 88 8 16
75 84 13 25
14 53 35 65
50 70 41 8
58 77 92 6
12 48 8 8
67 77 12 51
48 54 96 52
24 100 21 93
23 59 1 74
27 57 89 92
41 99 94 70
81 86 67 75
20 32 34 49
18 54 6 9
30 94 78 4
90 96 82 3
4 33 49 19
16 95 6 49
17 76 43 40
31 53 90 20
6 22 11 85
3 97 89 99
30 93 25 41
17 39 30 41
11 37 40 49
43 79 22 41
17 41 22 16
45 97 45 19
27 70 72 57
6 15 28 99
12 50 91 58
31 87 44 1
20 28 82 35
10 72 76 63
44 74 65 93
43 88 59 29
49 97 67 68
58 68 98 25
53 59 22 70
57 79 72 89
52 90 78 72
30 65 69 87
66 100 96 78
30 76 37 34
8 63 44 35
3 21 69 24
32 92 94 17
29 36 12 11
91 98 84 35
23 75 35 65
17 26 65 56
8 27 78 100
52 98 93 89
63 91 84 54
35 52 19 97
86 91 100 56
17 56 90 12
24 34 100 33
14 85 60 24
35 89 36 99
38 49 51 34
1 30 22 21
29 35 93 61
2 62 10 38
4 41 95 23
8 10 22 48
77 91 32 10
17 74 52 67
31 80 3 1
84 85 1 26
5 34 60 75
52 64 36 75
55 74 38 34
64 91 59 48
7 45 90 89
42 77 68 86
12 88 32 70
36 79 78 6
15 71 14 41
34 40 45 35
4 62 98 1
14 18 5 76
31 77 31 72
4 48 48 56
65 78 86 93
64 74 90 43
47 68 56 13
17 79 15 51
1 10 92 41
11 64 21 24
9 90 60 81
29 96 87 41
33 85 97 80
37 54 86 4
23 58 25 87
4 35 12 8
44 78 14 60
23 39 16 4
24 58 23 23
31 75 64 52
19 33 69 25
7 44 59 58
38 75 5 40
40 85 69 90
74 100 44 79
59 89 75 35
73 79 77 80
57 96 94 74
12 14 94 94
57 61 37 82
54 78 88 65
9 25 28 87
7 93 35 97
34 95 33 9
28 53 61 34
7 39 89 48
19 44 56 48
15 50 15 50
52 62 98 62
13 85 22 83
41 69 66 12
21 66 87 23
20 48 58 80
22 77 75 83
16 56 92 47
41 87 12 68
36 93 27 85
14 57 20 84
57 68 37 19
61 78 2 71
39 50 59 27
82 92 93 37
65 88 36 25
83 86 77 39
51 68 35 81
12 45 40 76
61 87 12 74
20 79 100 90
16 68 63 36
11 48 3 91
22 42 72 33
37 43 20 10
15 60 40 98
35 79 35 88
24 73 14 12
78 88 99 2
37 90 85 79
56 91 4 24
30 80 69 83
28 91 57 21
43 48 97 66
35 57 48 84
2 89 30 47
53 56 76 49
44 75 64 90
42 43 77 45
50 77 63 26
60 93 76 79
50 98 3 96
25 50 66 62
47 63 96 72
42 72 10 12
13 38 25 88
6 83 37 39
57 99 56 69
70 78 99 35
26 53 98 41
92 98 94 21
31 51 92 15
8 86 55 75
33 54 60 11
22 46 22 19
75 80 63 76
16 29 68 95
5 81 4 33
21 33 18 49
87 92 81 35
24 44 32 39
50 57 73 83
6 24 10 45
71 94 21 37
61 85 23 57
4 47 22 38
21 80 4 54
2 39 17 72
58 67 86 49
54 65 12 34
60 92 26 78
20 21 32 80
6 46 54 48
53 72 16 68
17 93 16 38
42 67 20 66
9 29 100 93
22 75 56 21
48 68 26 72
3 50 22 70
53 89 74 76
31 62 96 45
29 40 8 43
59 96 36 63
93 95 69 11
51 99 19 61
71 76 31 10
21 83 11 70
22 49 100 69
8 82 33 53
9 16 5 60
77 90 68 86
49 52 39 48
32 82 92 65
52 56 78 56
76 86 57 90
27 28 12 26
82 87 1 10
79 88 16 81
17 95 90 51
8 48 19 59
7 97 55 60
53 71 38 39
7 88 95 10
35 61 68 2
83 89 79 37
18 97 70 35
29 66 96 11
5 24 60 61
33 75 83 33
50 80 16 59
69 82 19 74
27 30 18 13
9 22 47 100
21 45 27 58
40 48 73 84
1 70 12 45
32 80 6 13
5 49 73 87
34 41 61 3
24 35 8 33
18 32 53 85
45 77 58 27
12 51 62 88
20 40 90 15
26 84 85 31
51 77 39 2
16 49 76 87
12 72 8 85
5 83 3 17
13 16 85 94
34 93 89 65
70 95 94 76
24 54 55 95
39 57 22 11
28 32 11 89
42 45 37 88
28 89 7 32
21 35 50 11
75 86 13 36
72 96 14 38
18 44 19 90
13 20 12 9
92 95 2 63
3 96 1 23
68 78 34 83
62 79 29 75
62 96 29 44
7 42 70 70
60 85 43 85
24 57 8 77
1 15 66 97
20 39 40 24
36 69 76 70
38 51 58 95
5 8 87 64
43 56 52 75
39 61 90 35
18 94 56 31
15 72 91 57
8 84 60 11
38 90 34 86
75 81 41 49
70 75 72 10
4 23 29 93
6 57 28 57
43 89 57 54
21 68 95 74
61 90 47 58
36 45 100 23
61 100 90 35
13 94 48 26
18 53 72 34
21 47 97 41
64 72 13 79
25 51 33 14
46 81 44 98
1 93 40 40
35 93 63 40
53 58 8 52
40 80 39 99
30 90 66 99
78 92 53 83
11 27 36 27
1 83 76 79
7 53 99 42
15 44 61 75
8 55 20 43
12 49 90 74
22 71 72 97
6 64 37 74
60 70 18 35
21 49 61 77
1 14 10 5
16 67 80 99
53 98 41 71
47 90 6 38
24 55 17 41
51 52 44 59
9 28 55 2
53 83 83 20
49 67 48 93
78 94 50 46
14 59 15 97
8 40 25 43
28 81 28 56
13 74 13 75
55 78 49 49
82 88 99 12
22 25 26 92
71 89 15 93
11 76 13 8
59 98 88 35
48 70 28 50
64 78 52 84
58 79 1 15
73 86 71 19
6 27 39 52
10 96 22 29
38 60 95 93
84 87 53 17
38 42 54 52
21 23 6 6
4 88 57 62
37 64 74 69
20 94 54 78
36 73 67 34
51 93 24 66
12 31 76 58
39 53 76 55
85 90 79 71
27 66 73 80
15 40 16 71
44 96 100 43
25 63 3 83
76 83 100 57
26 28 59 73
68 98 21 76
75 78 42 17
49 65 26 14
19 95 35 28
76 85 63 63
6 53 51 19
39 41 92 14
79 98 77 52
36 76 29 20
42 83 30 59
31 85 54 96
24 89 11 9
24 49 71 70
1 28 57 7
27 44 18 24
40 82 85 44
52 72 32 46
47 49 97 23
31 93 98 61
47 59 36 63
59 92 42 68
18 26 100 77
84 93 11 57
84 98 44 27
21 98 52 83
29 63 46 29
13 86 3 94
29 59 77 49
56 80 98 33
86 90 94 100
5 35 41 54
37 72 98 23
30 49 71 30
50 86 89 55
70 86 78 66
70 82 72 53
48 96 11 29
27 80 63 20
60 91 32 59
33 53 44 52
32 72 40 75
51 53 100 41
20 53 85 21
46 69 90 74
27 87 68 81
32 95 34 15
44 83 42 68
78 91 94 31
7 98 44 42
5 38 14 38
24 71 31 95
13 58 65 83
7 29 25 98
14 75 47 78
21 63 2 3
58 75 5 8
41 79 63 96
44 58 25 88
41 73 1 48
2 73 67 55
24 95 37 9
41 86 8 29
12 43 71 64
52 78 79 1
17 32 76 90
5 82 55 42
11 58 32 56
32 47 47 93
83 100 1 72
68 77 96 8
95 97 57 89
5 13 3 90
32 54 8 68
16 54 30 5
10 57 37 50
56 98 31 42
3 74 84 27
33 89 87 4
11 97 77 27
15 89 36 27
47 84 62 52
22 47 26 20
80 99 79 27
23 60 1 24
17 66 10 46
40 95 28 100
77 86 10 15
23 49 2 46
75 91 72 25
3 29 40 85
23 24 3 100
48 61 49 73
35 48 97 58
53 64 32 4
16 96 43 63
35 99 89 42
3 22 36 59
46 85 16 72
81 89 52 66
38 84 48 25
59 61 99 39
17 35 91 37
16 99 40 44
19 41 89 3
60 69 67 83
34 67 78 29
35 91 69 21
4 68 51 5
33 98 59 45
18 59 71 37
19 71 57 74
32 89 39 99
1 4 85 22
46 71 35 46
6 65 92 80
15 97 63 8
80 81 65 21
4 50 56 62
42 95 15 5
22 88 47 6
13 41 14 41
52 91 20 75
19 48 82 74
4 60 2 75
55 67 10 91
50 85 44 64
47 57 14 91
14 98 19 80
92 99 14 88
52 99 97 1
37 94 20 84
54 89 84 36
55 77 29 91
42 61 67 8
65 77 76 90
27 89 15 58
55 65 14 42
28 47 17 71
18 80 42 69
44 45 1 96
55 88 6 59
40 84 7 8
33 43 27 14
28 93 85 82
82 97 65 74
15 51 59 60
82 99 44 98
30 52 95 73
33 63 92 99
19 86 6 28
47 54 30 79
4 93 20 50
22 61 49 4
12 15 41 56
4 91 62 100
22 33 70 63
10 70 51 15
10 26 60 85
6 82 70 8
14 74 14 22
81 94 77 48
22 57 100 91
70 74 5 64
88 96 68 14
53 68 98 53
2 40 33 22
38 93 63 48
42 44 85 61
3 55 2 84
9 26 71 39
50 92 34 2
61 94 56 77
64 100 32 24
49 83 34 12
26 70 65 61
2 13 55 1
42 51 6 58
12 97 5 5
4 70 16 78
29 44 93 82
41 75 71 4
56 77 6 29
43 83 44 97
62 92 73 90
15 39 95 23
47 95 91 9
38 52 22 7
12 33 86 21
4 86 6 85
24 75 37 92
76 95 56 40
58 86 30 99
40 97 98 87
74 97 95 5
16 50 71 15
23 72 24 58
5 40 88 54
10 83 76 46
6 38 98 93
37 71 21 2
6 20 72 72
9 34 25 91
19 98 28 2
7 37 22 58
64 99 48 97
45 93 4 33
33 84 55 93
22 72 55 86
15 20 57 14
13 47 90 16
44 50 23 64
19 81 43 47
19 94 53 12
10 64 9 71
42 99 58 18
16 69 70 30
89 91 66 40
40 98 38 97
73 75 8 6
13 79 62 68
19 36 61 32
6 87 75 72
2 50 53 23
25 37 32 54
69 91 28 57
1 8 43 12
16 62 80 61
19 99 50 93
11 69 58 73
10 91 30 61
25 27 8 54
4 71 52 25
34 92 72 63
59 75 83 25
81 93 91 26
47 67 9 43
52 65 5 95
32 34 4 40
89 99 12 34
33 68 55 22
58 93 9 86
19 28 15 16
21 87 35 69
85 97 97 15
12 61 44 37
32 99 66 90
45 52 41 33
62 89 100 36
20 45 24 91
27 45 78 64
62 77 29 60
20 88 86 46
55 85 52 11
20 41 85 50
14 86 46 95
47 83 100 46
17 42 23 1
66 78 62 83
42 85 17 68
23 87 77 44
6 67 75 16
11 20 43 85
19 100 22 26
38 53 96 31
66 75 86 74
6 13 27 58
59 68 78 5
12 73 31 10
17 61 69 48
52 92 29 11
19 43 48 34
20 22 9 20
8 90 19 76
19 51 11 79
17 58 10 48
28 88 57 1
38 94 42 43
15 100 96 89
2 93 67 100
42 94 27 11
8 73 72 79
1 33 57 84
7 43 21 47
4 21 13 95
27 54 74 6
37 95 7 74
30 69 62 7
36 89 52 26
32 65 91 72
10 12 55 29
45 67 88 57
21 74 13 8
2 42 74 45
29 56 89 97
39 81 95 33
2 90 77 9
46 87 21 45
22 58 46 60
11 65 85 28
38 81 97 74
10 15 78 78
60 89 47 76
9 35 19 83
22 87 32 57
65 75 47 23
46 98 98 83
5 92 35 49
38 82 82 38
77 92 35 13
32 61 30 73
57 69 29 93
32 41 53 46
1 94 36 65
66 74 46 63
34 64 92 39
4 11 20 62
64 77 33 17
13 25 1 52
11 47 44 77
62 69 75 76
55 91 32 79
18 75 1 26
28 34 55 55
60 82 55 15
70 98 40 19
23 92 7 1
41 100 32 77
12 21 44 39
46 84 67 54
26 79 36 98
61 63 23 2
54 62 8 80
29 92 59 96
17 82 80 51
2 66 100 82
71 72 55 68
21 100 25 45
73 88 66 95
3 87 95 24
39 55 57 16
41 42 1 59
1 46 74 84
28 65 68 63
2 22 18 11
78 80 44 83
12 74 51 36
8 71 30 62
29 78 86 60
88 89 10 83
40 55 37 71
3 92 18 28
26 90 46 66
15 63 21 14
8 41 65 39
65 80 37 84
3 69 22 10
91 93 95 2
2 75 94 26
6 19 100 45
78 82 2 52
7 60 30 88
53 88 86 25
9 78 94 73
56 71 14 52
53 69 91 88
68 81 65 47
52 68 96 53
28 74 65 74
47 100 54 88
24 92 28 61
80 93 36 71
2 4 26 55
10 50 95 44
34 54 7 28
63 92 12 85
57 80 76 41
25 89 31 15
26 75 52 61
15 74 78 92
33 39 60 27
14 54 64 82
92 97 29 76
88 92 39 13
66 90 2 63
1 17 85 14
4 100 60 12
15 52 29 53
5 84 5 85
15 62 7 55
49 68 43 5
20 69 82 27
14 28 25 55
10 52 14 75
40 41 20 37
3 71 96 37
9 15 71 47
80 86 15 8
36 97 33 74
18 79 81 38
74 93 86 2
4 49 80 41
24 48 67 94
56 63 26 24
23 28 88 35
1 32 95 71
21 89 60 100
19 40 8 39
90 97 17 95
5 77 21 25
13 84 7 34
45 83 71 6
21 51 54 22
40 78 83 87
8 19 78 3
30 68 71 18
58 59 96 60
21 37 52 58
43 60 10 18
49 61 7 3
19 59 100 42
29 42 67 6
32 94 2 16
26 72 78 29
15 69 86 54
15 87 8 62
24 72 93 98
12 18 23 3
1 53 6 93
44 87 76 77
14 99 62 58
36 58 42 26
31 44 70 5
2 24 96 75
32 45 14 86
1 68 41 69
2 87 61 64
1 57 92 8
20 73 39 83
83 95 28 25
70 84 30 63
9 24 82 35
1 37 76 89
20 61 10 5
49 63 21 28
31 55 46 61
73 97 18 24
35 66 26 46
26 71 6 46
13 21 1 84
20 56 37 95
18 84 7 60
16 41 81 44
43 63 55 53
27 93 11 76
43 72 33 91
65 86 80 14
1 16 95 29
26 50 69 53
47 91 59 98
40 61 76 10
55 68 42 83
4 6 82 92
75 92 72 6
1 69 88 28
65 72 61 18
30 99 18 72
24 99 58 49
48 92 77 93
8 100 36 97
33 90 76 56
12 95 14 96
9 44 44 10
54 83 4 62
61 62 70 82
26 82 43 6
59 74 8 89
60 98 43 83
69 80 27 50
61 68 19 83
15 93 67 53
44 95 31 98
5 88 13 64
22 67 75 8
11 82 83 70
34 61 54 67
33 77 87 20
65 96 61 100
53 79 81 59
2 59 40 63
37 44 72 17
55 83 15 42
28 80 66 56
30 56 72 38
43 47 83 99
32 81 84 55
11 25 12 34
28 62 65 55
11 18 55 86
36 92 81 87
64 79 1 3
19 29 40 33
39 90 84 90
67 70 68 10
37 70 37 83
25 61 74 92
45 87 60 12
11 71 32 22
7 17 13 4
2 23 70 3
19 32 7 80
8 54 48 46
9 76 17 22
63 94 92 99
84 86 79 78
50 82 70 25
61 80 73 80
27 32 28 45
57 66 7 52
11 60 49 53
3 25 10 97
1 96 17 74
16 61 2 53
18 71 6 64
51 58 21 4
25 57 46 95
57 62 83 6
51 65 62 52
67 75 52 59
17 97 65 45
28 54 54 26
39 97 49 28
44 98 11 41
59 71 41 98
68 86 34 42
65 68 94 97
29 88 5 55
58 66 1 16
52 88 97 14
12 85 70 37
45 48 58 34
13 55 66 46
10 93 95 14
18 23 71 79
75 100 18 4
16 53 35 3
28 29 70 26
99 100 95 39
10 16 68 32
20 63 20 73
21 46 69 73
25 77 78 100
72 80 63 15
44 67 79 63
96 99 73 39
28 67 26 26
24 27 10 43
6 99 86 66
15 66 3 99
44 52 10 65
84 97 1 25
15 91 7 76
14 30 6 8
45 64 8 31
50 60 37 68
66 81 16 64
44 93 67 6
77 89 8 23
12 58 13 91
69 98 70 18
22 40 37 35
33 58 10 14
22 62 88 83
4 5 25 94
72 82 15 41
10 20 98 69
3 73 26 58
2 8 8 57
14 67 94 11
7 92 83 24
18 37 23 43
4 63 15 57
6 18 2 73
29 70 43 95
19 74 100 39
29 60 6 67
10 98 79 18
26 30 14 80
64 75 96 55
60 97 52 9
54 67 1 95
41 50 1 94
57 67 65 88
16 93 34 77
3 95 64 95
95 98 60 77
69 79 88 55
10 71 4 93
90 94 9 60
83 84 26 46
60 96 30 60
14 93 70 78
77 88 7 92
44 47 60 48
11 100 39 77
19 79 19 59
97 100 50 51
5 45 28 58
20 71 93 49
10 77 70 28
63 95 19 67
13 29 26 84
34 74 99 75
38 63 19 9
36 66 13 63
83 87 16 28
41 45 32 55
10 86 3 23
57 77 86 15
78 87 97 44
60 81 1 27
20 91 2 6
67 99 22 97
36 100 36 26
49 81 51 77
19 84 73 68
31 100 30 91
35 54 79 68
27 48 97 71
67 98 63 69
40 92 62 25
3 31 76 65
8 28 41 14
42 82 22 63
13 27 56 97
23 51 87 12
29 83 98 2
48 51 26 14
74 79 83 84
20 62 82 7
2 81 58 25
12 71 45 94
2 29 20 48
5 31 31 55
33 82 99 86
1 5 43 68
31 52 35 92
77 98 69 42
17 49 59 27
17 50 11 8
91 94 58 74
35 82 63 18
41 81 72 34
6 81 79 24
8 59 42 25
33 72 48 2
70 71 58 9
68 97 95 1
93 98 67 72
13 91 74 9
7 68 10 85
95 96 56 35
23 85 42 80
54 91 49 20
8 37 72 33
9 30 98 27
44 85 7 26
39 75 67 94
18 35 23 3
73 93 47 64
48 53 39 8
23 83 18 85
52 77 1 49
27 76 61 30
5 19 33 28
2 9 75 10
75 94 7 63
1 59 85 61
42 68 29 70
35 67 80 87
31 67 79 95
26 41 29 44
50 73 26 87
37 79 63 64
38 61 67 17
2 33 33 66
9 68 44 85
81 96 75 90
55 75 19 9
67 81 82 70
23 82 1 47
9 55 22 39
9 84 40 49
51 69 92 68
19 24 3 91
15 45 38 14
39 80 8 26
48 69 32 56
3 47 83 31
54 58 7 18
22 63 30 5
12 100 59 96
48 89 94 34
15 17 64 84
1 91 25 12
22 60 60 82
80 87 45 38
82 93 46 40
75 93 6 84
21 99 61 27
10 32 32 45
68 82 33 32
51 73 88 4
46 66 63 19
1 41 82 45
44 61 90 77
70 91 87 100
5 52 9 52
59 93 25 79
41 62 57 64
61 95 49 57
57 73 4 29
43 87 39 66
50 52 60 12
13 53 4 87
36 68 1 86
17 33 35 49
4 97 35 29
7 79 45 86
5 48 29 93
63 85 52 89
7 57 39 85
32 38 55 26
48 91 57 87
1 97 1 14
4 96 64 23
51 96 60 86
66 83 6 21
28 92 9 70
62 74 9 20
41 59 63 64
41 46 63 80
4 40 43 82
63 83 7 91
2 14 70 80
11 28 66 97
5 51 92 90
4 59 62 94
15 41 96 100
39 45 37 26
64 95 1 75
60 77 66 74
30 46 5 40
83 94 7 84
62 100 14 44
30 48 39 91
60 72 61 34
8 88 83 2
94 97 98 94
25 42 43 90
3 99 41 71
18 58 83 22
68 89 9 77
60 94 57 61
54 59 77 50
65 83 3 6
56 100 24 64
50 99 82 83
1 85 85 98
15 86 38 43
89 100 19 32
34 65 10 39
23 91 46 99
47 81 45 50
53 91 30 72
16 98 70 75
5 72 70 59
47 66 79 99
81 95 71 86
69 83 95 10
51 70 86 65
3 45 29 24
5 11 67 50
13 96 18 75
3 24 84 31
15 18 69 13
68 91 4 64
10 78 34 27
27 36 22 48
54 66 11 70
27 94 87 42
3 43 32 95
67 73 1 27
70 99 31 51
10 63 95 89
9 74 79 30
36 51 11 90
21 44 52 47
50 87 76 35
18 63 35 9
50 68 60 14
28 49 55 80
25 92 83 83
60 61 1 31
44 48 90 41
4 38 3 43
29 48 26 62
9 95 66 22
24 86 15 77
8 85 58 43
20 25 81 14
76 82 51 5
1 66 17 10
43 94 35 93
17 37 87 5
38 76 32 86
48 83 54 43
20 34 1 87
12 77 53 16
3 72 34 81
58 73 37 43
36 55 24 47
35 62 27 58
70 90 9 89
6 62 73 68
16 77 90 47
22 31 13 39
23 48 85 6
4 30 10 25
23 63 31 97
31 68 92 35
10 41 9 71
6 89 92 58
79 86 73 33
11 50 27 14
44 94 27 6
10 14 54 42
29 98 36 40
55 94 55 56
77 95 7 87
96 97 50 91
5 12 40 30
34 100 3 36
59 90 99 43
13 49 96 50
36 50 74 37
54 82 84 8
41 55 36 22
24 56 11 73
1 26 53 20
48 98 32 82
3 82 70 46
10 73 73 94
46 60 46 55
49 59 33 22
5 60 22 79
31 56 33 33
18 74 93 48
2 84 69 80
3 7 70 13
42 98 35 36
18 24 77 57
21 81 52 30
15 73 52 64
32 33 55 57
23 26 29 34
42 86 53 36
5 79 17 13
85 91 94 23
19 92 50 96
39 78 68 22
11 89 11 75
61 96 32 33
74 84 70 72
18 43 90 91
13 95 71 80
28 79 28 76
69 90 75 75
61 70 29 44
23 61 56 21
63 100 50 72
85 99 71 50
27 74 44 86
21 75 85 38
45 50 49 36
11 44 34 20
39 74 88 53
42 49 11 39
24 98 100 14
17 68 25 4
11 21 61 63
3 5 2 98
33 94 6 69
15 82 73 65
27 42 99 41
48 74 84 25
25 75 56 83
50 84 52 54
13 75 12 58
81 84 100 20
33 86 14 20
9 98 25 90
44 69 99 47
70 73 94 98
51 88 8 33
11 75 82 28
4 65 95 80
85 96 31 31
23 74 65 71
57 83 67 62
20 92 17 5
25 88 3 8
16 25 73 11
18 56 29 97
61 82 60 71
26 73 70 81
95 99 13 56
74 98 90 39
51 75 81 37
38 95 34 49
57 76 72 35
41 89 68 78
28 73 49 6
1 64 18 64
76 97 71 25
25 86 62 47
46 54 77 47
58 69 38 5
87 97 20 7
67 87 43 15
18 52 8 94
39 70 58 90
65 100 78 63
6 76 20 40
9 38 77 49
91 97 46 46
4 9 72 52
52 60 37 100
9 12 39 65
6 69 70 79
33 36 9 44
30 37 33 12
9 96 43 63
11 35 4 6
22 97 11 3
47 79 56 45
12 30 7 91
2 94 72 87
28 39 40 81
43 70 40 80
42 73 39 98
31 71 69 64
17 94 37 63
5 14 76 36
3 12 55 85
23 27 3 28
32 70 56 63
33 48 70 45
6 40 44 85
24 60 58 39
15 98 75 54
12 27 76 50
58 85 50 47
7 30 20 85
75 83 16 70
80 98 61 2
16 39 54 72
34 63 80 35
4 64 17 86
39 86 16 93
13 44 75 50
22 68 14 6
12 99 8 7
10 48 71 44
55 60 71 60
45 90 95 31
15 31 62 90
17 40 94 75
2 10 50 5
20 23 39 45
16 35 79 64
43 74 50 2
55 90 19 87
43 51 60 35
39 64 28 66
53 57 92 9
8 44 70 30
75 89 95 47
35 80 78 75
85 95 1 14
14 45 26 47
1 11 22 52
30 75 63 9
58 88 68 80
65 93 31 90
4 57 78 48
10 51 51 40
18 87 82 74
87 95 18 51
68 69 27 26
21 76 93 22
4 56 2 71
49 84 79 42
7 89 45 32
79 85 96 71
30 62 29 86
22 54 82 62
57 70 48 49
26 49 90 44
8 50 60 52
50 88 41 28
35 92 22 6
7 99 99 86
31 47 3 64
70 79 63 47
20 55 98 56
7 13 6 75
35 86 39 32
1 63 75 65
24 47 66 56
6 33 84 17
64 69 59 47
61 81 59 13
28 87 36 14
58 96 62 45
69 89 10 14
16 81 60 99
3 15 89 84
41 93 45 68
32 50 24 93
19 45 18 28
21 93 11 27
45 74 71 71
40 87 99 60
4 80 29 55
55 81 3 1
90 91 27 91
24 87 53 94
66 88 12 24
25 91 67 37
23 96 40 44
73 99 23 7
44 68 26 88
50 62 52 95
13 98 87 29
30 45 89 1
22 83 66 86
37 87 42 65
30 84 54 59
47 69 90 37
17 63 9 51
23 54 47 8
12 26 20 32
35 36 52 5
49 92 45 34
64 73 45 74
41 70 69 48
37 63 32 43
20 35 90 33
30 54 71 40
22 43 26 26
64 83 60 55
26 54 67 70
30 36 8 3
6 78 91 51
8 9 88 68
52 76 63 70
2 78 93 44
61 69 16 9
26 58 8 55
52 86 79 31
39 56 38 39
76 81 36 74
64 76 49 62
37 97 57 87
15 95 85 79
28 42 22 97
46 50 11 41
45 80 51 49
9 33 20 78
1 49 20 90
17 73 5 57
65 82 66 40
5 100 60 94
17 51 16 43
46 90 17 58
21 50 92 83
86 92 22 15
13 54 71 62
63 70 27 8
52 94 60 33
36 91 78 3
29 77 72 74
22 78 70 4
19 63 71 17
6 37 24 18
21 97 60 100
86 100 20 100
38 86 72 52
13 97 79 13
1 75 29 60
24 90 51 46
5 17 68 67
19 30 85 55
46 74 43 29
48 84 46 41
67 88 81 40
50 75 3 40
21 54 19 95
4 7 78 28
44 89 34 89
18 86 74 99
76 92 49 36
14 95 41 17
49 90 42 17
76 84 22 17
18 55 16 19
23 79 95 56
43 59 65 25
7 38 27 47
72 88 35 49
35 64 9 71
1 36 46 45
67 93 90 18
85 86 60 30
4 54 75 81
2 79 32 11
4 98 39 69
29 46 60 70
3 34 75 32
47 72 1 1
7 34 18 20
30 83 42 48
33 67 87 85
50 56 19 39
22 52 96 64
40 53 80 95
66 73 66 56
52 58 93 48
27 99 36 16
10 27 13 51
7 64 93 14
44 65 57 55
24 53 18 34
11 85 77 25
37 74 69 7
9 58 90 14
17 99 58 25
10 67 87 63
6 29 43 24
9 92 10 29
81 98 25 97
7 22 70 28
5 28 17 93
42 71 39 30
49 87 89 47
39 40 78 73
62 63 71 14
16 83 62 25
15 54 6 64
1 20 45 97
51 82 89 20
37 50 44 2
51 86 94 12
2 45 49 90
5 20 64 71
39 43 83 16
11 38 74 63
17 100 42 80
26 39 77 37
85 88 26 80
