100 1541
14 53 15 10
65 80 50 47
9 56 35 66
21 60 50 62
56 66 73 76
62 81 49 4
58 95 62 33
59 63 3 51
73 80 52 66
48 79 31 70
41 63 60 67
71 77 45 42
24 86 35 66
29 52 48 66
6 80 84 72
8 37 94 4
40 93 42 71
1 43 53 5
30 62 78 62
29 58 92 8
42 45 87 44
3 30 95 84
9 35 46 93
45 100 27 69
76 92 77 23
46 81 28 82
7 20 1 79
72 73 36 88
16 27 53 9
47 63 1 85
13 25 1 29
28 82 99 42
4 65 23 84
10 11 34 51
19 36 64 66
82 90 93 11
30 40 50 80
18 88 25 34
9 15 23 59
8 71 19 66
69 84 42 83
51 87 62 91
44 97 56 73
9 14 68 42
48 85 44 89
79 86 8 77
16 69 75 68
2 72 46 34
28 74 3 27
22 27 35 14
47 55 43 4
49 58 60 63
24 83 27 1
2 78 92 5
3 84 29 35
53 79 25 97
80 90 1 68
17 90 57 100
61 83 99 26
43 56 94 43
4 54 58 42
69 88 77 92
21 24 66 93
55 76 18 88
50 72 31 51
18 57 44 17
54 58 79 82
47 85 17 3
45 50 6 56
37 70 98 16
50 58 23 83
18 96 40 80
65 89 15 7
29 76 40 1
24 41 94 82
30 64 28 68
45 55 15 99
5 26 55 12
71 83 60 19
20 71 70 30
22 53 17 88
3 75 88 49
3 70 6 91
31 89 86 85
10 83 25 71
12 75 51 15
6 28 82 32
78 85 20 22
67 99 50 57
11 59 28 41
54 93 82 25
57 78 9 99
9 79 92 74
7 42 39 98
61 65 5 13
50 92 52 68
79 83 75 68
27 90 91 46
65 84 54 36
41 96 68 12
57 74 69 36
1 63 84 17
6 89 12 42
4 11 73 67
14 80 72 47
50 97 98 36
50 67 22 48
73 99 52 81
83 91 82 70
27 72 13 16
9 27 22 48
18 31 37 2
6 34 38 48
26 99 72 93
46 92 24 29
18 59 47 34
5 40 47 2
32 51 2 49
27 81 50 52
7 41 79 85
21 67 46 84
62 72 34 69
6 95 88 52
57 81 12 7
20 66 41 51
47 97 4 5
82 87 35 34
4 45 20 43
39 98 14 8
45 93 65 48
20 76 3 12
33 80 80 17
20 26 95 54
64 90 38 28
23 90 94 35
6 21 20 30
6 45 50 88
6 53 37 20
35 60 60 42
66 72 78 10
17 51 1 57
64 94 37 85
17 83 58 4
30 45 57 69
54 77 41 32
28 71 15 26
57 59 62 22
79 87 31 89
9 55 55 41
29 32 79 41
34 64 92 55
82 95 48 8
45 60 58 75
17 37 48 69
37 98 14 76
90 97 69 97
8 39 42 4
66 82 16 56
11 74 31 72
44 48 54 87
14 31 87 86
24 50 24 83
18 79 70 83
72 85 58 92
50 75 69 43
28 99 59 90
25 94 51 91
19 74 86 88
60 95 58 55
50 52 99 12
89 94 97 31
1 47 7 65
57 91 83 65
28 87 26 96
65 96 14 93
82 98 7 72
7 83 98 39
14 96 28 56
12 27 14 5
17 71 25 52
32 38 66 20
55 74 41 7
16 75 30 56
72 88 66 50
32 89 68 67
11 27 94 58
64 99 37 17
44 67 55 94
27 49 35 16
10 84 75 98
32 54 10 89
15 83 49 68
32 97 93 20
72 87 34 15
56 96 33 16
34 67 34 45
78 81 97 70
27 43 8 46
43 58 60 29
22 61 84 50
17 46 41 17
66 93 71 48
45 96 88 82
22 26 84 11
34 99 5 74
59 95 2 15
20 67 53 99
36 42 86 19
25 31 19 30
6 72 97 92
78 84 89 80
6 99 77 56
19 76 17 12
20 90 1 20
31 43 75 17
7 86 99 22
40 64 81 86
8 42 95 1
6 44 53 9
32 48 79 37
29 79 29 69
23 41 29 54
72 79 72 53
33 98 96 70
81 96 66 93
5 83 52 18
14 43 16 48
40 89 97 91
5 75 11 1
74 90 75 47
14 48 32 33
32 98 70 56
67 82 92 85
28 69 52 47
32 93 34 69
37 96 5 40
47 51 13 79
2 64 40 68
13 82 83 7
12 41 16 10
14 42 53 52
13 60 37 100
22 82 54 12
14 55 87 99
11 53 78 76
2 54 62 88
13 62 96 9
5 56 10 75
26 98 65 63
13 47 89 67
51 97 83 10
94 100 76 46
67 76 17 83
37 90 79 65
34 37 71 27
20 58 95 100
19 53 3 38
85 88 40 97
17 18 12 64
3 76 50 11
13 80 28 52
7 26 36 10
51 69 97 1
19 57 54 81
39 86 31 84
29 64 40 49
20 69 2 39
14 54 1 24
15 24 20 63
44 83 60 1
63 91 15 59
17 50 22 9
21 56 10 75
59 97 36 5
21 95 7 68
33 81 41 1
42 59 59 76
33 89 80 84
18 55 73 45
49 89 94 56
33 88 41 77
34 47 11 78
25 38 52 66
6 24 44 9
12 14 84 35
77 80 56 83
51 62 2 78
56 57 19 16
40 51 7 50
17 48 70 65
67 95 45 65
11 21 34 29
19 79 25 62
21 98 12 22
53 100 69 5
31 49 1 18
58 72 52 99
15 32 17 89
39 75 21 59
88 91 22 3
83 84 10 48
9 78 32 60
8 44 1 94
38 75 48 95
21 100 83 40
35 71 77 17
33 71 15 35
10 38 32 18
43 87 64 20
26 45 34 9
58 68 59 29
6 48 40 4
9 99 48 96
35 56 69 32
8 74 78 63
2 38 2 26
48 65 72 2
76 93 5 32
37 95 17 30
86 87 20 44
13 54 51 4
2 25 61 86
13 99 65 32
39 52 99 51
23 37 11 86
58 97 57 77
27 94 83 56
3 85 35 63
28 94 11 7
51 55 5 36
59 73 81 96
15 44 66 78
24 67 12 31
15 57 59 69
43 55 64 81
53 54 4 62
1 51 93 18
33 62 49 71
81 93 15 20
17 67 34 12
68 77 1 32
18 62 16 71
26 74 49 4
21 99 31 19
16 17 27 2
4 89 32 77
42 43 39 38
23 61 81 93
27 42 58 21
65 95 66 29
47 50 13 3
46 55 22 90
66 67 36 46
28 49 36 6
3 83 48 97
64 73 21 90
35 41 50 87
7 79 60 82
6 81 65 37
17 76 91 44
57 82 78 9
1 86 41 55
19 30 1 92
39 44 91 81
60 98 65 91
8 54 88 28
24 62 27 23
46 99 41 59
39 91 67 63
58 70 77 49
70 82 59 19
42 57 51 19
48 95 30 54
5 95 86 57
26 64 77 22
86 94 69 63
39 60 23 11
2 57 63 14
36 88 66 19
31 91 17 13
21 39 47 54
82 85 86 44
12 29 67 69
11 61 58 29
27 98 42 2
3 56 93 30
54 74 92 71
41 47 74 69
60 99 58 28
20 34 75 61
17 43 84 16
31 66 18 98
39 70 76 37
1 90 36 59
9 24 64 19
17 23 71 10
46 89 50 7
54 75 98 13
31 38 37 62
79 93 97 15
2 74 81 53
75 85 56 32
23 46 64 74
15 54 21 92
30 89 41 6
30 55 91 57
42 89 62 31
10 65 26 62
53 74 56 66
68 93 62 11
26 87 36 45
53 60 90 76
53 71 15 29
57 63 62 12
18 26 88 89
54 72 52 76
18 82 15 84
43 79 59 3
33 86 100 68
7 94 27 70
33 43 59 19
61 92 89 67
26 44 50 16
90 93 46 81
92 95 15 68
48 64 65 60
53 73 5 86
74 98 85 65
84 92 25 26
26 47 90 11
25 26 2 43
16 88 12 94
13 37 40 10
5 31 10 55
4 85 56 45
25 92 45 83
38 71 28 32
23 24 48 76
12 96 52 93
11 35 43 35
38 61 91 95
12 85 61 14
47 74 3 38
77 97 22 28
13 56 15 79
50 70 81 41
11 73 9 14
41 56 90 9
6 10 30 81
45 67 39 83
18 65 85 36
48 90 51 95
9 81 50 14
13 53 95 48
2 62 30 99
53 97 72 28
30 37 28 17
29 95 27 31
60 68 29 79
5 9 9 85
16 59 65 18
4 57 78 97
69 90 56 58
9 48 14 1
11 65 36 30
84 93 81 5
34 71 32 59
17 35 17 37
12 90 26 34
53 98 81 81
58 90 90 74
35 85 44 69
10 71 24 81
15 78 54 86
23 26 76 19
49 52 87 73
68 81 10 93
24 76 91 21
33 50 55 28
48 61 45 13
58 99 51 12
23 54 25 25
63 71 71 52
7 60 98 88
27 77 18 8
10 89 83 32
24 49 87 78
3 94 31 9
78 90 27 38
15 37 99 27
4 46 65 95
49 71 22 78
33 87 40 99
74 83 35 3
5 90 74 22
13 21 49 70
36 64 16 90
13 26 7 100
37 85 8 36
1 7 20 11
7 66 15 93
51 71 2 60
59 80 23 70
55 60 5 66
56 82 46 7
69 94 33 12
7 50 36 82
11 51 23 37
28 36 51 54
3 62 87 80
8 34 32 44
8 14 7 6
38 43 65 46
40 74 65 54
41 89 84 45
54 55 14 20
5 35 66 70
9 83 53 33
24 40 85 42
15 43 26 33
10 54 92 94
78 88 21 99
54 95 47 41
4 86 3 90
26 50 14 54
42 100 35 1
52 65 26 37
17 22 55 32
44 76 91 3
21 49 96 25
7 76 31 88
28 73 39 36
11 15 25 90
15 95 13 30
40 49 19 7
46 82 96 11
72 86 31 67
34 54 37 67
2 96 75 16
39 100 51 56
20 92 50 71
3 7 28 94
49 83 84 32
3 88 71 33
19 91 10 5
52 54 56 53
46 73 61 21
38 77 16 57
31 46 8 3
21 53 39 71
69 93 30 75
8 40 26 4
18 52 47 6
43 61 97 60
39 50 26 46
8 28 25 7
11 99 54 10
93 100 15 65
43 93 93 37
49 69 84 81
25 48 77 8
36 91 32 50
79 85 68 65
77 94 24 7
61 91 82 97
50 54 59 1
32 73 13 18
5 68 95 46
22 100 66 28
37 83 13 58
51 65 96 46
47 96 53 88
22 83 36 16
4 72 35 64
61 79 67 52
23 95 38 5
13 83 85 63
1 61 48 98
24 92 83 29
12 67 62 44
35 38 88 10
35 69 36 8
6 42 97 15
10 43 6 70
68 84 32 14
77 85 3 100
14 61 33 70
2 75 17 57
53 93 96 8
5 67 89 10
52 86 6 56
22 44 15 32
16 71 60 22
24 39 35 16
33 49 45 93
71 96 53 65
8 64 54 22
13 91 68 50
9 93 35 26
22 94 58 38
25 33 73 25
23 45 6 87
55 83 96 50
26 83 52 61
17 55 24 71
54 85 55 53
88 98 20 65
42 71 87 16
8 75 96 67
34 78 17 72
2 95 68 96
66 71 59 76
45 95 38 60
44 92 82 36
51 88 97 34
34 93 68 27
85 97 90 51
52 91 68 32
77 81 34 20
22 80 79 42
75 88 7 2
12 33 63 61
10 77 52 84
7 70 27 12
29 62 29 65
5 22 17 78
36 76 24 16
98 99 35 22
36 84 43 61
8 72 12 6
25 80 14 94
5 73 10 70
29 45 80 42
19 84 82 73
67 87 27 87
14 37 5 31
8 77 19 50
5 97 44 41
45 49 28 62
25 73 10 9
15 60 20 40
16 19 81 78
14 51 88 8
45 76 28 54
33 79 60 98
36 43 9 45
38 64 93 11
50 60 22 6
33 99 5 65
52 96 22 69
22 49 48 89
26 59 37 69
2 79 3 48
64 78 61 48
17 68 8 64
70 83 57 82
25 75 63 43
94 95 47 14
12 30 20 35
31 77 54 88
45 72 93 62
23 57 33 35
32 64 61 70
11 54 37 54
20 32 2 28
6 62 14 30
71 93 22 95
10 85 77 51
2 93 73 28
8 51 62 55
21 59 31 2
44 79 63 36
58 93 64 15
39 90 84 57
70 100 17 66
24 35 2 70
24 53 25 76
10 75 15 95
40 84 96 77
45 46 70 6
14 99 100 70
14 39 52 87
66 94 9 40
55 64 10 79
31 50 13 49
65 88 19 48
65 70 69 84
4 26 91 3
26 33 85 64
13 73 77 17
97 99 42 2
2 21 19 19
43 59 3 90
7 21 51 57
36 82 95 89
71 89 89 50
44 90 85 44
12 69 3 68
11 83 58 55
43 47 97 46
13 88 63 40
17 30 5 11
47 94 13 54
50 82 78 74
8 21 39 93
66 78 4 97
21 92 49 31
7 40 8 42
4 90 58 71
38 40 6 38
30 36 100 44
38 47 88 15
10 31 14 83
6 90 48 35
12 92 97 96
71 94 22 50
48 62 28 70
11 46 92 38
39 89 40 19
26 90 78 42
17 89 58 47
48 70 83 51
29 63 36 92
78 99 80 82
10 19 75 99
43 57 62 19
20 49 11 41
58 71 36 8
27 45 10 77
43 85 2 17
4 92 73 60
12 93 86 36
16 36 77 68
70 86 78 64
2 31 5 85
10 97 2 63
60 65 38 54
77 96 43 50
84 90 39 66
36 57 51 14
51 91 38 32
18 92 41 9
39 54 92 80
59 86 6 6
61 80 20 41
15 100 94 87
32 36 72 83
72 75 100 37
22 91 42 33
37 55 69 66
2 3 52 23
3 64 31 13
37 62 100 63
11 93 96 5
34 53 98 96
42 67 25 88
1 67 38 52
21 88 58 32
1 83 10 66
12 83 99 26
6 63 19 24
28 57 47 47
54 89 92 19
2 4 86 91
3 78 83 95
62 92 6 75
34 88 40 80
4 39 10 24
79 99 90 58
34 94 54 91
13 46 90 1
42 90 7 53
55 84 8 30
53 66 49 1
51 93 58 28
20 55 12 99
3 98 58 67
86 89 26 35
11 62 42 87
10 42 66 60
23 78 56 8
17 65 30 47
22 58 82 8
16 93 85 38
3 24 53 52
37 91 49 35
3 45 57 9
38 79 34 30
2 91 54 85
41 74 57 47
92 97 1 72
18 86 69 81
12 45 96 9
20 97 8 54
35 87 14 78
24 57 21 61
77 91 4 29
38 88 53 63
27 57 98 25
53 57 72 91
5 25 13 27
8 31 7 22
69 98 41 12
10 22 86 79
4 50 7 73
34 56 44 50
3 40 98 44
46 49 3 77
47 64 86 98
14 95 28 29
24 42 2 65
4 34 52 33
9 72 31 30
36 40 76 61
11 75 75 76
2 36 88 21
68 98 52 13
36 89 27 6
61 81 92 19
7 11 94 44
3 54 28 93
5 87 71 93
91 94 77 32
43 50 42 64
10 70 24 8
50 77 59 97
11 37 63 87
78 87 27 90
38 89 36 8
2 42 26 58
30 82 71 12
72 77 39 94
7 62 7 76
13 95 36 95
53 94 31 25
14 35 40 9
30 48 28 30
4 98 34 5
60 67 12 41
16 47 46 46
10 64 75 23
32 33 18 34
21 44 9 14
56 67 54 74
64 86 64 81
24 52 88 56
9 90 11 51
6 52 33 16
33 68 8 64
39 88 71 83
11 43 55 59
39 95 63 90
69 97 97 74
34 60 82 13
20 93 64 59
9 12 54 56
81 100 3 34
15 51 38 97
35 68 81 78
77 92 79 20
22 97 9 34
18 93 87 21
43 49 60 24
2 22 37 32
1 68 45 68
32 53 23 86
10 93 17 75
59 84 91 4
11 70 40 6
83 85 78 14
51 84 98 68
26 57 57 37
65 86 77 46
24 87 100 19
56 80 53 26
22 32 79 43
69 96 12 70
59 91 32 75
39 67 82 2
9 16 15 53
8 76 46 92
63 72 63 32
31 36 53 77
46 50 75 75
5 99 100 2
14 38 17 1
7 48 30 19
37 99 28 5
19 40 60 30
7 45 22 76
17 78 58 15
11 19 55 3
41 85 62 28
6 54 27 67
28 70 34 85
1 55 97 8
49 62 85 2
65 97 61 51
80 95 54 19
29 55 84 59
17 77 1 23
34 96 13 41
89 96 73 63
19 46 86 34
71 74 11 51
9 45 1 66
1 41 39 69
87 95 83 19
32 88 76 65
21 89 88 33
21 85 19 57
82 91 65 89
81 84 22 8
27 52 85 54
31 53 77 34
48 86 91 3
46 91 74 28
1 11 98 57
34 46 58 73
35 88 43 81
4 73 37 44
12 16 48 28
10 13 50 37
49 98 56 72
38 99 92 18
49 77 27 11
87 92 46 28
42 98 13 20
54 61 5 97
21 25 64 45
63 78 36 8
9 70 95 80
13 63 97 11
20 72 20 51
61 88 93 40
44 95 12 100
30 49 10 23
18 38 3 56
75 84 18 76
76 80 66 99
2 76 46 55
24 29 31 78
27 69 100 17
17 34 81 35
17 74 33 25
38 39 41 4
14 89 82 55
79 95 41 60
89 92 92 82
7 33 22 29
20 56 54 99
1 66 6 35
6 98 47 27
24 97 55 47
14 70 91 65
24 82 91 92
11 36 46 34
75 89 95 74
13 68 86 63
29 74 3 69
68 87 23 60
48 78 24 65
16 73 39 83
22 40 52 54
9 68 4 12
57 64 26 15
32 75 25 91
26 62 75 90
50 89 76 53
95 98 21 96
19 87 76 42
28 97 33 51
16 98 70 97
6 46 43 69
25 51 29 70
4 9 50 27
10 52 66 50
5 77 6 26
22 62 70 65
20 73 72 38
49 93 75 67
21 71 33 25
78 94 12 78
65 72 1 12
16 32 11 93
56 100 57 13
44 82 61 6
62 89 80 67
67 88 43 27
47 58 43 95
64 66 63 25
59 68 35 43
49 74 80 94
20 82 67 30
2 66 71 4
4 25 20 35
2 86 17 1
47 88 11 71
23 76 63 45
63 68 87 21
36 81 7 96
18 91 51 3
5 11 59 54
82 94 75 59
28 31 47 48
49 90 9 42
1 64 33 64
72 81 88 47
32 65 57 5
31 55 31 43
11 13 11 80
5 28 72 26
18 32 64 27
82 96 83 42
50 99 23 62
15 97 38 34
43 80 11 35
71 84 26 7
44 99 30 42
1 9 2 24
25 67 14 22
23 39 97 54
2 61 28 25
13 92 92 27
8 10 69 68
47 70 17 76
1 29 72 6
51 59 8 31
26 80 81 95
16 70 12 15
45 89 33 19
61 78 35 94
43 68 84 57
22 48 71 82
34 83 22 95
16 38 17 91
22 45 11 86
75 80 77 67
13 98 10 71
17 49 86 49
29 40 19 26
8 33 48 25
52 78 2 41
2 9 47 93
48 49 24 94
27 96 4 73
8 63 98 75
33 41 70 59
51 90 58 73
52 68 18 77
40 98 79 63
71 98 26 92
13 30 65 94
3 13 60 39
8 95 35 13
73 74 70 90
5 98 14 39
52 90 69 24
21 70 29 3
50 76 98 39
8 66 20 86
13 48 50 65
16 51 75 22
25 71 25 4
16 79 89 35
17 52 84 35
36 69 42 1
12 18 13 65
46 47 14 100
1 32 74 44
13 28 71 3
54 79 100 51
16 66 98 5
11 50 14 78
35 67 53 14
69 78 61 12
3 15 88 68
90 94 90 38
10 25 58 7
64 83 48 12
42 46 41 60
46 66 96 70
92 99 35 65
53 86 63 49
43 71 88 78
42 97 42 40
96 97 28 72
81 83 55 35
42 77 67 52
7 58 86 3
11 78 58 8
24 66 48 91
8 55 38 34
57 72 43 84
47 57 62 84
43 66 97 19
23 73 67 34
47 48 11 1
89 90 15 16
39 64 45 11
19 60 13 26
20 95 2 19
20 62 75 14
32 66 79 93
2 46 74 41
13 55 36 82
70 73 83 4
5 55 46 62
49 56 60 72
7 88 100 90
36 99 34 54
17 85 84 56
59 70 49 1
55 93 41 74
63 97 60 20
14 17 78 42
37 41 38 18
4 24 25 80
55 89 48 94
46 67 92 58
5 23 79 17
63 99 57 100
7 12 57 28
34 68 77 4
45 63 79 3
48 76 11 23
61 67 97 66
66 68 23 78
66 85 1 64
46 78 30 26
86 99 33 86
54 82 92 93
72 97 75 3
56 90 37 89
57 96 70 57
44 100 2 21
6 11 13 99
88 96 78 75
10 49 92 67
40 61 83 99
57 100 96 68
41 84 48 5
60 82 13 35
15 90 7 60
7 68 57 24
41 53 61 54
7 13 21 50
64 65 81 33
80 81 13 35
17 64 77 41
31 65 44 89
19 93 85 73
22 95 8 25
45 86 57 64
51 52 23 40
2 56 79 53
11 81 8 43
33 95 92 100
12 46 93 93
10 15 19 14
4 37 52 30
79 92 96 19
47 61 85 28
62 75 11 91
43 97 13 79
53 58 20 39
21 66 14 57
17 84 37 41
77 82 76 54
51 86 39 15
5 36 67 38
47 71 51 76
44 98 82 39
29 100 44 49
60 87 55 3
21 90 91 47
52 95 75 69
26 97 76 25
53 78 89 27
4 41 52 21
36 49 100 53
57 65 24 7
7 55 83 60
16 40 44 22
62 65 42 84
50 56 91 80
31 59 57 67
55 61 30 6
3 25 3 46
30 32 67 9
26 66 100 33
46 65 21 4
8 73 19 56
4 64 57 65
58 94 41 30
33 47 98 29
53 61 37 72
12 35 81 85
16 97 20 1
31 95 27 96
3 73 67 92
15 27 93 56
71 100 87 26
52 61 63 92
52 98 68 59
68 97 54 12
41 98 16 44
14 64 39 42
1 26 84 62
24 95 73 56
58 64 95 6
18 94 27 69
69 81 97 60
7 67 67 59
23 100 39 83
22 90 42 1
85 86 37 84
2 87 74 66
42 64 37 91
12 32 33 51
6 51 4 84
87 90 46 15
16 95 15 68
34 57 40 17
64 79 5 92
12 99 22 33
81 94 94 84
7 19 63 79
39 49 26 32
26 61 58 3
1 92 64 32
21 45 40 23
80 84 54 20
18 21 41 44
56 91 30 19
5 93 38 69
44 75 51 76
34 91 98 29
12 26 16 100
32 68 16 31
4 61 15 7
10 59 4 84
59 96 100 33
62 64 14 76
40 91 10 87
6 71 84 84
75 90 46 71
27 48 100 31
54 98 12 74
8 13 62 68
60 63 58 29
35 95 74 52
20 77 16 62
26 85 40 95
16 68 10 89
5 50 34 36
63 79 34 33
52 97 78 48
43 60 29 21
50 95 35 17
27 36 25 85
27 82 67 13
63 84 84 24
43 78 37 98
22 79 8 43
3 57 9 59
59 74 89 67
14 87 76 97
10 61 41 93
5 85 78 57
63 76 90 56
9 46 84 27
23 74 36 29
1 56 68 87
13 87 49 34
16 52 93 1
8 69 94 31
5 16 29 41
2 83 47 59
25 64 65 44
57 69 60 15
15 35 4 77
25 41 90 73
22 68 90 7
12 51 59 62
86 90 96 66
62 100 24 26
94 98 32 49
4 44 94 51
4 27 11 9
11 58 99 48
2 16 52 52
45 88 19 81
27 44 11 78
3 55 52 59
41 48 19 97
28 77 96 77
63 83 71 20
60 85 70 34
32 96 71 26
14 33 19 77
3 31 77 19
4 22 76 57
36 41 12 97
56 65 1 79
6 91 42 44
17 95 11 92
56 85 100 72
84 89 5 39
39 69 33 100
21 63 30 4
6 38 67 64
71 87 1 62
59 69 25 12
54 80 12 41
13 39 62 99
10 78 13 47
15 64 70 41
49 51 50 79
48 56 34 26
22 60 26 97
57 94 65 86
5 94 83 35
32 85 60 71
16 24 86 78
42 85 63 14
21 61 89 94
68 85 76 16
16 43 75 97
43 63 90 44
2 77 79 59
8 89 7 66
64 70 95 52
10 76 91 51
49 84 48 81
36 77 42 91
4 16 76 86
49 55 94 39
2 17 69 13
3 26 68 70
75 82 6 14
19 95 27 60
8 12 30 90
11 45 64 81
65 67 64 91
55 87 95 58
37 54 40 77
70 94 77 54
12 89 40 64
46 87 91 39
15 69 50 56
33 100 62 96
24 34 26 21
13 35 80 56
39 47 58 71
13 61 91 58
29 71 100 2
7 91 88 15
2 33 24 34
69 79 78 12
26 34 38 15
14 49 16 18
45 56 13 56
38 66 78 12
15 88 3 88
8 9 13 53
1 30 69 38
9 57 88 11
19 99 100 86
4 47 41 10
28 61 7 79
51 67 27 43
28 56 71 73
9 47 41 64
16 84 48 6
46 76 5 64
18 97 69 43
18 83 97 97
37 94 28 11
71 92 11 16
27 60 45 73
41 65 92 63
14 81 11 46
29 35 78 20
31 76 95 48
22 88 49 12
25 89 61 65
6 37 37 98
31 48 62 98
3 4 89 59
59 98 48 79
68 92 81 100
8 86 94 44
53 91 90 91
5 100 23 97
5 24 52 72
11 60 21 9
61 84 6 68
32 74 57 62
23 66 25 34
54 59 63 89
1 99 84 36
38 78 83 77
59 100 76 73
64 87 28 37
21 37 38 11
46 53 29 85
51 80 99 14
9 10 79 51
30 47 99 27
50 59 81 82
12 88 41 72
54 88 32 17
8 47 38 98
57 86 84 4
35 70 80 25
10 94 78 40
40 47 5 25
60 64 44 92
30 67 52 74
35 36 37 50
9 62 73 2
15 77 79 66
12 19 70 97
38 56 45 61
2 80 13 36
9 44 38 50
42 70 94 28
45 82 12 96
14 82 53 88
69 82 49 84
72 93 27 50
44 59 98 14
32 46 88 35
13 76 18 4
23 83 90 65
4 6 81 17
36 56 96 28
23 36 4 35
19 39 49 24
7 49 13 55
43 91 81 21
41 88 92 10
64 75 12 69
48 52 61 4
4 52 35 71
66 97 27 9
32 39 41 57
12 22 17 86
12 71 83 62
10 33 45 1
63 69 75 50
72 82 25 31
33 51 51 96
16 44 7 99
33 56 95 23
61 98 92 79
49 94 73 89
32 56 7 33
18 50 100 96
97 100 12 80
3 53 79 6
55 99 9 18
67 91 6 56
15 91 75 48
60 72 55 4
6 97 6 11
86 95 23 98
83 92 55 83
23 32 53 12
21 46 83 9
67 100 78 50
38 68 72 31
91 98 11 42
25 37 85 9
56 84 72 90
15 28 94 54
68 96 11 91
26 60 63 96
7 56 55 37
34 84 36 31
8 43 69 1
23 34 75 13
60 90 50 15
1 75 52 44
11 18 53 32
11 24 62 60
30 63 16 4
45 98 43 74
63 93 7 77
34 95 55 27
15 41 3 31
4 19 93 69
45 59 8 19
17 56 26 32
35 72 93 100
69 89 6 47
3 66 15 77
55 58 98 63
11 25 87 88
79 94 72 93
22 92 20 78
30 70 23 43
9 89 83 91
37 56 6 21
39 66 34 16
51 82 14 45
9 33 76 3
80 87 23 92
5 8 71 75
22 84 55 53
33 84 73 10
22 99 15 28
49 97 41 90
62 71 11 34
70 84 84 3
14 22 42 100
19 97 3 25
20 21 43 29
15 94 70 65
4 84 65 96
16 54 28 11
40 60 38 85
3 93 92 27
26 32 37 3
73 97 97 30
6 40 91 57
53 56 44 63
1 58 38 33
1 62 60 86
75 98 55 56
52 53 83 10
65 79 75 87
39 78 42 57
14 92 36 49
76 98 20 64
17 57 57 92
46 85 98 28
45 78 12 92
46 70 5 59
64 100 68 21
