100 982
53 63 4 5
45 52 99 34
5 33 52 23
5 59 19 52
2 30 14 34
13 34 22 32
24 98 50 91
59 91 39 76
7 27 21 31
3 67 79 78
41 75 19 55
70 77 93 3
37 54 99 38
8 68 9 48
3 87 11 54
1 53 91 2
15 95 26 55
17 99 100 97
17 76 39 11
22 51 37 62
71 76 70 41
1 54 44 96
40 55 70 89
17 66 70 74
37 61 83 76
27 38 6 21
17 79 69 63
33 88 97 19
51 59 70 13
33 92 54 75
37 47 21 28
60 91 100 29
16 51 54 68
43 45 50 42
5 56 13 19
16 83 83 60
38 65 53 98
37 99 31 29
14 58 50 23
10 35 19 96
10 24 67 35
59 95 60 2
24 90 73 50
49 72 42 45
9 99 33 76
32 82 38 36
61 79 42 16
4 6 87 56
42 61 29 93
82 96 86 35
1 100 76 54
1 39 77 100
4 45 32 84
28 61 73 59
16 62 100 17
58 68 8 1
13 93 68 37
28 37 86 78
18 59 26 80
14 99 74 67
2 40 74 65
78 79 4 69
66 90 23 89
35 89 55 52
89 100 50 88
41 69 38 46
81 82 28 99
57 93 46 76
29 43 22 4
44 65 25 64
44 63 88 22
43 87 5 78
33 65 98 5
5 13 91 20
12 96 43 41
44 85 21 48
3 58 30 39
41 60 54 29
55 67 85 20
1 13 95 27
69 84 64 56
5 93 100 66
47 55 17 8
34 87 61 82
15 44 12 84
9 85 85 23
28 54 68 84
64 67 32 94
20 70 86 82
12 66 12 58
52 93 78 70
46 86 37 82
16 69 48 88
74 97 37 42
78 98 14 35
70 93 7 47
84 94 18 16
8 39 8 46
8 19 47 48
11 65 17 32
16 53 93 92
14 73 50 12
32 44 23 76
7 79 52 69
66 98 25 38
11 39 2 17
52 94 20 69
54 100 76 30
14 60 55 4
22 57 40 6
7 99 48 60
24 64 8 89
34 67 99 93
71 94 28 8
54 86 91 21
83 95 28 20
26 32 90 34
74 83 48 95
27 43 7 21
11 88 84 13
34 63 85 77
4 79 93 5
10 73 99 67
48 86 1 12
29 57 100 3
5 25 5 81
55 68 70 30
23 30 95 100
76 80 30 50
12 60 90 34
56 98 46 32
10 47 71 97
19 90 64 64
13 22 40 24
28 99 58 25
9 61 94 40
32 62 66 10
11 74 85 76
31 78 6 3
21 31 26 3
8 76 69 78
45 91 9 39
32 76 74 58
75 94 40 69
28 87 83 54
9 23 79 89
77 95 12 88
55 100 9 13
97 98 33 38
4 11 73 38
41 61 48 28
4 59 7 33
55 89 86 58
68 91 55 35
3 54 33 7
61 85 71 29
53 71 84 93
37 73 31 50
38 81 3 19
49 71 14 93
2 55 58 7
12 99 60 60
4 75 100 48
14 69 28 72
8 32 69 49
86 100 58 31
18 50 78 32
3 69 73 92
64 73 75 84
16 17 56 11
76 78 79 93
16 29 28 73
23 55 3 18
10 78 22 69
37 75 93 17
2 84 22 48
7 30 38 34
16 74 39 13
17 56 23 48
27 82 67 43
3 51 28 81
17 27 54 48
10 81 61 68
40 67 64 4
75 96 50 47
43 58 76 67
9 49 39 48
2 27 85 80
65 77 25 27
32 84 30 81
63 93 66 25
39 87 4 92
16 90 54 59
8 80 19 51
45 64 68 72
91 94 100 60
37 57 36 37
70 82 53 99
3 25 57 95
3 23 89 59
10 63 34 4
26 80 41 92
15 70 29 4
29 99 55 99
35 62 38 67
46 85 95 19
57 80 1 95
63 68 76 19
17 72 62 95
41 51 23 46
14 15 81 63
4 77 45 54
27 80 30 31
18 65 72 74
42 72 63 21
2 65 94 90
17 69 48 78
8 83 3 60
52 81 23 41
85 92 25 94
70 79 77 16
82 88 75 72
17 25 6 54
16 37 70 95
31 81 15 15
68 74 3 87
45 92 55 32
10 79 3 98
37 68 11 65
3 36 64 10
2 20 51 82
66 87 54 15
31 95 14 49
13 95 10 27
9 45 87 27
36 90 100 10
31 76 48 44
23 69 1 90
54 87 38 87
58 89 27 23
44 59 55 98
25 98 76 40
45 90 7 27
21 73 54 65
7 74 67 84
23 49 7 12
21 37 83 15
50 86 87 81
53 66 70 68
32 40 20 78
39 71 53 41
8 15 86 22
39 48 84 17
77 100 78 43
54 85 40 99
67 70 8 60
20 97 38 19
10 27 94 99
11 50 58 96
11 80 66 50
21 59 30 69
42 78 65 92
29 56 64 58
16 54 92 25
10 64 3 1
41 43 70 23
67 74 19 54
28 43 28 55
5 85 60 69
19 69 67 11
28 38 6 42
25 99 32 44
7 62 80 83
20 23 18 46
6 63 97 51
24 55 97 87
11 32 65 77
50 92 27 17
36 77 69 16
36 57 10 14
82 93 37 97
1 47 38 50
9 46 8 60
31 68 57 87
4 7 2 87
49 99 80 97
34 80 74 29
35 77 74 53
31 97 85 32
14 33 86 92
22 24 53 13
56 63 85 44
23 47 41 25
19 52 54 47
75 79 99 54
23 79 16 49
28 93 18 26
10 92 73 1
7 8 48 15
11 72 14 27
61 73 34 76
27 34 46 77
65 99 5 85
53 90 66 46
17 100 25 59
19 27 7 95
30 51 67 96
15 57 8 52
76 86 59 34
43 72 14 97
49 91 6 93
58 80 58 51
51 70 63 68
63 98 56 18
33 49 53 33
39 78 86 95
57 75 32 40
62 98 87 22
34 92 19 75
52 61 14 60
29 47 89 44
26 34 57 16
60 79 63 67
47 89 94 57
33 59 75 29
69 77 37 67
29 93 82 47
70 86 96 39
89 96 100 73
44 55 28 10
47 100 14 8
2 32 58 39
54 77 95 48
69 99 5 97
23 63 83 9
1 97 5 48
30 43 92 23
14 82 40 86
6 89 11 18
72 97 36 34
2 97 14 25
48 55 87 26
6 54 74 34
14 42 43 20
59 86 86 16
61 99 38 56
75 100 84 78
5 97 34 58
4 74 30 23
23 58 18 9
23 100 86 63
74 77 49 78
54 91 20 97
41 99 28 32
25 58 94 75
59 71 86 16
50 89 13 62
9 17 70 90
18 30 44 23
12 53 28 47
45 85 5 67
16 38 30 32
50 78 77 24
8 75 17 95
23 50 30 56
97 100 31 44
57 86 100 53
40 74 30 24
58 91 12 5
2 13 1 32
24 69 95 94
1 27 31 42
51 80 20 13
73 76 96 35
62 78 5 93
22 91 42 78
19 88 67 54
53 69 53 23
28 29 85 51
11 37 20 73
9 62 93 16
20 53 77 41
37 89 64 94
58 92 10 75
47 53 48 86
37 88 82 89
24 97 37 28
41 52 65 16
63 72 73 1
30 63 78 72
45 98 27 33
73 78 29 33
3 9 31 46
63 95 96 97
12 93 50 57
54 61 22 79
92 94 25 73
39 100 11 85
7 29 21 63
9 42 42 47
90 96 84 26
27 40 74 33
3 18 10 60
62 99 12 94
4 30 29 72
80 86 17 97
10 98 38 22
21 38 7 80
26 96 91 95
71 95 86 98
9 55 64 25
6 94 16 81
27 92 43 60
27 98 62 51
23 96 89 24
14 92 52 23
38 72 85 97
27 79 41 42
51 94 48 41
4 57 12 90
27 57 46 58
13 100 28 42
76 89 53 22
3 41 13 43
12 80 85 30
60 65 100 16
7 48 50 50
25 96 17 30
17 37 14 79
19 51 16 1
6 38 62 60
3 13 63 50
46 72 75 74
55 60 37 44
60 99 91 74
75 88 83 35
41 88 54 54
44 45 4 69
85 93 92 77
37 79 30 84
5 69 26 8
16 71 10 37
43 63 68 45
2 66 80 36
48 97 2 78
31 51 63 39
9 93 58 58
55 87 73 71
13 45 72 75
59 84 7 84
12 29 85 14
59 77 13 58
25 31 88 46
1 62 23 11
16 67 4 39
30 48 63 47
19 40 57 70
64 89 95 20
2 70 19 57
67 73 26 29
86 97 7 12
20 41 78 57
27 88 77 50
74 96 68 72
43 53 59 93
17 90 26 88
35 54 93 42
6 77 61 24
48 95 39 9
4 34 59 43
78 88 2 85
47 88 39 48
13 59 76 61
36 76 38 86
61 94 89 19
3 17 35 27
73 98 92 1
27 47 79 100
13 20 43 38
12 42 73 2
20 45 39 76
33 70 35 99
12 27 49 3
33 40 29 78
21 94 86 53
50 84 74 7
5 27 96 65
45 47 44 34
7 93 7 47
9 22 37 1
13 72 32 63
51 91 97 9
12 68 57 44
1 35 1 12
91 100 2 22
50 82 64 50
33 44 25 23
80 87 56 48
38 87 48 74
40 44 92 70
42 66 82 94
8 58 51 39
96 99 61 40
25 60 51 13
9 74 52 83
48 52 89 93
44 100 4 37
69 76 84 37
71 77 84 73
17 21 78 12
84 99 11 17
15 52 38 24
85 91 60 98
30 77 77 11
25 53 70 42
76 90 60 7
20 79 3 87
16 60 28 100
8 17 48 24
30 37 76 55
4 28 83 45
54 60 76 65
16 96 41 66
8 30 3 64
3 21 91 78
6 17 92 14
7 77 11 52
4 62 97 4
62 64 15 40
48 58 24 55
18 38 24 10
51 97 99 13
54 97 25 45
57 99 44 83
46 76 92 85
82 90 22 34
45 78 44 19
38 84 45 92
52 73 20 3
3 75 93 81
93 100 66 98
34 43 100 36
25 86 51 42
50 85 45 15
66 71 75 2
94 95 62 34
46 66 55 69
58 72 3 62
10 32 30 12
42 90 85 78
19 25 28 72
58 79 93 48
8 64 65 28
18 27 24 44
73 97 34 97
28 100 51 9
18 48 1 88
4 87 2 57
19 91 99 62
33 75 29 47
29 67 70 18
23 32 55 39
11 12 48 76
4 73 100 57
57 83 74 42
62 96 11 22
68 97 53 57
32 69 10 93
72 85 67 48
59 66 73 18
67 80 72 84
55 79 76 26
45 95 6 36
45 82 76 56
64 69 88 76
53 57 32 22
21 79 19 93
13 54 36 95
52 98 22 54
42 54 44 84
13 76 15 100
4 54 13 64
85 87 59 100
48 96 42 65
47 96 21 45
74 98 1 65
30 35 3 22
78 95 87 79
12 25 46 14
24 59 87 9
28 47 97 54
32 59 77 66
46 81 14 4
70 94 58 47
8 38 11 79
23 82 16 42
56 58 65 40
31 32 3 17
4 46 4 100
47 58 98 62
51 66 80 29
75 97 61 95
11 82 97 3
15 90 89 6
51 56 52 77
56 99 1 17
55 90 59 82
12 36 34 18
24 72 94 69
10 39 75 97
12 84 88 61
7 35 5 65
70 78 78 64
57 72 11 56
54 96 35 45
77 81 20 89
15 89 20 34
7 22 51 17
22 93 6 5
31 67 14 65
35 44 12 77
53 92 34 29
18 97 42 34
85 98 32 97
52 80 26 38
29 76 82 64
66 83 70 46
24 89 65 38
20 95 14 33
12 67 25 30
38 51 97 89
12 41 41 71
4 93 48 91
52 76 41 73
11 43 43 4
52 97 85 87
2 54 7 41
29 45 56 10
39 93 64 12
73 92 72 80
79 91 77 99
20 73 93 86
5 99 81 43
29 91 34 70
48 91 26 28
59 98 92 22
50 90 46 97
29 92 21 27
2 34 6 86
60 90 59 98
7 51 84 11
71 73 45 24
50 66 30 3
41 82 39 11
36 89 71 9
1 75 56 33
59 100 48 61
24 45 3 15
68 95 77 50
3 33 15 5
12 31 55 83
24 56 83 89
39 73 49 57
34 70 68 9
25 74 32 67
87 89 27 28
1 68 92 6
23 85 29 41
63 73 9 12
55 69 32 86
30 41 7 31
12 74 54 26
16 87 34 20
43 97 53 35
37 66 19 26
32 38 100 84
9 34 41 46
64 81 80 83
1 10 87 9
29 77 36 75
62 89 54 44
47 49 59 35
48 100 94 37
21 28 85 79
15 28 75 46
34 51 66 50
21 70 17 27
42 82 14 32
21 88 16 98
78 80 10 83
69 85 82 8
34 75 13 37
1 64 95 34
55 66 35 91
6 25 1 96
41 71 52 95
2 64 75 83
7 50 75 98
22 27 51 60
59 60 44 21
20 28 14 94
51 81 24 58
26 78 28 29
39 65 78 84
59 78 98 35
1 21 94 50
5 48 83 6
2 49 36 30
3 77 45 4
24 53 96 88
55 81 100 72
24 77 51 81
64 78 58 10
40 78 16 53
14 26 45 58
8 99 5 66
19 85 99 89
20 72 73 37
63 76 90 24
21 57 95 44
24 75 56 40
72 83 73 33
16 85 65 71
25 62 11 35
24 47 6 75
5 64 93 87
33 81 27 58
3 79 1 46
18 63 14 43
56 96 1 88
14 94 4 3
80 89 67 78
49 78 95 94
42 63 95 66
31 99 84 58
48 63 17 16
8 18 5 74
22 59 97 32
12 56 18 42
77 78 7 44
17 89 68 10
33 85 51 10
48 88 8 24
47 78 34 70
62 92 99 65
82 100 22 74
28 35 76 49
29 82 78 15
7 55 83 65
38 70 55 85
6 28 65 59
11 13 2 36
10 90 63 14
10 96 16 1
67 98 1 86
6 7 69 50
6 21 14 93
33 99 68 70
22 100 56 82
19 62 23 92
89 98 42 78
14 32 5 27
2 98 4 73
13 25 87 67
30 75 3 97
32 60 1 28
69 73 75 42
6 36 36 63
10 57 75 83
5 82 4 97
16 64 74 39
20 26 90 12
7 83 45 81
68 84 39 87
25 78 45 49
7 16 32 6
7 52 9 51
3 38 53 47
42 93 27 11
9 43 33 65
31 93 35 38
14 74 60 50
45 51 9 87
36 60 43 52
47 70 56 54
7 56 88 40
20 60 54 41
66 100 79 58
48 57 19 62
37 81 52 69
30 65 42 86
36 44 41 65
37 98 97 4
16 19 49 99
7 71 28 34
19 73 78 4
29 39 89 76
2 59 29 88
39 94 53 79
30 60 67 53
21 95 67 41
2 74 30 48
54 81 31 10
15 31 78 71
4 23 53 45
58 85 53 81
41 87 27 89
15 72 89 99
15 25 30 6
10 52 44 53
34 71 58 59
58 86 16 20
55 77 88 29
94 99 42 56
24 51 71 48
4 48 31 17
83 92 63 83
27 97 71 7
2 94 22 34
20 92 74 53
47 62 51 11
6 58 7 26
11 34 26 54
63 88 18 38
9 39 62 95
14 67 76 68
5 9 21 84
33 78 78 65
69 79 55 66
11 54 10 64
16 56 35 39
58 63 43 9
20 75 69 3
28 73 50 16
60 94 6 3
20 40 90 85
15 36 85 76
31 90 65 59
84 96 45 54
37 94 10 10
67 85 97 11
34 79 50 51
30 87 90 58
29 81 65 50
2 22 62 76
33 82 64 6
25 81 97 67
2 38 19 26
28 64 2 11
75 92 15 29
21 42 36 95
46 74 12 61
52 68 76 80
37 40 46 60
49 93 61 35
83 97 38 90
79 90 40 98
2 82 51 61
56 65 4 88
33 64 63 33
2 41 94 37
22 30 51 79
6 90 85 11
14 87 5 41
57 65 35 98
45 75 70 94
11 14 2 24
26 59 68 74
25 71 46 37
12 82 97 93
32 90 48 28
39 92 42 36
8 27 58 90
61 97 97 51
34 72 62 10
17 71 30 43
17 32 1 57
58 90 3 47
63 78 41 33
2 39 18 33
9 21 45 99
4 70 68 81
36 52 14 92
68 94 99 79
59 87 81 99
57 92 48 56
45 55 82 38
20 90 6 54
25 83 56 40
65 88 21 42
64 77 45 83
31 47 31 2
40 41 84 26
15 65 83 85
55 59 75 68
37 63 79 6
49 95 72 29
6 20 11 9
36 41 9 68
23 40 75 38
51 60 95 94
58 77 51 50
13 32 47 25
7 21 88 37
53 85 66 86
59 93 88 27
30 82 64 98
64 71 68 52
13 75 89 76
5 88 79 28
38 89 34 12
52 82 13 46
48 79 38 89
29 85 89 96
6 70 74 56
89 92 41 55
29 72 23 12
6 42 87 65
45 86 22 92
32 72 36 54
87 96 96 71
15 79 96 19
3 56 38 99
87 97 46 85
10 61 20 73
34 47 2 93
91 99 15 45
25 91 41 14
51 78 69 90
51 52 20 54
9 40 97 16
74 85 76 12
90 92 18 94
6 18 69 2
75 99 72 81
43 88 79 37
22 56 74 12
44 53 14 66
38 66 11 64
38 83 98 69
15 45 53 77
63 80 74 49
13 82 86 87
58 83 88 74
49 54 79 82
13 14 73 78
1 55 51 17
51 64 84 21
31 44 89 87
49 57 16 80
3 86 37 92
36 92 21 85
49 53 20 9
58 67 14 14
1 79 77 42
46 98 34 63
20 89 37 24
28 76 27 91
27 42 46 93
22 49 5 58
41 49 71 46
19 87 44 15
49 55 85 23
5 95 59 27
17 49 16 43
10 37 27 97
44 91 55 17
70 95 32 7
3 80 37 83
31 69 4 94
17 33 85 99
8 29 22 21
34 41 11 18
41 42 50 20
45 79 34 49
8 33 100 36
2 57 79 32
28 90 39 68
47 76 62 62
36 62 24 92
57 76 6 10
49 75 42 73
