100 240
43 45 14 48
17 66 30 9
4 73 11 63
59 96 82 28
11 33 87 64
2 46 79 14
77 81 61 14
59 65 80 25
24 52 40 75
13 30 99 82
42 84 69 1
3 18 72 88
56 85 22 51
61 79 94 97
13 84 100 81
5 45 8 79
39 52 3 3
27 41 93 69
29 85 13 41
11 83 23 92
53 56 57 79
66 88 92 42
25 62 45 44
29 54 7 33
55 66 28 3
76 99 24 35
10 72 33 48
24 97 66 35
36 48 11 48
18 83 16 43
35 64 11 78
25 99 82 26
44 51 96 5
21 74 73 40
63 98 43 11
10 49 72 46
20 94 10 23
9 78 36 98
18 21 5 67
68 93 16 93
14 90 13 10
12 83 60 12
15 19 5 23
36 94 85 99
28 76 13 97
28 63 38 48
21 24 3 59
4 81 79 4
15 61 17 9
12 60 66 29
26 72 63 12
5 100 14 58
65 70 8 3
2 82 62 74
17 65 54 45
80 82 82 21
8 40 73 75
22 100 95 43
48 74 34 22
2 34 63 83
16 17 30 14
55 95 99 2
2 60 21 36
60 99 22 74
46 89 33 97
8 48 5 80
23 31 84 14
28 96 94 29
8 11 9 62
19 41 68 68
3 65 98 88
3 78 46 31
29 73 68 86
29 35 81 77
22 73 44 95
5 71 77 17
35 83 40 94
57 93 68 20
13 92 38 22
16 25 26 76
29 56 15 81
4 50 49 6
51 59 96 78
41 82 84 96
38 59 93 76
27 49 100 26
37 40 2 31
3 76 99 22
17 51 18 84
14 51 78 58
9 94 96 49
65 93 13 93
6 24 49 63
26 90 58 50
41 60 36 52
5 75 21 99
10 14 18 31
54 88 75 14
4 74 87 20
39 48 91 22
18 59 83 83
40 61 84 49
28 75 12 23
64 74 44 11
34 81 92 99
18 32 98 78
24 92 49 46
46 56 87 97
7 58 29 57
32 74 35 18
2 63 91 89
32 100 54 73
15 47 72 21
77 88 9 56
44 99 14 76
86 97 39 2
40 57 20 55
41 59 99 47
4 68 22 99
60 73 71 35
39 67 46 23
6 19 25 72
28 50 21 62
11 55 77 20
49 91 5 53
5 18 34 42
31 74 92 80
15 82 2 99
32 55 85 22
1 43 5 72
29 31 51 61
10 63 79 40
42 80 50 39
23 35 46 98
23 54 74 84
41 69 63 85
12 74 57 62
17 72 95 66
40 81 44 35
62 89 78 29
37 61 29 42
5 56 33 66
39 62 71 84
25 31 33 46
60 93 94 20
54 55 37 29
21 97 68 92
84 96 72 37
6 13 98 84
2 55 63 27
1 44 80 57
33 89 2 50
59 97 25 93
35 40 2 16
20 82 93 5
2 92 88 90
33 53 26 50
16 26 34 66
26 98 1 13
45 82 8 5
36 74 53 77
15 68 66 93
89 95 81 62
9 29 77 72
68 91 70 74
37 48 97 26
70 84 80 54
48 88 12 27
37 43 85 64
71 98 52 57
22 40 11 61
53 100 1 10
91 96 53 41
50 80 72 4
1 41 92 91
68 94 55 65
21 25 27 7
54 60 41 90
59 75 58 12
22 54 9 79
23 97 99 56
69 76 6 95
45 86 42 33
44 52 71 48
3 41 55 36
12 100 71 5
22 64 100 65
81 97 49 22
5 46 45 42
32 76 11 37
37 78 59 75
23 76 57 68
21 39 35 15
79 99 15 50
96 97 7 26
98 100 10 38
2 11 15 50
26 65 27 46
15 94 53 16
59 74 33 6
17 55 100 44
81 96 28 57
74 78 10 50
6 83 95 28
17 74 33 91
34 72 47 17
21 83 6 95
30 52 43 83
3 87 27 86
19 72 74 16
27 98 74 32
30 96 28 53
5 96 59 57
19 43 35 57
16 87 23 55
5 21 2 18
21 80 83 9
4 46 43 15
6 82 6 48
38 46 22 90
41 96 37 68
14 36 64 87
27 86 82 25
11 79 43 53
49 94 89 69
56 60 79 20
38 43 54 48
56 77 59 79
5 7 11 31
55 96 53 6
66 71 41 7
30 35 72 8
28 37 59 32
87 90 57 36
34 70 73 71
17 31 24 7
19 47 47 68
73 74 25 87
45 94 66 48
75 83 47 100
