100 4950
16 90 48 74
31 74 79 88
62 67 62 64
45 86 69 33
5 92 2 1
10 92 94 66
12 59 25 32
22 90 47 60
23 100 92 52
1 62 58 87
37 43 22 54
15 97 86 28
7 44 21 27
86 88 34 56
5 40 7 8
25 51 96 54
39 44 80 49
61 96 88 69
22 95 80 92
26 94 42 79
54 61 17 1
76 78 60 59
27 58 24 39
43 57 54 89
16 66 30 73
70 82 31 14
61 66 62 70
34 84 11 18
19 67 10 34
11 80 28 48
7 88 79 46
12 89 48 97
18 98 58 100
16 49 6 61
35 53 3 22
23 34 41 84
22 24 21 83
59 83 49 36
32 60 56 45
47 48 38 96
13 45 74 24
3 74 20 43
57 92 93 80
31 44 32 50
64 79 50 31
23 50 22 41
12 23 81 54
20 32 42 74
72 76 29 90
77 86 30 89
36 72 17 74
72 94 63 20
34 51 14 34
87 100 33 14
34 58 8 87
12 69 64 7
11 42 19 61
34 94 57 60
11 94 63 12
7 23 34 40
47 87 10 39
83 88 96 51
36 49 82 4
18 84 9 70
61 85 33 56
52 57 25 93
18 67 30 79
27 39 32 77
21 84 81 21
18 75 16 65
27 56 11 89
46 65 97 67
34 92 64 96
17 34 43 5
25 30 75 19
36 47 55 61
84 91 49 79
77 81 30 75
7 30 37 76
2 65 83 21
39 86 19 98
19 51 42 43
9 94 25 74
51 94 98 70
4 16 84 77
27 83 40 26
21 94 39 24
48 62 62 8
37 98 38 91
77 97 26 92
33 71 13 84
33 89 9 14
8 89 28 80
10 31 1 74
52 74 44 100
26 58 76 33
15 56 74 2
36 83 21 34
92 97 27 23
13 42 37 87
25 53 22 43
65 82 73 77
56 88 25 18
12 49 65 50
54 80 38 5
28 70 48 2
43 79 4 48
30 33 42 14
21 83 44 22
67 92 2 41
86 99 87 55
8 20 5 93
10 17 68 33
41 82 50 95
80 99 54 21
59 78 68 47
25 92 95 79
13 73 33 54
6 46 58 40
9 84 14 6
29 69 96 89
12 26 21 53
7 76 40 21
5 81 69 76
29 64 62 81
59 60 24 44
64 71 95 15
30 54 4 62
39 94 32 15
3 43 57 72
13 38 79 55
15 19 39 61
33 75 25 37
37 72 35 27
10 40 84 2
33 66 10 60
26 88 89 76
3 60 80 34
55 75 39 11
79 80 100 82
59 75 59 11
5 10 81 71
26 100 87 25
60 75 60 78
7 36 37 64
70 94 56 85
86 96 31 90
29 79 61 100
12 40 9 13
60 77 26 21
12 38 79 83
25 48 29 65
15 42 42 73
49 73 3 17
16 97 90 60
39 51 89 81
74 100 38 11
3 67 18 14
8 60 98 81
3 51 82 8
64 89 23 19
36 91 79 39
54 68 5 22
46 97 90 100
17 29 60 55
18 69 94 72
36 50 5 48
75 98 92 81
34 82 4 60
33 45 80 46
46 85 56 9
3 59 39 47
33 52 30 22
8 18 60 10
22 53 76 56
57 99 89 56
28 30 100 17
1 45 32 46
54 100 3 85
67 88 57 93
28 58 27 32
79 81 9 20
83 96 45 95
61 76 41 30
93 94 23 53
5 9 38 32
5 70 53 60
40 65 30 92
22 51 23 72
35 70 6 77
56 66 3 45
46 83 72 73
31 49 50 59
36 65 64 72
26 64 15 48
51 96 10 9
40 61 81 92
6 54 35 2
31 95 92 11
42 86 33 86
71 75 65 32
4 75 44 7
13 27 4 45
6 31 100 67
5 36 9 26
17 19 42 96
38 90 95 13
26 45 11 100
40 89 45 12
50 87 63 84
2 22 82 52
1 8 9 86
63 82 61 59
25 45 5 38
79 83 74 50
9 28 39 57
22 89 1 45
10 76 68 2
23 25 17 16
9 81 63 35
78 79 45 66
55 77 90 89
60 81 51 64
60 82 60 78
45 50 42 36
54 93 12 6
27 99 33 42
70 83 5 76
18 97 11 42
68 73 6 45
57 87 10 29
4 9 14 86
36 94 66 93
77 82 29 4
34 36 24 95
58 64 20 40
42 80 33 94
15 51 83 43
13 100 39 55
2 67 33 96
38 86 40 82
41 75 57 39
27 85 80 75
51 74 40 89
61 100 84 9
38 69 33 32
79 82 87 84
59 67 74 6
20 48 59 15
32 97 37 34
16 35 52 81
18 91 93 32
14 41 4 70
33 90 32 33
65 76 82 95
21 85 54 44
53 89 71 2
32 33 96 27
4 99 18 88
26 29 60 54
66 77 100 96
51 81 27 38
29 32 63 33
24 74 40 83
44 60 50 44
64 100 76 81
24 31 57 97
84 99 92 80
28 75 46 53
68 91 50 59
8 66 83 14
41 90 73 68
54 56 92 96
53 56 96 93
58 72 60 62
25 57 95 93
31 97 83 91
67 100 25 94
2 71 85 67
23 98 38 51
15 72 92 9
4 48 44 74
19 35 81 69
20 95 8 76
49 50 45 22
24 77 55 78
4 77 52 29
94 98 3 10
45 51 21 68
17 88 36 2
56 67 91 33
25 96 77 63
83 100 99 40
2 14 96 82
28 35 72 50
10 22 56 34
8 83 88 95
34 49 68 52
41 86 30 4
17 27 69 91
14 17 26 59
82 100 88 40
39 50 88 44
9 30 70 88
18 74 49 1
55 69 49 65
4 53 45 2
56 90 63 60
30 62 40 42
68 92 80 53
25 77 12 66
59 72 31 85
5 85 67 22
22 62 27 23
14 85 85 28
16 38 70 93
38 43 55 86
26 41 17 76
12 90 85 62
1 32 72 57
4 60 64 60
13 28 19 4
8 36 14 12
10 69 86 89
89 98 66 29
15 98 31 7
4 79 12 49
44 50 40 73
19 63 8 27
40 63 22 27
27 97 19 36
8 88 100 80
8 49 35 92
2 69 86 39
17 47 31 13
53 68 5 64
52 88 94 37
77 83 78 21
69 95 5 15
67 84 67 6
75 82 26 8
18 43 28 84
43 53 76 95
43 94 87 7
16 85 49 75
30 49 20 98
53 71 52 61
13 17 38 41
7 52 32 16
54 78 19 81
43 50 9 4
36 52 86 90
31 84 39 14
70 98 76 55
19 90 21 56
43 80 68 36
45 53 88 14
14 97 71 37
13 67 39 66
10 93 81 34
26 97 34 28
22 68 80 81
14 72 99 66
20 34 17 27
11 58 59 93
27 59 70 9
10 80 86 15
25 81 16 34
27 66 18 81
6 96 37 30
35 91 94 57
8 45 52 72
8 71 86 49
14 52 6 54
60 85 82 91
30 50 26 17
13 29 64 69
15 41 64 98
20 46 89 68
3 23 42 27
44 84 65 96
69 93 94 40
19 71 61 65
37 85 33 95
85 89 80 39
37 90 8 70
5 6 30 40
27 92 17 11
11 98 85 3
29 42 66 54
44 96 70 32
6 91 48 13
59 82 54 28
75 78 95 20
39 91 98 38
41 52 48 65
5 7 32 94
13 95 68 37
59 80 86 97
47 97 6 25
69 81 52 42
9 99 49 50
1 83 13 88
74 84 99 42
58 98 64 39
17 99 17 30
18 58 48 8
19 41 78 78
84 85 45 62
68 77 82 80
80 81 85 31
27 50 26 60
59 88 68 19
13 56 10 51
78 93 9 53
22 78 84 65
52 76 38 68
16 40 95 12
8 11 49 24
60 80 64 62
13 21 99 50
23 57 9 1
26 69 93 60
8 77 20 64
42 94 56 91
60 86 24 99
16 81 24 43
76 92 40 79
98 100 10 26
46 100 66 45
80 91 19 41
55 93 70 49
5 100 95 91
24 64 72 15
11 87 6 9
6 93 91 52
69 73 6 51
14 16 29 60
5 89 16 7
70 89 32 40
56 98 3 92
7 55 24 62
12 34 27 2
55 99 23 56
19 68 9 74
7 39 1 43
62 91 13 11
72 97 36 7
23 74 53 57
70 77 48 61
48 87 35 81
35 49 73 93
10 72 4 31
80 86 44 22
65 90 70 60
3 69 40 64
17 93 85 17
25 72 25 44
51 58 48 77
37 83 19 63
31 86 21 49
8 69 66 48
53 97 33 19
25 66 7 34
49 88 34 57
2 24 50 78
42 96 89 12
3 52 87 60
25 32 61 55
2 20 11 87
44 66 76 80
17 64 81 3
1 41 13 17
34 68 86 57
15 73 9 37
7 96 2 79
16 73 9 74
26 27 61 24
20 77 40 44
24 82 65 5
50 90 37 6
54 65 94 84
20 76 5 53
5 41 34 54
23 48 34 45
48 97 98 57
12 54 26 16
76 94 39 66
14 71 59 41
23 35 34 6
33 48 50 66
40 64 18 71
34 60 49 8
19 59 23 17
30 93 28 50
52 67 97 25
49 72 91 60
35 44 84 59
16 20 18 76
42 74 100 24
30 81 20 39
15 71 36 1
8 90 6 15
2 34 20 64
64 90 32 40
22 96 58 51
18 22 99 96
17 33 5 25
27 88 100 60
50 51 43 97
49 61 1 30
52 90 83 30
71 83 39 84
19 100 22 57
12 51 84 93
29 81 11 47
6 65 11 38
67 80 52 87
68 78 84 88
25 33 98 54
29 31 59 19
64 83 24 69
16 50 95 8
12 21 2 64
4 58 37 34
10 77 33 32
42 61 3 96
68 99 47 47
21 38 39 19
50 66 5 43
8 81 54 24
71 89 33 30
50 68 24 23
20 68 16 62
13 75 23 69
45 46 41 62
49 89 23 32
53 79 80 77
3 20 80 86
23 37 96 88
19 23 91 54
24 33 12 99
3 91 80 55
37 69 4 100
12 98 42 84
45 96 29 78
1 53 3 37
72 74 35 68
31 42 59 56
10 67 44 53
14 78 81 91
62 80 94 52
45 68 45 33
64 77 19 11
56 60 85 52
25 54 29 60
24 50 63 44
30 51 20 69
7 83 93 22
15 69 43 78
46 75 7 31
18 55 46 80
81 88 1 1
70 96 67 53
3 95 98 33
41 62 11 60
32 88 19 55
54 91 38 91
29 58 69 19
63 94 61 72
37 50 21 1
3 83 12 20
30 94 48 10
30 85 86 52
74 79 19 99
22 41 53 23
12 29 71 77
29 43 3 65
24 35 97 69
90 93 6 33
63 65 12 87
28 84 31 24
5 60 6 6
53 69 92 6
18 40 83 53
53 65 37 5
54 66 14 81
24 37 47 88
35 80 6 79
10 29 21 42
51 93 18 53
58 77 51 68
16 30 70 10
36 41 34 53
82 91 43 94
69 76 42 58
59 62 27 80
2 92 86 58
27 96 68 33
64 74 14 83
20 45 65 11
47 99 93 87
2 83 13 31
45 65 71 25
69 75 34 52
9 24 24 41
37 94 42 65
39 49 57 67
7 78 8 61
15 26 66 28
26 80 15 54
43 46 34 89
20 69 10 11
18 81 38 47
73 86 35 73
19 64 78 38
14 68 81 57
37 38 87 22
4 34 94 50
61 89 26 67
44 79 40 29
40 99 2 27
69 74 68 59
89 97 27 19
23 46 82 10
9 51 12 71
77 79 9 32
85 96 8 16
39 88 33 79
5 53 20 70
28 71 1 20
51 95 21 66
42 49 94 58
78 92 70 43
39 81 15 79
47 73 78 96
16 60 17 93
58 79 6 91
62 83 58 28
45 48 65 13
25 44 58 17
60 90 44 21
33 63 33 30
51 99 16 64
16 64 50 66
9 50 64 19
12 16 14 3
19 40 41 23
2 16 50 1
8 79 19 11
18 83 59 64
8 38 20 61
53 100 26 5
52 82 20 79
14 79 34 78
23 99 95 66
19 28 12 88
37 58 49 23
35 54 47 57
11 27 54 28
48 50 46 15
15 28 22 36
61 78 74 40
20 84 5 14
39 42 76 27
61 95 38 59
16 79 33 89
24 51 86 21
40 50 71 93
1 91 34 60
32 91 25 68
45 91 36 14
36 61 6 29
15 49 26 53
31 92 87 34
20 54 67 5
20 23 42 84
50 67 31 35
24 78 25 99
54 62 23 97
56 74 71 21
59 73 95 62
21 49 1 73
1 88 67 79
55 63 63 52
23 96 96 34
10 79 39 15
35 79 49 78
30 96 57 37
83 94 28 77
61 92 77 5
34 97 90 9
13 47 27 82
18 85 12 100
7 8 41 87
72 89 17 32
53 76 82 37
58 81 86 90
70 71 63 2
21 24 79 39
17 74 11 68
68 74 45 74
58 90 74 69
2 73 33 53
34 62 68 62
6 81 69 91
33 59 100 23
16 93 75 61
43 99 54 97
73 83 68 14
18 61 58 20
58 85 70 9
37 60 40 32
43 91 10 13
55 95 28 79
33 83 80 39
32 42 30 75
15 38 54 95
22 34 90 19
43 67 16 45
23 97 56 89
20 66 10 2
36 85 44 89
17 73 37 97
12 86 48 66
10 15 48 17
1 99 13 31
25 47 9 40
31 56 56 11
69 96 57 49
65 71 15 56
36 82 18 80
86 95 61 58
65 92 29 72
42 70 100 11
13 26 69 88
48 92 66 75
62 81 36 93
6 76 82 98
10 66 37 84
28 45 34 32
50 59 14 54
6 36 2 79
74 87 82 84
47 62 21 6
49 82 93 42
7 42 68 57
2 30 25 77
33 60 81 7
24 88 19 42
22 35 15 92
7 41 93 92
47 88 68 99
23 53 9 13
48 73 68 7
49 63 82 6
76 100 60 97
66 94 20 33
9 49 100 82
4 12 67 51
19 85 84 76
89 91 73 3
32 45 14 77
41 58 69 14
15 50 62 83
26 34 20 91
24 96 14 56
57 74 3 46
37 68 79 1
9 34 50 88
39 41 86 97
42 51 68 32
31 67 78 85
4 6 84 40
2 60 78 74
23 81 89 67
25 50 60 41
38 68 72 65
29 71 89 33
14 100 67 58
4 19 47 2
8 80 24 17
74 90 57 77
14 36 91 3
9 66 1 98
39 75 5 99
8 85 49 27
36 93 81 85
81 82 82 49
5 46 33 36
18 65 70 19
30 43 20 61
28 56 43 50
5 90 66 37
36 99 43 99
26 84 89 86
34 100 83 78
33 91 4 57
6 27 3 11
30 46 9 52
65 70 88 47
7 10 77 38
40 53 32 90
27 45 10 11
37 54 29 15
5 8 65 33
13 99 65 87
6 72 91 31
23 82 65 13
37 93 12 95
77 85 20 47
10 46 61 97
32 77 100 98
53 83 20 1
33 47 14 42
14 21 2 61
65 73 46 60
84 89 81 44
55 100 44 19
35 84 72 30
34 96 59 22
51 61 54 91
24 57 24 89
17 68 38 67
7 40 97 51
57 59 45 98
42 91 26 60
50 84 77 33
46 61 27 79
31 60 16 83
63 87 79 5
66 88 83 55
50 99 88 44
58 94 2 97
53 82 28 45
14 43 48 22
38 73 45 19
68 80 100 95
16 86 52 47
37 89 6 89
21 29 6 57
11 100 18 33
76 97 11 38
12 84 7 18
30 79 1 23
25 78 62 43
2 38 59 99
23 61 83 71
77 88 59 21
5 87 28 100
54 92 17 40
40 78 32 53
1 51 33 100
40 42 83 60
63 81 32 89
4 30 86 6
15 47 6 41
60 99 44 27
31 59 31 74
87 92 33 10
32 52 10 13
9 95 33 100
9 33 64 41
17 39 17 27
92 95 23 66
68 72 91 11
15 60 65 63
27 33 51 69
29 99 78 51
4 84 44 22
3 64 76 32
41 88 49 40
16 67 55 92
16 19 85 76
13 40 74 53
74 88 89 49
56 96 67 80
40 43 76 94
69 88 91 82
63 84 26 15
3 76 56 43
29 93 58 98
35 41 35 44
63 89 58 30
52 99 91 25
3 54 2 57
21 63 12 83
43 63 25 35
11 77 43 1
15 52 99 83
69 97 80 44
48 78 21 81
84 92 74 88
31 82 31 8
88 90 4 86
35 98 91 2
18 59 27 73
17 65 58 58
22 93 11 31
60 70 24 64
11 70 75 65
30 87 4 90
38 64 12 25
18 34 22 9
26 46 9 9
79 92 54 7
45 79 21 91
51 91 8 20
19 27 33 44
12 19 49 11
66 89 4 20
8 57 38 12
19 62 1 57
34 76 45 30
13 62 23 17
71 82 40 96
45 56 87 18
34 78 51 29
14 49 95 15
26 38 42 95
31 55 37 92
20 79 32 35
56 93 100 90
64 65 32 10
14 75 95 28
37 97 44 16
22 57 65 29
41 87 12 41
12 30 84 49
3 22 79 34
56 86 44 99
86 89 24 30
40 54 22 77
39 100 59 92
16 59 93 9
10 18 41 93
80 82 4 36
8 96 68 95
9 40 81 91
1 66 18 6
68 71 53 90
12 56 36 100
20 26 34 94
9 23 20 25
37 100 55 77
68 93 99 80
44 78 99 8
33 65 46 13
30 83 51 53
8 26 45 31
25 36 6 41
23 92 8 34
85 100 59 50
28 77 13 70
11 74 52 93
22 91 84 78
24 98 65 47
83 99 68 2
29 76 96 95
4 64 17 58
33 44 21 39
73 97 6 11
4 97 22 79
8 91 22 25
17 55 4 54
30 69 14 13
4 39 39 38
10 36 9 60
23 40 8 69
3 27 70 38
47 89 53 94
43 83 19 74
1 23 76 37
16 72 91 66
66 85 83 75
79 100 37 42
3 79 34 56
72 86 85 93
48 99 44 41
16 22 12 75
12 41 73 18
22 97 15 85
38 56 33 42
2 75 86 25
35 78 27 29
42 65 96 9
21 46 71 89
17 51 14 61
41 92 41 79
63 72 98 6
40 60 92 13
19 26 16 49
41 68 60 13
37 56 39 56
39 48 84 57
21 98 42 13
52 89 6 84
10 70 38 48
90 97 24 33
21 68 3 88
30 73 70 98
78 95 68 43
55 88 6 45
33 100 21 82
26 83 66 11
16 52 41 2
77 89 36 59
26 59 4 41
11 41 15 9
40 93 14 58
6 89 86 6
43 82 34 31
8 22 90 53
90 96 6 50
1 11 40 72
35 92 23 84
85 92 18 27
67 95 89 55
40 73 86 3
35 90 33 100
35 58 45 15
29 90 44 34
22 47 93 42
41 43 100 79
41 72 53 51
82 95 63 58
47 54 39 33
22 84 51 23
21 60 8 80
2 12 94 25
39 99 35 50
37 86 47 51
15 74 21 99
70 78 83 63
20 24 83 13
62 98 25 4
20 81 90 11
66 92 34 27
86 90 42 44
3 68 84 42
4 50 9 55
78 99 48 52
24 29 22 49
53 92 5 67
5 58 60 63
11 59 6 95
5 63 27 99
54 71 63 99
57 60 71 9
17 36 98 7
67 87 53 46
22 25 61 47
88 99 24 19
39 67 24 71
41 66 16 30
16 27 5 31
35 94 43 40
39 83 58 22
68 90 9 40
19 83 5 21
5 33 63 65
9 80 85 56
10 27 28 78
19 77 93 60
5 19 95 55
30 68 98 7
14 35 39 60
93 99 2 67
42 59 59 44
59 63 65 60
49 70 8 4
36 48 92 22
18 79 63 48
52 72 53 82
18 71 45 28
58 74 26 87
7 22 50 83
44 76 71 99
78 88 68 2
76 96 6 54
19 95 86 90
35 95 20 91
24 43 14 94
52 83 32 79
38 85 39 32
47 76 90 19
20 61 45 33
33 57 38 61
40 47 79 38
64 69 67 22
39 77 10 48
23 38 8 84
49 100 59 8
34 47 39 22
63 90 96 70
19 72 30 13
16 37 7 85
47 55 19 41
15 46 51 27
8 87 4 96
18 96 11 51
40 74 7 17
22 40 81 83
18 94 82 72
13 55 39 4
34 77 32 46
49 67 42 26
10 19 12 74
2 70 80 27
64 87 24 18
50 75 90 62
17 98 50 95
5 61 60 48
32 96 92 13
41 61 14 96
25 26 3 93
48 95 3 31
24 34 26 49
6 71 27 37
59 100 69 59
57 93 18 68
27 70 19 59
3 40 87 15
44 68 98 62
20 67 25 61
32 72 64 66
12 27 47 26
25 80 56 43
11 40 41 17
60 95 68 97
40 84 40 22
19 37 77 65
46 73 81 48
30 95 56 88
40 70 28 70
7 81 19 1
13 48 77 100
7 92 57 15
21 48 93 44
20 88 40 72
19 32 14 75
31 90 82 11
27 35 56 86
19 31 7 14
37 80 50 57
7 49 98 4
33 85 76 50
17 77 57 31
81 93 63 55
7 63 12 87
11 44 50 35
48 82 22 99
42 62 10 60
69 92 21 82
11 57 56 25
47 91 83 79
67 68 46 85
45 93 94 10
51 54 63 90
6 48 26 58
54 85 2 71
65 69 57 95
55 90 94 60
28 87 58 94
15 18 90 85
24 81 36 65
11 62 25 59
57 66 69 36
47 49 2 53
64 99 28 24
44 72 83 19
17 32 90 6
41 77 59 58
11 33 92 35
26 68 69 59
62 72 6 75
44 56 2 30
45 90 12 27
73 81 51 16
43 81 98 49
1 80 28 26
49 81 5 21
38 53 17 30
8 73 29 54
56 82 16 17
46 54 93 3
93 96 20 48
27 46 54 81
72 96 44 97
2 28 79 80
16 42 30 94
48 74 98 36
4 57 9 82
38 47 80 92
68 76 86 84
95 99 65 13
18 73 18 41
15 89 100 18
29 67 11 86
67 79 83 25
4 14 9 63
9 44 18 90
58 62 15 45
19 92 48 34
34 64 57 21
2 46 20 25
97 100 5 92
60 89 59 85
50 83 11 92
6 59 15 57
27 44 12 64
32 82 48 3
46 52 70 85
9 17 21 59
25 93 91 99
23 83 58 89
52 64 71 30
68 70 59 62
35 52 6 84
17 84 7 18
37 41 83 3
40 67 44 33
8 23 97 43
20 78 69 41
26 96 50 5
31 61 46 8
25 82 61 95
8 78 25 42
13 89 78 67
17 62 10 80
1 97 61 68
9 65 89 77
2 5 18 41
51 84 18 72
16 51 86 30
50 64 94 96
13 30 13 84
3 77 90 24
10 24 34 92
23 85 62 76
6 55 26 49
15 23 17 58
39 45 89 32
66 67 35 16
65 81 36 54
36 57 12 1
3 29 6 92
15 77 51 49
16 18 99 70
22 49 85 50
3 46 20 16
24 97 81 52
14 29 2 46
4 69 4 14
21 96 91 43
46 89 23 97
48 96 30 33
13 83 74 11
43 45 57 50
46 70 46 12
34 89 34 83
52 61 70 27
71 95 6 62
67 75 45 44
8 65 5 88
25 98 86 73
8 13 18 59
32 100 86 93
30 98 74 61
16 31 46 13
47 80 1 2
27 55 97 25
9 35 21 97
57 94 69 28
49 77 46 82
44 54 79 84
24 28 10 19
4 73 14 71
18 62 80 82
13 59 45 37
22 88 41 38
71 87 37 5
35 73 70 99
19 61 57 36
6 86 34 12
33 42 40 93
49 74 72 90
26 40 54 80
27 48 88 100
1 12 45 74
62 64 17 24
55 73 22 68
14 67 33 80
69 94 65 33
27 61 33 15
76 83 33 9
56 71 41 13
4 52 7 18
29 62 11 21
25 37 45 32
10 94 43 2
41 71 23 76
67 76 91 53
91 96 23 34
4 27 98 70
79 99 47 62
60 84 77 62
66 90 64 59
25 67 4 18
29 72 65 57
10 62 8 47
10 83 72 35
70 73 41 47
66 80 52 36
19 65 99 11
34 40 35 55
10 47 40 89
7 45 89 3
27 84 100 99
3 8 38 85
29 86 54 94
56 68 49 57
34 90 53 15
47 57 82 74
6 30 75 26
33 38 64 25
1 60 12 100
2 77 46 60
33 61 73 38
9 39 23 67
86 93 3 45
12 53 39 50
7 100 98 77
80 85 5 35
61 88 66 67
49 79 18 48
7 26 54 22
68 97 17 19
12 100 55 28
28 67 58 92
22 73 83 26
49 78 79 5
19 86 27 73
61 72 57 56
9 71 88 76
53 80 22 24
85 87 57 77
16 44 86 14
30 80 15 7
12 52 63 9
2 88 74 36
17 18 7 51
79 97 89 26
39 68 33 96
8 21 8 24
7 77 3 40
90 92 4 40
40 88 36 97
69 82 49 73
45 84 42 59
66 69 88 55
62 77 99 61
84 94 29 66
13 25 28 12
22 31 37 61
5 93 16 86
19 93 63 88
36 75 23 19
66 76 90 87
32 98 56 54
39 69 24 49
56 75 56 43
11 15 76 87
6 67 62 4
23 41 10 46
28 78 28 23
12 31 88 17
18 99 17 36
9 55 95 40
8 59 55 24
89 100 13 82
73 77 66 7
25 61 14 91
67 90 98 34
56 76 92 14
54 70 62 38
48 90 21 49
39 57 44 36
18 56 77 60
22 98 13 81
40 52 41 60
55 72 1 8
25 75 22 44
36 53 67 6
50 57 56 57
11 51 40 1
43 48 67 48
27 41 95 52
48 75 16 68
46 99 88 86
17 26 51 7
81 96 41 82
17 52 41 9
3 88 64 30
79 88 8 86
31 32 75 62
84 97 22 75
1 31 77 41
27 81 95 87
63 91 41 68
37 87 57 17
13 54 64 11
5 15 52 57
11 48 73 38
62 94 64 90
22 33 41 2
32 44 88 27
4 94 73 77
64 86 26 9
48 60 49 99
9 19 18 81
12 87 43 61
9 87 46 98
38 61 46 77
41 96 63 50
2 8 27 18
4 35 79 90
1 58 52 49
11 55 38 87
26 54 26 16
34 61 19 61
75 94 69 11
38 45 94 85
10 75 78 96
51 60 9 43
69 85 33 44
34 80 4 56
32 94 96 29
20 70 42 32
41 45 67 9
76 91 65 43
38 52 13 16
5 64 13 61
3 32 31 78
46 91 24 37
89 94 50 53
25 65 45 99
13 87 81 88
40 91 32 44
14 32 39 67
70 75 94 90
12 76 59 78
26 98 83 46
81 92 31 36
10 95 37 66
18 53 13 1
30 64 68 54
10 97 96 100
50 81 29 86
70 91 38 13
59 71 55 65
20 43 16 17
39 78 19 12
6 69 5 49
57 76 43 1
28 42 51 48
2 35 44 36
2 68 36 6
62 99 87 75
62 89 8 3
19 97 54 50
64 76 5 75
47 66 71 53
22 59 31 13
8 12 18 26
35 40 39 72
6 61 33 10
18 54 58 7
17 79 74 32
1 35 57 14
4 23 55 2
54 57 84 33
7 84 36 77
15 78 14 82
44 64 27 13
8 10 52 80
33 81 96 26
59 65 94 14
44 82 97 95
8 54 11 59
3 100 26 39
9 36 91 3
53 74 20 81
11 64 70 84
13 86 27 90
31 75 6 82
57 86 74 89
36 37 26 11
51 83 79 67
38 71 69 93
63 95 72 92
19 29 96 34
11 81 54 94
46 79 17 38
99 100 21 31
68 87 56 35
80 94 100 21
13 39 5 32
16 74 33 59
39 52 5 51
29 94 28 14
1 4 76 61
52 96 48 80
34 83 88 24
27 32 95 12
30 75 77 30
19 49 90 7
20 44 68 56
54 96 44 84
42 63 88 12
58 67 10 79
3 93 14 69
59 81 16 49
3 84 7 13
5 28 2 25
73 78 75 68
36 44 70 88
75 81 56 88
7 15 12 37
3 66 51 66
36 40 16 30
35 93 26 100
40 98 31 89
74 86 72 2
66 71 19 80
14 53 45 95
66 84 75 7
33 74 31 91
33 68 63 95
6 60 60 6
11 88 12 69
20 55 95 35
80 97 43 5
61 94 61 23
9 73 57 80
31 66 75 39
44 61 78 30
8 82 94 68
16 69 78 35
25 74 83 17
31 64 68 70
25 86 17 59
7 65 47 98
19 76 29 36
9 83 74 100
7 57 53 23
38 84 91 79
26 36 59 96
29 49 74 39
35 57 81 81
3 55 7 80
33 97 43 12
54 90 92 64
65 88 29 59
15 37 34 83
79 93 33 74
22 83 91 10
62 82 96 71
19 56 31 79
31 33 24 52
83 95 77 20
52 87 70 22
16 25 91 96
16 29 74 64
41 64 43 16
40 94 30 15
71 77 13 24
4 41 20 69
3 10 61 59
74 92 10 72
26 63 27 53
24 86 1 68
44 89 69 25
6 20 5 8
15 17 47 35
5 13 19 100
7 58 3 54
85 86 40 45
50 61 96 19
55 59 74 3
6 66 78 74
28 86 11 5
22 77 99 28
37 55 25 5
5 69 43 59
10 23 67 19
4 92 50 75
29 44 19 42
48 76 37 88
47 69 2 80
5 51 82 33
62 86 34 42
14 90 41 86
8 94 53 28
55 92 19 66
3 82 74 44
15 53 31 59
74 99 70 36
7 73 31 32
60 64 17 19
51 86 80 5
44 58 32 21
42 100 17 75
29 53 100 83
65 98 15 92
15 27 81 51
48 67 93 51
31 34 77 98
56 85 2 94
45 80 24 76
9 62 61 49
15 30 13 37
24 83 72 85
41 81 79 80
23 77 58 74
33 70 8 87
3 75 40 19
11 12 52 25
63 79 10 55
40 58 81 25
16 87 47 38
63 80 41 68
46 67 81 82
44 87 14 12
78 80 25 24
27 77 76 56
4 37 84 55
20 28 27 38
28 99 17 25
68 95 79 5
52 86 20 64
8 25 48 93
4 59 4 43
1 84 45 98
21 40 80 27
36 51 40 96
65 87 91 26
19 69 85 72
28 38 9 55
18 95 28 8
44 49 8 95
12 85 4 50
7 18 44 29
34 53 56 84
70 92 9 66
18 46 3 65
31 51 66 18
4 8 100 63
30 67 11 30
29 54 88 97
12 96 28 62
15 22 3 81
80 89 53 60
53 84 14 12
58 82 32 94
46 81 83 62
44 55 97 17
57 62 91 30
26 75 3 60
54 99 16 70
32 51 22 2
49 84 83 5
15 61 37 91
11 60 53 20
12 72 31 58
62 100 24 66
65 95 36 4
31 94 27 88
2 11 54 61
36 86 90 39
85 95 80 86
6 39 61 7
14 99 52 10
39 70 68 38
67 93 85 37
18 76 44 95
73 100 54 42
10 60 84 98
57 83 52 4
24 41 95 93
17 90 59 33
66 72 61 81
53 60 59 7
42 47 95 77
29 73 51 19
44 90 34 98
25 90 18 33
18 32 10 99
53 62 75 40
11 79 31 23
54 58 63 17
34 46 99 76
29 46 19 55
45 89 90 13
28 33 25 28
5 14 56 67
28 82 69 46
52 62 95 17
14 76 79 85
9 67 61 76
8 64 97 61
27 67 94 51
54 89 13 67
20 52 43 70
77 96 95 20
3 50 81 30
59 94 29 48
34 99 37 80
2 41 1 92
9 79 24 59
75 92 94 34
35 96 85 91
8 29 53 21
3 45 92 35
56 69 83 95
11 82 49 40
30 56 9 42
37 53 73 71
85 98 66 39
12 48 9 64
8 62 34 66
10 64 65 54
57 70 55 90
26 35 63 47
51 78 22 38
94 95 60 85
35 71 3 43
20 41 40 13
67 94 14 19
21 88 17 78
55 87 69 83
36 70 70 82
26 89 32 70
8 9 46 69
12 99 10 78
23 33 58 64
16 56 2 90
56 92 5 26
11 73 12 15
80 95 60 75
1 81 56 34
87 93 88 3
82 89 81 61
71 72 44 67
73 91 39 9
79 87 63 62
49 85 89 61
34 38 93 43
72 85 30 73
47 85 73 30
31 88 29 86
60 66 65 19
25 55 89 27
14 61 75 23
37 59 33 83
49 54 56 84
34 75 93 56
71 100 15 36
56 87 71 79
57 61 30 33
1 43 78 19
38 42 71 36
51 87 45 26
79 98 77 67
55 78 36 53
48 91 22 91
20 30 56 53
42 98 79 42
26 44 9 36
59 69 3 28
73 85 57 11
6 38 15 82
74 89 53 61
66 74 99 17
6 85 84 39
15 55 91 50
35 69 44 11
41 56 52 55
12 45 89 98
30 99 24 75
10 99 69 80
28 40 17 92
22 23 26 59
15 70 40 15
3 61 50 75
23 47 47 63
62 79 96 20
43 66 81 54
23 32 8 77
5 17 49 62
38 55 93 1
41 49 64 48
31 89 81 72
65 89 22 90
14 26 2 96
86 98 36 41
61 62 6 49
75 97 5 91
48 84 57 8
3 6 53 81
27 31 29 53
10 41 90 26
25 87 58 42
5 95 94 61
5 20 18 67
14 47 42 54
63 74 71 75
50 54 92 2
81 100 98 94
91 95 65 6
10 53 9 61
18 63 59 11
32 95 27 39
91 100 21 6
47 59 71 83
29 82 93 15
30 74 15 55
65 77 64 29
5 68 72 24
17 28 74 38
26 91 11 57
52 56 18 57
60 78 15 47
63 86 50 69
8 46 76 29
35 43 78 67
26 62 41 26
26 74 58 2
2 76 76 86
20 31 50 96
1 86 75 100
86 94 18 100
2 4 60 99
29 70 7 15
82 87 53 45
8 56 38 33
21 25 75 64
4 98 23 24
6 62 100 39
72 82 32 39
31 36 54 98
31 47 41 91
52 60 52 79
6 33 98 74
42 60 18 89
9 42 24 58
2 10 42 91
43 51 36 76
17 31 99 26
47 65 24 37
55 68 67 70
82 86 87 82
32 54 44 42
3 21 30 69
5 50 59 5
6 16 60 62
58 88 49 58
5 12 49 56
5 29 9 44
21 76 40 71
2 100 55 27
63 98 25 1
56 61 97 68
11 75 90 80
59 76 4 25
22 66 97 7
26 61 67 40
13 51 22 7
25 35 14 97
13 71 49 99
51 90 28 75
21 86 16 32
7 60 16 24
38 96 74 47
13 90 86 84
28 73 8 41
55 65 23 45
1 29 5 30
32 40 14 92
32 59 44 24
42 92 75 59
50 95 67 30
13 63 77 15
71 74 51 66
43 86 21 18
28 46 40 14
4 25 85 82
2 37 2 79
44 53 65 28
33 62 34 31
1 74 62 76
42 84 42 93
14 27 38 32
4 5 76 10
43 78 32 37
17 89 71 43
35 67 13 18
61 74 58 78
20 75 91 89
35 38 14 12
15 31 43 43
16 55 35 31
18 42 66 71
26 79 91 92
22 85 46 1
30 42 17 17
55 60 51 52
4 22 13 97
16 58 43 59
26 70 33 78
33 96 94 91
38 41 82 71
25 64 77 76
19 57 96 42
41 80 80 73
6 44 73 97
2 45 97 17
45 67 68 41
53 78 60 76
9 61 45 23
21 32 71 30
40 72 19 72
37 75 94 24
48 51 94 84
26 71 40 18
26 28 94 37
18 60 82 17
23 62 94 54
74 96 96 52
26 48 58 74
74 94 11 5
66 83 78 58
70 79 15 62
3 37 45 80
24 87 50 92
31 48 85 67
65 72 71 87
69 99 91 50
36 87 10 72
13 31 34 92
15 93 71 32
71 78 11 35
41 76 6 46
6 95 86 40
22 27 87 82
75 90 63 83
5 57 36 38
52 84 56 25
44 73 56 90
52 68 27 73
13 19 59 53
54 63 24 25
9 75 22 33
46 53 11 90
41 89 83 63
14 58 74 28
24 71 64 73
39 55 16 72
64 75 96 10
24 27 78 55
21 44 6 57
66 79 2 32
21 89 70 28
21 51 54 24
25 58 42 34
78 86 15 94
63 92 61 28
23 72 35 18
46 96 40 50
14 33 64 70
6 34 73 78
12 71 14 66
62 66 45 95
46 77 75 31
68 100 3 5
75 95 53 82
4 78 24 56
67 83 93 61
37 81 61 2
10 50 11 63
3 65 55 52
43 97 94 74
12 61 42 19
71 96 17 94
40 49 1 70
1 96 55 56
85 94 65 42
18 36 7 76
20 49 58 55
11 52 55 60
22 72 23 40
65 66 59 86
6 73 84 55
30 77 48 77
16 21 74 27
30 31 91 80
34 63 24 85
36 79 28 46
39 47 93 10
12 33 73 27
80 83 23 25
9 41 75 9
55 85 75 55
14 39 76 12
45 66 82 28
4 90 4 10
84 87 32 75
21 62 47 99
50 80 45 64
78 81 38 11
14 45 52 75
18 68 37 10
7 24 94 29
36 69 88 89
55 94 27 48
28 76 99 55
51 89 59 6
21 80 96 83
69 83 80 69
57 95 97 18
16 24 53 25
9 16 8 66
31 72 56 27
29 51 58 77
54 98 98 48
3 71 35 54
21 77 73 44
45 83 69 9
41 79 21 25
41 73 89 73
66 95 1 61
22 37 67 52
15 21 16 93
77 100 43 59
32 76 57 45
71 93 67 56
3 38 94 6
78 85 26 82
3 9 44 75
35 99 68 100
21 23 30 1
10 68 14 69
3 15 13 80
5 83 86 82
19 36 80 30
28 92 52 73
38 78 33 17
17 35 17 95
16 17 20 32
20 71 15 61
12 35 55 26
9 100 31 65
82 85 2 63
2 48 14 22
30 92 65 84
24 52 58 54
74 82 10 35
27 72 15 83
78 97 66 22
13 36 19 73
11 50 75 14
18 48 82 56
9 20 2 95
71 92 26 25
36 76 4 44
19 48 9 19
25 68 72 100
1 19 85 38
54 79 41 94
7 43 16 100
29 85 93 25
48 65 69 8
20 51 14 75
17 96 24 47
28 50 87 89
4 28 2 19
30 89 75 21
11 36 26 82
24 46 80 44
24 75 53 29
31 35 5 71
31 98 5 71
15 20 65 6
14 63 21 21
71 94 20 32
16 61 54 61
46 82 97 90
7 89 97 25
22 69 51 51
58 60 93 72
20 100 68 91
77 84 15 65
57 78 96 75
31 80 68 76
10 52 76 37
15 91 72 26
4 20 11 80
32 90 100 4
12 88 48 2
56 58 17 20
15 92 52 20
47 61 99 44
7 37 77 75
30 39 7 84
22 54 23 22
75 87 26 94
13 49 62 50
13 18 50 99
3 72 1 60
17 23 32 51
65 86 65 60
33 58 90 6
48 100 27 92
56 57 1 97
45 72 6 25
21 78 97 13
4 80 20 73
2 93 48 51
69 79 12 90
26 42 33 13
42 93 90 57
18 29 26 28
5 78 26 16
70 84 83 22
21 39 43 51
58 65 97 88
23 76 84 49
46 56 97 50
80 98 33 79
21 43 15 36
31 77 42 48
44 70 49 7
20 58 86 35
76 82 73 61
85 91 70 32
48 56 92 73
22 46 6 33
65 80 66 55
32 83 48 93
49 65 93 51
7 19 32 83
83 86 1 34
42 44 47 62
1 9 84 71
14 60 1 54
31 40 26 93
18 72 29 76
88 98 17 84
28 90 62 39
78 94 4 87
6 9 1 93
29 52 71 15
30 40 77 10
15 24 94 74
29 97 61 27
6 42 64 92
40 97 55 82
9 46 62 52
1 3 79 33
50 85 26 26
13 20 100 25
21 53 9 75
34 88 21 14
50 62 85 78
13 37 86 35
14 22 54 50
45 69 32 46
72 78 43 1
23 94 43 14
21 66 88 54
25 95 28 16
47 71 1 42
60 91 17 46
29 47 96 55
35 63 21 61
75 86 45 23
36 56 58 5
31 63 28 85
31 46 34 43
49 98 46 80
52 92 81 60
27 28 50 44
17 60 3 33
32 47 40 23
28 34 3 55
28 60 32 76
2 82 63 56
41 48 54 40
67 72 12 9
8 31 48 11
61 75 32 8
9 91 14 36
34 41 92 43
6 14 79 81
71 88 54 67
28 79 94 55
4 65 23 84
13 32 90 68
41 53 92 55
10 74 21 73
11 63 13 60
64 92 11 96
43 47 57 50
18 25 40 82
2 50 96 25
2 6 93 41
83 89 68 9
7 17 5 94
11 61 37 31
7 31 67 76
31 93 78 16
44 86 15 97
58 73 44 94
4 10 52 88
5 44 46 91
47 78 4 68
47 53 74 50
13 85 31 3
16 63 27 38
9 86 70 8
7 53 63 25
73 84 30 77
18 39 8 98
49 83 26 54
48 53 19 21
1 100 100 97
85 90 25 68
46 72 66 25
8 72 17 23
58 83 23 61
33 36 45 78
39 43 87 10
30 100 89 41
51 76 48 60
56 59 61 89
21 91 74 86
49 64 45 97
42 46 44 86
24 89 24 38
19 53 53 12
18 49 3 77
56 94 93 88
32 74 74 61
29 95 2 65
72 83 70 15
46 88 63 97
1 39 45 70
20 33 12 4
48 86 6 9
4 96 80 82
40 83 7 24
40 81 63 19
22 26 6 68
53 67 94 12
9 45 25 16
28 61 34 35
48 49 72 97
1 98 48 55
89 92 13 87
64 94 52 62
6 28 41 38
44 81 29 43
31 58 92 43
21 58 97 14
18 19 82 71
64 85 63 16
56 64 45 11
51 66 59 87
74 83 90 76
35 36 21 95
34 73 79 100
35 65 23 11
6 80 69 25
41 54 6 46
24 70 80 72
26 51 57 54
72 90 25 70
29 38 48 91
34 59 66 43
12 24 92 17
24 63 3 53
81 97 15 50
44 91 72 3
8 24 65 83
26 47 36 42
50 60 88 38
41 100 54 61
92 93 32 16
63 75 34 82
40 85 83 79
73 90 85 5
1 24 19 13
21 35 30 100
26 90 55 63
60 93 11 15
20 92 53 88
36 84 21 49
45 81 85 61
43 44 25 82
41 42 32 52
11 26 95 3
51 77 56 20
46 63 8 96
19 45 81 12
93 100 50 71
82 92 68 33
6 32 76 12
23 26 45 65
12 68 41 94
10 20 29 81
39 56 42 65
57 82 76 75
48 71 84 77
23 29 36 22
21 74 89 89
19 81 27 20
44 97 78 10
67 70 45 86
73 99 22 58
38 48 78 100
31 96 26 72
58 66 75 57
25 56 58 42
47 70 91 100
10 13 13 19
16 68 93 55
36 81 97 97
9 14 57 72
43 65 13 9
61 73 8 80
37 70 78 25
25 63 90 10
4 32 71 40
52 78 80 22
65 94 5 55
34 79 63 56
21 100 87 4
15 43 41 90
17 76 32 63
36 95 56 94
14 93 100 14
39 95 86 42
9 97 59 52
6 52 9 14
34 66 16 100
26 99 91 54
12 13 92 85
44 92 29 69
19 99 20 45
9 47 94 88
8 30 83 10
21 47 45 8
25 28 2 52
70 81 24 38
38 98 5 10
36 100 86 45
3 99 2 78
31 54 20 50
28 48 74 54
11 34 63 30
3 16 30 11
14 96 91 93
15 85 18 79
33 53 87 42
41 63 2 67
14 83 88 94
48 68 53 14
13 43 100 27
4 89 10 17
3 11 46 100
23 28 29 31
10 32 40 49
47 95 14 96
64 67 40 39
48 89 14 5
41 47 8 88
37 63 63 22
11 65 94 12
20 97 49 28
12 83 23 21
39 98 93 62
71 91 81 28
69 90 20 5
3 14 38 4
8 61 55 15
11 96 27 63
58 75 38 47
2 99 58 12
9 93 88 27
35 74 85 58
38 70 76 88
73 96 80 39
74 91 38 11
51 92 47 24
24 25 41 34
64 95 83 67
84 93 98 79
53 77 30 23
11 24 36 42
62 97 66 66
6 56 45 36
8 48 28 87
4 15 65 6
39 71 36 60
18 51 11 28
43 54 69 47
36 96 65 74
38 44 49 18
32 37 74 55
59 86 90 59
94 100 4 86
41 69 12 80
14 56 40 94
65 100 93 15
66 78 100 84
57 85 62 52
69 98 17 47
31 78 54 40
49 92 6 71
8 58 55 66
4 88 67 48
82 93 43 64
48 52 78 23
3 5 82 86
24 99 73 42
17 63 80 3
51 85 3 60
21 93 34 15
17 22 93 19
45 77 62 93
19 73 76 31
59 92 45 58
35 60 60 43
29 36 16 51
13 22 69 27
66 97 41 27
54 69 68 31
45 59 94 91
36 60 30 63
14 84 10 69
30 59 64 35
45 78 63 29
4 100 39 96
8 51 87 31
21 30 31 4
15 90 28 35
26 65 14 73
72 92 10 88
39 58 19 70
29 66 96 89
34 55 22 12
2 57 42 57
54 72 67 22
20 21 98 69
47 67 66 7
37 88 13 23
13 60 96 17
1 27 28 16
14 66 44 25
28 51 30 85
18 86 5 89
19 20 8 56
28 69 35 93
7 61 89 87
35 47 45 33
12 62 63 76
1 49 12 11
12 65 98 19
27 73 92 27
41 51 41 17
43 61 32 30
40 55 23 79
40 46 8 63
23 70 8 99
33 99 77 2
34 69 34 1
73 79 4 67
3 96 73 13
43 60 35 80
52 58 81 20
75 79 58 5
62 84 45 6
19 42 3 13
19 79 30 76
50 56 90 28
41 85 42 54
22 82 38 41
46 80 16 74
2 63 62 45
7 13 92 37
16 53 55 56
21 90 32 64
23 43 62 75
13 97 61 82
59 64 72 59
32 63 81 61
22 92 53 24
51 56 50 100
66 68 12 33
77 90 23 27
56 95 71 32
50 70 34 81
25 83 60 32
19 82 41 66
45 47 30 82
10 100 43 69
38 67 70 6
5 48 82 94
29 87 13 40
56 80 20 54
21 33 82 22
27 76 8 43
16 98 56 50
56 70 85 54
11 54 57 35
26 82 63 76
51 59 75 28
32 56 99 87
12 55 44 84
37 71 92 9
42 71 76 67
37 57 97 20
65 79 73 38
7 16 44 62
67 86 93 35
54 60 2 49
65 99 16 62
13 70 28 28
52 85 71 55
14 44 79 79
42 75 36 98
22 58 10 27
81 83 97 40
26 43 38 33
44 74 72 50
1 21 97 33
29 48 59 45
30 65 67 93
1 65 27 83
26 50 91 7
17 21 31 27
83 90 48 23
5 42 68 66
22 70 70 10
19 55 17 70
51 52 33 49
47 72 31 65
2 32 19 7
60 65 7 88
25 60 33 91
55 82 21 97
13 81 94 2
23 68 36 35
7 66 26 99
64 91 40 100
3 63 29 48
9 43 73 47
95 96 57 13
22 74 49 95
29 45 42 96
6 98 35 21
28 54 98 69
97 98 55 1
62 85 37 96
41 84 79 12
53 75 10 86
48 59 89 86
44 48 33 36
35 50 19 56
9 77 18 62
61 67 96 96
18 50 52 98
83 97 57 91
23 58 20 69
43 69 59 4
25 79 69 96
22 39 72 45
63 64 15 11
23 79 34 17
23 91 1 39
29 96 57 11
2 58 1 33
28 91 39 4
73 88 74 31
70 95 77 18
55 79 12 89
32 93 60 41
58 87 52 48
34 71 79 69
25 38 25 64
34 45 60 7
5 54 67 48
94 97 4 89
49 58 36 78
28 43 41 67
19 39 68 11
58 68 93 38
44 88 84 34
52 73 46 36
91 97 35 80
3 47 75 85
53 91 13 48
10 63 47 11
2 81 72 85
10 14 61 94
4 86 10 15
57 88 56 64
22 36 11 30
47 58 73 58
84 88 71 87
27 53 23 18
18 77 53 93
2 27 2 82
42 69 85 43
92 99 16 27
33 93 19 81
35 87 4 50
8 15 74 62
40 96 5 82
1 30 100 72
2 40 72 46
38 60 32 7
38 49 85 52
76 90 90 80
4 82 80 80
44 100 34 74
78 100 82 43
29 68 42 7
29 61 84 34
64 96 40 38
14 91 76 17
41 97 66 20
90 100 80 20
34 98 79 96
13 65 35 21
26 86 8 72
63 100 7 63
18 21 62 53
42 76 25 52
36 59 30 29
50 78 46 28
38 97 78 1
78 96 96 3
22 55 98 89
19 74 82 16
58 96 86 45
17 83 89 84
42 82 24 39
8 44 8 81
23 52 13 34
47 60 69 32
28 29 46 65
34 48 72 56
61 71 17 26
34 87 14 89
3 73 41 53
34 42 71 60
5 98 68 65
66 81 88 49
41 44 74 16
7 34 84 85
20 73 41 28
54 59 64 48
20 36 44 52
70 99 88 10
28 47 37 12
28 95 93 16
36 80 14 99
87 99 40 94
72 75 69 18
10 84 2 35
11 93 31 5
53 90 77 35
4 83 42 69
24 54 71 34
19 24 24 23
43 98 44 35
11 76 4 40
3 58 29 86
35 100 29 79
9 25 95 2
62 76 71 49
15 36 49 47
4 81 59 9
6 29 99 81
12 15 69 43
51 57 49 87
4 72 66 5
2 44 95 98
27 49 43 20
70 76 31 7
33 86 41 56
52 77 78 81
5 34 15 5
3 97 29 36
17 41 95 9
84 100 24 89
66 96 64 20
9 63 17 40
13 23 85 99
1 36 3 41
3 28 92 41
36 77 10 5
42 99 71 48
17 45 61 64
4 74 50 66
48 94 28 65
21 64 7 19
19 43 52 84
29 30 2 62
1 68 49 71
5 67 77 48
26 37 85 3
20 59 2 68
41 93 49 30
29 35 21 59
27 80 84 73
6 49 38 39
9 12 26 44
33 92 13 86
73 74 32 44
62 73 66 88
7 12 10 84
17 25 12 47
31 87 5 29
76 88 22 30
21 69 71 52
94 96 11 40
9 74 61 48
31 69 25 14
16 62 31 71
24 67 9 60
22 43 60 70
73 92 62 97
92 100 20 61
37 67 94 85
61 68 64 30
65 97 20 94
36 38 26 92
45 95 8 11
46 86 6 50
22 45 31 98
14 19 28 62
36 88 49 17
24 44 85 75
6 43 91 24
79 95 15 50
24 45 74 42
18 37 93 94
27 51 35 28
77 92 93 89
17 87 24 6
45 71 15 62
10 30 29 11
1 76 76 1
52 71 46 56
38 63 9 72
25 71 33 49
72 91 36 47
87 94 93 45
31 85 27 40
30 90 37 75
61 80 10 52
58 91 19 34
39 87 18 69
1 73 83 2
83 85 80 60
3 98 2 1
10 87 37 46
82 96 7 37
38 59 90 5
40 79 5 93
3 70 67 6
33 88 27 14
26 31 50 52
36 73 10 30
6 7 72 48
30 47 91 81
30 97 81 55
63 76 89 26
52 70 5 46
71 98 92 93
39 84 5 35
24 36 19 93
32 55 15 57
64 68 33 18
77 99 3 18
32 41 61 54
30 78 46 66
43 85 17 33
34 39 1 34
29 59 36 40
62 75 54 7
19 89 56 72
87 88 21 7
9 32 78 23
76 81 47 93
10 35 20 52
58 78 81 71
29 55 70 89
17 44 61 83
36 63 8 55
67 77 67 99
5 21 38 61
18 31 95 67
2 97 43 27
58 93 99 100
8 37 70 69
72 95 73 4
40 68 50 98
65 74 5 27
20 39 3 5
55 89 18 24
11 17 93 11
17 100 91 89
77 80 62 85
16 88 97 81
38 93 25 61
25 100 90 85
21 31 62 5
96 100 1 76
3 53 83 51
15 54 43 96
6 8 92 49
34 57 1 44
1 6 21 57
64 78 34 19
1 48 45 29
24 94 65 55
23 95 36 71
39 82 85 23
1 18 7 92
62 90 5 70
6 22 17 74
15 57 61 13
34 50 59 33
21 37 16 72
12 82 65 87
26 66 5 11
13 68 91 82
2 94 26 95
90 94 5 41
35 46 83 81
56 83 22 64
19 58 24 3
5 26 47 43
18 44 59 59
41 67 30 61
14 81 28 84
50 91 22 76
43 71 25 70
21 36 71 98
34 43 44 9
13 64 19 93
46 55 35 26
43 58 3 13
88 96 6 44
1 33 62 1
15 82 6 39
26 73 82 87
86 87 69 80
33 72 29 97
68 89 28 38
2 95 89 97
7 33 4 18
40 95 51 99
6 97 16 44
28 66 87 22
17 91 82 53
74 76 73 28
16 71 33 2
89 95 83 13
43 100 14 99
74 97 6 27
19 34 20 43
21 42 80 79
61 63 9 76
54 94 75 25
2 66 84 38
2 96 13 11
65 67 51 48
56 78 71 8
38 62 95 29
33 34 66 14
14 98 59 44
13 92 41 9
2 54 78 19
4 29 67 57
3 19 5 23
45 98 95 54
90 98 36 37
46 58 13 93
50 63 44 60
32 75 43 62
17 40 83 90
32 53 34 71
17 43 67 82
41 94 46 87
32 66 76 4
75 84 40 66
7 72 77 81
92 96 21 6
8 19 52 86
57 64 99 38
3 87 29 60
44 75 40 99
13 79 68 39
6 84 38 16
46 59 78 19
81 87 85 18
17 70 90 82
1 44 83 34
24 100 89 62
11 66 51 12
1 52 44 54
2 3 79 53
91 99 59 21
13 33 57 58
50 65 58 94
60 83 46 45
11 22 24 56
33 54 6 62
93 95 85 42
24 76 71 95
16 92 2 68
4 38 39 49
22 65 22 30
41 55 74 77
25 42 73 31
61 77 18 9
30 48 16 97
55 80 85 46
38 77 99 92
42 45 95 53
24 39 47 56
11 19 16 46
9 92 57 10
6 79 37 34
20 50 3 41
6 88 23 44
77 98 32 53
10 89 5 4
15 84 68 21
4 56 42 10
16 76 77 27
72 77 90 95
34 44 77 99
50 93 100 89
67 81 35 30
6 17 60 88
72 98 100 37
33 94 23 86
63 88 25 65
68 69 26 11
18 47 17 76
12 58 73 44
55 74 48 20
21 92 16 23
23 56 19 42
30 57 86 45
24 90 66 22
13 53 35 49
13 61 81 34
45 97 71 47
15 35 48 72
1 26 46 51
17 66 98 85
68 81 96 58
1 94 24 28
24 26 42 10
8 33 72 29
4 95 27 45
17 50 71 38
68 82 93 40
59 95 70 40
4 62 55 58
4 31 11 60
69 78 38 48
60 68 26 5
15 81 14 93
84 95 43 36
16 39 40 29
6 26 79 73
1 10 29 55
16 94 57 67
3 35 6 11
15 100 61 76
51 100 4 15
12 47 73 8
29 77 2 31
2 26 56 39
30 63 63 5
33 87 96 45
47 86 16 22
21 82 35 17
73 95 48 63
74 81 24 65
45 70 38 15
31 83 13 69
57 90 60 99
1 95 100 67
27 95 19 57
8 97 50 93
92 94 49 79
48 81 82 33
56 97 15 76
58 84 100 72
39 73 92 92
74 75 43 52
46 49 49 55
6 19 91 21
21 22 14 62
27 71 53 74
8 92 99 88
49 59 12 43
22 60 71 63
10 78 98 18
4 46 92 7
21 27 8 58
45 52 55 28
51 55 72 82
52 69 64 68
28 52 84 6
32 35 90 1
42 89 64 60
61 97 36 43
22 94 7 96
60 100 73 30
24 38 28 87
31 50 51 78
10 65 39 26
67 91 68 94
37 49 5 56
23 71 9 19
43 76 22 81
47 84 40 61
48 70 85 29
12 95 24 41
18 30 50 54
76 79 99 33
54 76 46 56
7 46 36 6
35 68 65 24
22 71 58 24
51 75 48 81
25 27 36 95
14 89 46 68
9 38 64 69
22 61 52 91
24 32 37 61
57 81 29 39
3 18 57 51
2 47 88 48
82 94 10 67
7 47 54 87
35 39 69 95
85 97 74 54
55 62 51 73
1 42 57 84
81 90 64 25
26 53 30 48
48 61 26 31
11 39 24 67
88 91 18 45
12 60 91 42
37 99 49 95
32 61 64 19
32 86 62 80
28 64 63 71
18 88 64 13
33 56 34 82
30 58 33 91
1 63 14 99
23 66 69 82
49 96 11 96
15 83 44 63
64 81 4 7
29 80 92 21
7 35 27 69
35 51 99 72
47 82 30 66
11 38 36 8
5 73 19 9
30 35 63 19
24 61 65 96
2 18 82 80
25 85 81 25
17 85 38 20
9 69 44 3
2 31 87 87
21 81 62 45
40 82 64 84
3 36 87 74
79 90 59 48
45 73 62 38
39 63 41 77
37 39 27 98
36 97 25 43
5 22 83 58
18 33 93 82
21 97 76 23
5 71 52 92
38 89 78 4
17 78 81 55
12 93 26 52
30 86 57 9
3 24 56 53
55 67 88 59
20 42 91 31
12 39 5 87
3 85 28 88
11 46 87 51
25 59 32 81
10 28 71 86
8 28 95 16
6 75 17 44
38 95 19 100
26 76 30 12
19 33 60 51
7 32 30 78
29 92 44 54
66 73 77 10
13 44 20 66
19 70 1 49
8 95 49 66
6 64 68 70
39 93 82 69
15 87 45 56
21 61 4 83
35 48 17 58
49 95 34 20
68 84 87 4
88 92 35 67
23 89 61 84
37 78 63 38
63 93 38 28
47 92 1 49
36 39 29 69
67 71 97 98
82 84 42 64
38 46 72 66
28 37 83 99
10 90 94 92
17 81 48 38
57 79 93 91
61 90 75 45
61 98 86 46
49 56 83 11
61 65 84 49
15 75 26 41
74 93 23 26
30 32 92 89
15 79 81 78
32 36 3 16
25 99 94 5
21 52 39 91
47 83 8 41
33 35 51 77
38 75 39 39
39 72 67 93
34 81 68 60
45 85 30 100
76 89 29 87
39 74 52 68
18 45 47 17
11 86 2 29
59 99 99 79
16 80 71 27
40 90 91 91
23 27 58 84
8 93 52 69
52 65 91 67
12 44 56 48
30 55 60 29
19 78 58 8
8 84 31 55
67 99 85 1
10 98 33 41
26 85 61 27
17 56 12 18
62 96 62 73
3 4 58 9
24 69 45 27
8 35 50 53
30 53 72 88
12 77 7 1
97 99 9 86
11 21 100 34
53 96 41 26
3 42 48 48
14 15 71 65
68 85 67 18
6 100 18 9
11 53 49 53
75 85 90 85
91 98 69 45
18 35 100 84
20 87 9 47
13 93 94 30
47 52 6 44
1 90 19 38
80 93 17 17
59 93 86 13
35 66 62 94
29 88 57 93
43 77 75 59
46 64 86 22
64 80 61 37
7 67 29 46
2 33 92 31
59 96 33 10
54 84 12 1
32 92 19 40
15 45 27 9
36 42 31 49
72 93 46 73
48 69 77 49
7 51 92 55
47 74 6 23
72 73 7 76
23 55 18 30
88 97 84 63
71 90 28 20
52 54 20 14
67 74 64 6
45 92 84 38
24 66 54 57
60 79 94 51
14 87 50 66
71 85 88 45
6 57 66 35
11 32 81 79
83 84 12 14
32 85 88 9
35 77 95 54
68 75 77 4
35 61 20 1
40 44 52 13
13 74 44 27
87 89 53 45
2 90 71 33
39 59 91 44
12 91 48 33
23 75 71 83
50 86 82 60
31 76 21 51
93 98 50 66
6 63 49 94
21 28 51 83
23 30 34 5
40 77 2 15
61 86 18 96
50 74 51 30
57 68 87 67
21 50 68 59
67 98 6 8
64 84 2 54
12 97 31 90
10 55 96 33
43 52 45 91
6 94 34 45
4 45 8 57
39 62 26 60
4 47 48 6
68 96 1 84
38 81 37 46
46 76 89 70
69 80 50 8
39 65 81 40
13 82 29 77
43 64 11 47
29 98 6 13
27 62 30 37
60 76 69 2
5 56 5 17
37 46 72 30
50 82 3 79
19 30 18 43
32 99 53 71
53 72 74 92
2 51 2 69
39 53 93 19
44 80 82 66
7 82 73 95
26 55 64 61
19 84 69 68
2 25 72 5
18 52 9 91
49 90 59 3
25 76 6 93
41 50 74 74
49 99 67 61
44 94 54 35
47 75 30 17
22 64 58 64
64 70 31 56
38 57 97 15
74 95 75 42
30 76 67 56
87 95 79 69
37 44 50 95
69 87 74 25
44 62 57 51
29 56 37 35
32 79 4 32
50 53 92 19
16 83 16 47
42 53 58 73
32 67 18 79
73 89 100 47
21 26 63 46
20 86 1 53
86 91 42 80
10 54 88 29
33 67 76 14
50 58 97 10
72 80 68 78
39 66 46 46
45 76 73 34
32 81 11 36
31 38 51 46
66 86 10 28
61 82 53 71
76 93 17 43
14 51 88 77
27 40 72 25
11 18 84 58
16 46 42 31
39 97 48 74
61 87 83 87
8 32 47 89
15 59 84 37
4 68 87 67
19 75 60 86
16 34 76 38
29 100 53 97
37 40 59 62
36 71 24 30
72 84 100 26
45 100 82 62
34 67 33 65
59 97 70 56
27 89 69 91
33 84 94 28
66 87 89 59
54 75 83 16
37 84 10 61
17 86 78 47
21 54 59 4
60 62 28 70
44 98 95 72
33 76 70 96
90 95 44 64
75 89 70 45
2 56 41 75
5 31 80 55
28 63 34 71
28 89 65 44
1 67 18 1
70 74 60 65
14 40 40 42
58 89 51 95
83 93 63 1
36 89 94 19
58 92 43 1
7 75 37 18
23 44 46 68
49 69 76 28
29 84 8 48
16 41 94 32
61 69 9 86
37 61 67 48
28 72 50 78
47 51 91 42
19 50 33 56
13 16 43 96
18 23 39 35
51 80 78 90
36 92 34 28
15 32 94 20
38 39 66 33
53 70 23 78
23 39 74 38
88 94 28 34
16 23 61 39
6 25 47 90
8 75 95 72
45 60 5 14
40 48 87 25
67 82 76 42
36 43 1 62
31 100 22 79
52 63 96 25
49 53 45 69
5 62 96 20
63 83 10 54
4 33 4 86
28 81 53 99
59 84 86 36
22 63 46 85
48 72 84 59
17 82 68 80
63 66 70 83
27 36 58 62
5 23 84 50
18 80 78 88
34 74 33 59
32 48 65 1
28 96 35 21
18 89 12 84
1 93 35 66
16 99 59 26
87 90 80 73
35 45 59 56
83 92 64 2
5 76 48 5
39 90 33 100
50 73 17 30
54 81 27 25
37 73 25 63
14 55 89 24
46 51 55 2
14 77 39 57
8 16 63 89
15 44 7 99
81 86 44 84
13 76 23 85
13 24 17 78
51 69 5 16
71 76 64 63
1 46 57 27
26 72 3 72
42 77 84 73
17 75 53 31
21 99 87 98
13 98 70 82
16 89 86 40
1 15 98 88
19 60 20 62
77 94 1 71
57 100 100 38
52 81 99 7
21 41 39 72
42 67 8 2
10 91 63 24
54 86 28 47
14 46 16 86
49 55 41 88
85 99 87 69
38 82 57 33
18 28 55 55
56 99 71 7
22 29 54 26
72 100 98 29
5 75 56 25
11 43 80 51
41 91 13 73
20 53 39 88
24 95 74 56
31 39 5 42
4 76 54 52
22 56 69 39
19 44 75 10
61 99 100 22
27 74 60 42
15 48 2 32
30 88 27 5
17 67 91 9
76 84 18 68
42 83 1 90
11 85 8 70
31 68 13 5
13 52 78 53
27 43 45 60
64 73 29 91
73 75 88 96
11 31 57 12
83 87 4 6
16 32 75 78
19 87 48 8
43 92 70 24
31 62 41 14
47 96 67 46
53 57 8 79
68 98 66 64
31 81 48 14
49 75 10 96
61 83 33 82
3 94 73 16
13 46 58 88
3 17 85 98
10 38 84 71
11 84 14 11
61 93 9 7
56 84 41 4
11 28 16 9
26 81 45 77
12 73 73 79
34 65 19 1
3 92 85 78
12 92 20 9
31 65 71 78
17 54 85 50
7 64 38 65
75 100 13 81
27 68 37 59
42 81 39 91
7 9 28 22
2 43 48 2
2 17 26 19
28 53 43 58
36 45 16 50
32 89 20 93
46 87 5 42
36 46 8 39
60 63 3 14
66 70 54 7
12 43 31 47
12 67 60 37
95 97 24 39
2 49 31 25
30 37 26 98
1 71 19 2
21 87 39 10
1 17 98 78
36 74 42 30
1 37 64 12
37 77 89 72
67 85 52 100
89 96 35 99
11 95 61 30
52 80 21 66
20 27 85 62
12 17 95 95
13 72 6 59
26 95 89 85
5 86 15 72
23 88 4 1
2 59 6 72
23 84 40 78
9 10 95 78
58 69 85 28
50 69 32 97
63 67 47 40
73 80 30 13
4 66 78 82
33 37 67 11
18 26 56 50
70 88 13 58
50 72 71 73
44 59 7 15
16 78 81 26
86 97 96 85
66 99 22 86
81 98 51 42
11 89 24 77
6 35 84 84
25 40 78 23
23 60 76 43
21 56 88 83
73 93 56 74
24 79 97 32
20 25 94 2
22 44 23 17
34 72 100 78
54 97 4 76
36 68 37 37
58 97 32 82
65 78 7 40
5 43 34 11
11 71 50 68
32 39 15 52
8 63 4 28
43 56 49 23
24 47 21 3
27 37 30 66
38 83 9 31
8 42 68 49
20 99 10 79
56 65 48 53
37 47 52 86
59 90 36 74
4 24 73 55
2 52 99 56
27 93 82 89
24 85 68 68
42 68 61 96
57 80 91 34
72 79 92 87
38 80 1 57
45 57 16 50
78 84 13 100
56 72 30 89
15 64 51 58
58 63 88 14
6 87 54 80
54 82 71 12
35 62 48 84
48 64 63 62
2 55 74 45
8 41 53 42
8 17 9 7
14 48 91 87
21 75 92 44
79 94 2 85
20 65 18 39
10 43 61 18
8 27 100 50
13 69 48 79
10 25 25 11
76 85 20 63
27 78 19 51
15 65 32 11
54 67 1 52
4 91 7 87
29 65 14 77
50 94 10 35
5 79 46 9
10 58 72 35
43 75 53 5
54 88 73 60
5 59 92 85
48 63 29 70
3 56 52 88
57 84 66 42
45 49 71 72
44 85 47 50
23 64 50 96
40 80 23 59
14 95 15 85
4 93 7 58
56 100 74 41
27 29 9 19
25 31 49 11
50 92 18 19
39 80 42 26
72 81 24 21
38 40 50 63
10 81 73 30
23 65 85 73
89 93 72 98
43 62 42 42
10 71 40 5
54 95 91 90
42 97 28 52
3 86 53 98
62 69 57 12
2 98 28 15
4 42 48 40
37 64 1 51
74 85 40 49
8 34 32 76
68 86 22 73
34 37 79 53
52 59 99 3
1 22 22 73
21 45 53 4
43 90 85 48
60 73 11 40
5 97 64 50
28 39 99 53
38 58 80 49
42 58 67 2
42 57 41 69
37 76 21 17
59 61 92 58
34 70 73 43
45 62 94 31
9 82 69 58
18 38 9 56
46 90 45 41
79 84 21 96
62 93 96 82
46 95 10 66
22 52 32 91
80 96 19 36
33 55 8 85
69 89 32 13
45 54 53 86
29 75 11 18
44 69 9 43
8 76 98 15
70 90 63 48
14 64 51 67
77 95 42 11
4 71 16 24
24 91 24 54
40 87 40 94
40 86 16 69
49 57 32 21
5 55 10 88
27 94 10 43
47 93 85 72
23 93 83 10
22 79 5 84
27 54 27 86
6 15 79 75
24 42 72 73
77 93 66 69
22 99 7 46
13 34 71 33
13 88 72 63
17 94 90 47
2 85 77 22
68 88 10 72
7 62 71 62
49 66 67 32
51 53 58 27
43 95 15 62
9 27 32 100
46 48 8 31
80 100 45 1
21 71 30 24
10 11 64 85
39 54 9 85
73 76 54 44
12 81 97 48
20 40 2 83
70 80 90 75
79 85 63 39
31 43 18 99
64 72 87 77
2 64 49 2
17 59 34 83
46 60 32 12
16 96 41 88
59 85 58 32
22 87 35 1
60 88 82 60
91 92 91 54
29 40 16 73
46 57 40 11
16 82 7 20
30 60 17 68
12 32 69 52
63 71 1 65
4 36 64 32
58 76 50 52
56 63 25 40
59 87 8 45
3 31 72 42
51 64 43 70
55 61 50 22
59 91 16 63
45 64 47 94
50 97 98 93
75 76 15 18
88 95 85 89
43 49 75 77
1 77 73 18
27 47 81 43
5 72 2 62
36 98 99 46
9 22 62 75
37 48 51 54
11 83 14 58
62 88 95 23
46 93 93 5
7 98 21 25
44 63 62 91
75 80 38 19
75 96 59 71
55 97 62 28
34 35 93 37
58 59 14 54
44 67 41 3
27 98 48 7
26 33 86 5
49 52 29 46
4 17 33 51
5 39 80 2
63 78 30 44
26 60 96 52
17 46 91 86
57 69 96 33
1 61 60 13
46 94 42 61
40 66 7 65
65 84 95 46
24 65 30 2
66 91 23 44
16 48 78 83
24 84 50 77
63 70 61 65
69 91 16 63
1 72 77 33
7 87 10 27
20 47 97 47
9 72 69 5
24 80 44 74
38 66 23 69
48 54 61 15
36 90 35 11
53 59 64 19
13 80 75 55
2 62 31 53
7 86 16 43
71 80 66 41
1 54 100 7
31 70 30 24
59 74 4 28
58 86 83 43
65 75 79 61
22 81 28 44
9 29 78 59
16 45 64 20
9 68 16 31
21 59 99 16
75 83 43 36
53 88 67 28
78 82 54 10
3 48 49 80
73 94 72 56
40 76 66 19
44 47 99 94
4 54 65 15
69 86 50 83
77 78 21 29
68 94 67 20
46 66 53 56
25 89 73 26
39 92 28 58
71 73 27 26
5 88 78 19
29 89 22 4
36 58 62 76
72 87 73 19
10 21 78 61
10 85 76 47
5 32 94 52
12 25 100 3
14 88 34 96
27 38 7 96
11 29 8 68
41 46 66 98
4 61 29 32
17 53 20 74
5 11 43 15
22 80 84 33
26 67 27 31
82 97 64 46
15 67 74 54
11 49 29 3
35 64 29 97
53 94 44 1
43 84 31 60
39 96 77 62
96 97 33 14
33 40 66 6
6 18 93 21
7 25 69 48
5 27 36 68
40 57 39 23
84 86 50 6
3 62 4 24
12 63 41 28
4 43 35 68
51 73 45 60
9 70 74 96
26 87 37 14
32 69 6 24
27 42 29 67
62 70 12 49
48 79 41 30
35 42 83 26
58 99 57 41
52 75 41 78
64 82 55 82
53 98 93 99
12 20 91 91
6 47 58 81
7 59 57 22
35 86 61 55
59 79 28 49
11 47 69 30
10 26 39 53
41 83 3 43
64 66 4 21
57 73 41 2
57 89 92 69
3 44 69 28
15 29 80 80
87 91 20 84
49 51 51 96
25 41 9 66
15 34 11 42
29 78 42 71
11 20 39 23
3 49 77 87
42 52 80 91
14 57 76 4
25 88 96 16
57 96 15 43
10 82 97 18
40 59 69 87
68 79 6 94
43 70 82 89
13 50 83 13
73 82 37 35
15 95 61 10
9 96 87 81
17 38 16 82
13 84 8 72
32 57 15 40
25 39 79 36
2 15 39 52
27 64 81 31
82 99 38 2
19 52 26 47
48 66 1 58
32 87 99 54
39 79 92 9
74 98 41 10
23 54 61 72
11 14 91 19
44 46 16 21
18 70 42 60
9 56 49 54
41 57 7 1
11 25 24 77
57 58 33 34
1 69 95 85
21 73 79 33
14 38 86 11
19 21 63 67
14 69 37 89
65 96 88 59
37 45 46 67
10 88 90 51
38 79 32 11
44 99 97 27
25 70 67 85
1 47 37 100
38 76 11 57
10 56 96 100
7 97 46 48
41 60 46 19
33 82 89 23
42 88 83 58
14 23 65 80
14 25 18 42
24 68 71 54
49 60 13 15
7 90 1 37
6 83 46 87
55 56 93 58
6 78 89 2
2 7 78 49
1 79 12 67
11 23 77 12
40 51 75 99
15 68 89 100
35 89 6 62
32 50 50 51
38 50 1 46
81 84 3 56
31 71 24 14
25 46 9 5
36 64 77 55
60 97 55 89
10 59 71 12
38 74 48 35
7 48 37 68
14 37 11 85
28 94 75 35
96 99 91 9
51 68 89 27
7 85 51 14
20 83 68 87
20 85 73 2
7 71 61 98
16 100 51 32
43 93 52 53
14 28 59 92
13 91 38 80
33 46 34 96
27 86 89 83
11 56 24 72
3 34 29 14
34 56 18 22
23 87 60 57
21 57 32 25
12 80 52 67
29 83 38 81
32 34 21 89
12 22 48 12
54 77 42 37
53 86 48 7
84 98 19 25
52 91 58 98
48 77 1 41
4 63 49 61
15 62 18 43
55 66 61 40
83 91 35 88
37 51 30 58
10 34 48 54
24 62 50 26
30 72 33 43
15 40 94 92
12 64 74 34
78 90 19 75
55 96 54 56
71 99 58 79
53 99 100 20
8 67 56 3
20 64 57 59
15 94 44 43
20 94 45 39
51 79 37 48
38 87 22 66
23 80 66 90
2 86 50 44
56 81 98 30
18 20 57 49
56 73 85 51
49 76 98 45
47 50 53 30
9 21 13 24
72 88 98 98
62 65 15 35
62 63 14 9
1 16 30 41
15 63 8 31
73 98 63 54
25 43 63 25
51 98 23 15
17 49 41 12
35 82 70 63
66 75 80 68
18 27 26 53
78 98 100 60
32 64 30 10
26 77 24 59
24 53 40 75
33 77 16 16
2 80 35 46
9 58 79 59
46 78 32 49
44 51 82 73
33 78 93 10
18 92 13 89
7 38 46 89
21 79 5 16
17 97 19 33
13 14 75 84
14 54 94 13
40 45 59 34
21 95 54 59
4 49 98 75
5 49 55 98
68 83 64 66
12 42 70 77
2 23 69 54
48 93 42 19
10 33 98 6
98 99 95 66
10 96 98 5
7 93 68 89
15 16 99 43
71 79 10 22
23 69 22 78
3 41 28 7
70 100 85 61
55 98 71 68
88 89 52 83
80 88 83 3
10 57 21 80
59 70 17 31
33 73 71 64
28 88 74 45
1 75 81 53
6 11 1 12
57 75 6 32
39 85 94 88
62 95 59 58
96 98 10 10
7 74 72 6
34 95 10 81
7 20 84 71
32 62 40 12
16 65 37 84
9 37 60 92
26 93 47 69
30 66 47 82
38 72 11 47
36 66 97 65
11 67 47 75
16 84 1 70
77 91 100 16
16 91 18 86
59 98 55 7
63 85 14 77
1 56 77 85
65 93 97 59
9 88 39 85
32 70 62 90
47 64 53 34
40 69 80 42
61 91 54 46
24 59 58 57
61 81 100 57
15 99 49 79
46 92 76 62
55 83 24 7
27 82 18 5
15 33 19 16
35 59 91 7
78 87 6 11
24 92 82 55
5 35 64 61
10 51 94 61
32 38 22 21
56 62 42 83
48 85 77 73
29 37 93 77
58 95 33 81
7 11 51 40
5 25 6 4
44 45 26 39
17 61 18 17
2 79 80 71
71 86 47 100
53 64 31 14
2 42 65 59
11 16 10 94
43 74 99 69
26 39 10 91
66 98 15 79
28 65 15 68
54 64 84 51
1 64 29 57
9 90 39 75
57 63 100 74
69 70 75 74
60 92 47 14
31 73 55 30
63 73 87 25
20 72 6 6
60 74 20 81
41 99 54 17
29 63 34 74
47 79 57 58
11 13 97 19
81 99 52 100
56 79 74 18
8 52 84 34
19 91 9 100
47 94 7 53
15 88 34 35
53 58 10 4
2 91 75 93
31 99 51 82
18 82 74 69
6 68 4 95
81 94 12 70
32 78 81 95
28 62 74 65
31 57 20 24
55 86 23 2
4 51 2 2
10 12 53 24
57 77 7 15
47 90 31 8
5 99 47 14
11 35 49 3
12 74 16 14
80 84 56 6
79 91 42 15
42 72 81 54
22 75 23 78
30 44 94 16
70 72 28 96
20 29 48 5
1 57 48 24
44 57 69 28
36 54 43 72
82 90 86 46
8 98 7 97
19 46 73 73
25 52 49 26
33 69 21 83
55 57 26 25
51 63 17 46
58 70 53 93
3 7 92 87
2 29 62 26
84 90 75 74
15 76 36 26
40 100 23 16
47 56 95 49
3 13 30 41
29 57 36 45
57 65 30 81
40 41 83 67
19 66 58 79
2 53 79 1
47 81 9 21
53 85 52 50
63 68 82 66
49 87 72 27
17 58 18 51
37 62 66 32
48 98 27 20
24 30 19 8
49 68 19 23
66 100 92 90
23 78 92 65
47 98 57 50
17 57 7 26
39 64 97 80
86 100 36 64
5 18 41 14
12 57 82 27
76 95 92 29
28 59 28 8
16 28 61 41
51 72 74 56
41 59 78 28
6 13 36 61
20 98 60 43
37 74 79 54
14 92 29 57
11 97 61 60
6 50 12 40
35 55 93 45
18 41 60 26
40 71 50 16
3 26 36 80
43 88 88 49
70 93 56 33
69 72 50 8
13 96 83 29
9 15 81 19
7 80 63 61
18 87 57 27
27 34 68 89
44 93 91 13
86 92 12 32
33 95 70 16
44 83 75 72
82 88 94 45
1 55 48 61
24 58 88 39
7 28 71 12
14 82 74 88
7 94 5 78
9 13 53 100
9 11 56 64
6 82 75 6
22 38 35 19
1 2 56 87
5 16 13 58
6 92 87 16
42 50 35 91
2 21 21 71
20 96 21 78
22 76 46 37
95 98 26 43
8 68 43 59
51 67 20 91
43 55 35 35
32 46 44 96
6 10 37 82
25 73 53 46
59 77 95 37
65 83 49 10
6 58 17 17
60 87 8 58
5 74 72 31
3 89 22 100
49 62 53 71
32 73 100 42
37 96 18 35
48 57 61 53
37 65 62 36
27 52 39 93
79 89 15 63
15 80 41 75
20 93 74 32
14 74 18 33
53 55 71 34
9 59 71 13
25 84 21 66
37 95 23 28
27 100 52 2
43 96 79 47
14 73 100 17
45 94 22 3
13 15 86 16
10 45 75 24
30 36 20 85
42 90 20 66
7 29 81 28
11 91 6 45
60 98 72 3
21 67 54 38
14 59 87 69
4 7 15 43
33 98 35 83
28 98 47 72
30 61 1 55
7 79 48 43
20 57 61 68
30 91 4 17
79 96 56 65
10 42 46 50
25 29 46 29
9 85 73 91
29 39 92 83
1 38 69 18
36 78 78 39
75 91 84 26
37 92 13 99
15 66 33 86
6 40 43 9
62 92 90 60
11 37 91 35
19 88 38 13
9 89 92 15
10 73 16 9
35 76 41 70
21 72 91 8
14 50 62 42
42 66 84 61
5 45 68 23
67 78 41 1
1 13 40 41
24 60 54 86
28 83 54 88
62 78 45 15
41 78 75 15
70 85 35 57
6 70 7 91
8 14 44 10
74 78 27 2
29 60 96 96
39 76 99 46
54 55 49 69
62 68 16 71
45 55 34 41
62 74 37 51
8 39 54 60
31 52 25 14
57 97 49 91
5 84 8 93
26 30 9 68
25 91 45 85
58 71 18 14
11 45 27 37
26 78 8 12
19 54 97 12
65 85 25 44
27 60 83 38
52 98 48 86
28 36 76 9
28 32 23 56
24 40 66 29
26 32 5 21
39 61 2 52
11 30 87 34
41 74 33 13
61 70 7 9
7 21 15 86
9 31 5 22
11 72 19 33
29 91 86 99
57 98 91 54
47 100 63 64
16 47 1 11
43 73 15 33
37 91 79 71
38 91 28 43
45 99 4 35
5 24 65 56
31 45 4 32
13 66 70 69
3 30 88 87
20 56 69 47
1 70 70 97
50 89 51 34
55 81 65 91
16 75 46 27
90 99 31 68
42 43 60 68
12 50 97 52
18 57 100 52
42 78 64 27
30 71 27 52
45 63 75 85
24 55 42 70
22 32 31 83
4 11 59 36
61 84 62 43
21 55 70 80
1 89 20 74
80 90 93 72
9 76 3 2
19 22 91 57
33 39 3 13
73 87 77 13
4 13 21 91
53 87 89 24
57 72 44 67
72 99 48 89
3 33 82 14
13 77 85 11
5 91 97 24
5 80 11 12
69 77 14 25
22 67 93 46
7 50 20 91
11 68 88 32
22 30 96 52
44 65 63 41
52 53 36 2
8 70 24 87
35 85 83 65
53 63 91 12
10 61 81 65
9 57 55 87
50 52 42 53
56 89 76 54
80 92 44 2
46 71 46 73
28 93 67 70
30 41 20 96
23 63 91 72
43 89 8 10
69 84 36 69
43 87 26 30
25 69 3 5
57 91 65 5
28 100 2 77
54 73 24 41
40 92 84 77
3 90 71 10
27 91 82 91
52 66 53 50
32 43 24 39
15 39 48 64
30 70 21 87
87 96 37 85
30 38 10 2
22 50 24 21
14 20 91 93
33 43 87 21
18 90 25 96
46 69 79 48
50 100 45 16
6 41 34 9
42 48 83 36
83 98 92 64
16 43 47 67
10 37 29 63
53 66 30 8
67 73 92 98
15 25 47 59
16 57 44 41
14 62 61 66
29 74 79 92
23 31 78 95
25 49 19 75
48 88 26 9
11 69 15 19
16 36 55 24
20 82 26 37
45 87 97 57
34 54 50 73
4 85 36 51
50 76 23 94
4 40 79 17
8 99 22 68
55 84 59 91
22 28 82 89
24 49 43 44
8 86 33 98
12 66 4 88
1 40 81 89
49 86 28 88
54 74 70 34
90 91 85 61
38 51 44 59
79 86 20 60
81 85 98 33
45 82 21 93
17 20 67 42
76 87 40 11
24 73 21 5
37 79 14 40
37 66 71 40
16 33 37 50
35 88 47 43
87 97 34 30
19 96 6 71
11 92 53 78
36 67 27 68
67 69 98 98
13 94 25 48
50 79 79 34
55 71 52 38
23 67 28 5
22 100 45 74
31 53 22 48
64 93 4 42
23 90 88 83
52 93 73 80
11 90 23 34
9 18 8 78
76 77 40 78
5 82 70 67
42 95 93 87
1 34 81 35
10 48 50 41
4 67 76 27
75 99 66 57
49 71 42 66
70 97 72 36
11 99 83 10
36 62 2 100
80 87 43 99
52 94 79 6
1 50 22 58
4 26 70 29
45 74 34 86
12 18 23 67
32 58 29 41
34 86 76 90
52 97 79 43
71 81 80 35
9 64 66 49
63 99 89 64
20 91 60 13
30 84 60 68
17 95 65 19
25 97 48 3
6 21 82 77
16 95 74 89
8 74 8 73
46 47 20 8
14 80 26 36
42 87 74 11
26 56 85 100
30 34 36 68
33 50 54 69
77 87 68 19
61 79 3 8
1 25 96 1
47 68 19 85
70 87 6 79
20 35 65 26
19 80 71 15
26 57 33 98
4 18 16 28
50 77 48 24
27 87 77 63
1 92 60 64
31 79 11 92
57 71 34 93
53 61 21 14
5 66 83 30
28 49 49 94
2 74 24 78
95 100 64 53
45 58 58 54
67 97 2 58
13 58 9 7
42 54 38 12
78 83 24 38
44 52 71 97
6 23 6 12
2 13 68 81
3 12 83 93
32 68 22 75
85 93 1 31
24 56 70 80
27 57 82 75
12 14 63 59
10 44 68 24
46 68 43 87
34 85 37 73
14 42 32 32
18 93 34 49
31 37 22 87
3 81 57 25
17 30 23 89
37 82 73 43
28 97 82 58
91 94 91 37
33 79 29 24
16 26 66 39
74 80 53 86
27 63 100 38
69 100 32 71
8 53 86 58
5 30 93 77
50 98 44 23
41 98 86 33
9 26 96 13
6 45 11 100
76 99 61 17
50 88 72 60
50 55 93 45
23 36 40 80
29 50 93 64
25 94 41 91
7 95 84 9
35 97 23 37
23 86 21 41
78 91 56 98
23 73 44 8
89 90 16 56
81 95 12 92
15 58 27 80
42 55 38 78
7 91 4 50
49 93 63 16
55 64 92 51
17 24 49 94
43 59 60 82
94 99 7 77
36 55 85 86
24 72 82 37
5 77 53 56
4 44 2 2
53 54 74 78
50 71 95 34
49 97 26 17
27 69 26 26
37 42 62 65
20 60 54 21
51 65 60 28
47 77 16 100
34 93 1 73
30 82 79 15
52 79 62 49
59 89 9 61
70 86 88 30
64 97 44 21
88 93 46 37
48 55 72 34
6 51 6 17
17 69 75 88
17 72 77 32
1 28 92 14
20 22 2 44
49 80 81 6
35 75 55 32
31 41 92 90
84 96 59 79
55 91 2 47
1 85 21 4
11 78 20 86
35 83 67 41
19 38 29 45
61 64 32 79
41 65 17 79
39 60 3 88
15 96 4 55
28 85 49 25
8 47 77 9
8 40 61 53
41 70 13 39
5 52 7 71
60 71 24 55
32 65 80 79
1 59 73 9
7 70 41 5
25 62 14 24
63 96 64 32
1 87 20 50
37 52 35 82
26 52 5 89
6 53 3 35
27 90 85 75
21 34 31 61
35 81 8 46
20 89 93 92
28 44 61 88
66 93 45 51
60 69 81 54
54 87 54 51
23 42 36 8
35 37 86 46
10 49 42 16
23 49 56 24
21 70 50 6
16 54 16 30
8 100 93 5
65 91 36 54
51 97 30 64
55 58 14 82
28 55 58 86
17 42 17 87
39 40 22 31
78 89 57 24
8 50 25 14
59 66 18 44
7 56 88 82
5 65 71 90
18 100 51 31
20 90 66 46
66 82 39 93
64 88 57 49
32 80 28 74
45 75 63 38
33 49 74 56
93 97 94 75
7 54 87 70
71 84 97 37
12 46 11 85
35 56 68 80
44 71 46 40
29 34 50 16
51 82 14 16
6 12 32 75
9 78 8 79
38 54 24 86
31 91 41 11
52 95 15 21
3 25 97 27
85 88 31 49
17 37 27 63
76 80 13 84
32 49 25 39
2 39 21 62
26 92 80 33
17 48 12 54
39 46 18 42
1 82 98 98
63 97 24 71
19 47 2 86
22 86 72 51
18 78 80 78
58 100 94 35
12 75 35 2
7 69 39 27
44 95 14 71
2 84 44 49
55 76 35 92
12 36 11 27
41 95 29 62
38 100 24 29
38 65 1 42
49 91 48 99
42 79 58 26
24 93 100 49
82 98 40 4
56 77 71 69
51 88 27 52
28 80 76 79
45 61 99 18
1 20 88 60
9 48 42 38
40 56 95 37
12 37 25 97
60 67 99 100
14 24 43 3
35 72 47 98
3 78 94 31
57 67 12 2
14 30 58 74
14 86 54 19
38 94 18 22
38 99 40 3
6 77 84 62
76 98 68 13
2 78 5 34
53 81 50 77
39 89 40 61
13 41 66 1
22 48 95 31
60 61 41 16
28 31 8 57
52 55 82 27
53 95 59 41
20 62 58 65
7 14 96 82
10 86 12 99
56 91 50 50
12 79 61 8
5 38 91 25
38 88 11 68
29 41 39 70
4 55 6 95
24 48 72 39
87 98 38 91
23 24 83 5
48 58 24 41
29 33 32 95
89 99 25 61
25 34 29 21
13 78 90 94
51 62 60 81
53 73 7 51
30 52 32 56
12 94 86 33
13 35 90 47
2 89 9 36
49 94 16 3
28 41 87 49
22 42 15 39
65 68 72 58
7 99 83 10
14 70 5 96
9 98 92 95
20 80 56 37
17 80 5 81
14 34 38 13
14 94 52 21
9 52 82 73
60 94 15 75
43 68 2 61
69 71 33 53
27 75 35 58
58 61 80 59
28 74 40 82
30 45 55 8
17 71 87 99
2 87 92 31
18 64 56 66
40 75 85 89
3 57 7 52
20 37 11 30
46 84 31 30
62 71 44 95
82 83 26 38
52 100 61 64
6 37 14 31
13 57 9 81
47 63 92 14
3 39 63 35
6 74 48 57
4 70 97 84
33 51 1 36
1 5 52 61
75 77 83 6
33 80 36 26
33 41 22 77
6 24 44 23
74 77 43 24
20 74 29 29
2 9 45 25
60 96 80 4
6 99 31 36
16 77 75 22
2 36 1 67
42 73 6 7
46 62 57 21
27 79 34 5
67 96 31 66
48 80 92 14
40 62 75 20
51 70 1 6
9 53 83 26
14 31 8 6
10 39 9 17
53 93 17 19
92 98 76 9
7 68 40 83
46 74 75 97
42 85 24 11
12 28 34 93
14 65 67 38
60 72 29 74
5 96 1 8
32 84 96 9
18 66 82 51
34 91 5 28
2 61 29 3
59 68 91 51
63 77 74 58
62 87 73 98
76 86 92 68
14 18 93 15
50 96 39 88
5 37 27 68
23 59 1 63
32 71 23 51
67 89 4 73
4 21 42 60
19 94 12 77
55 70 43 35
38 92 48 99
27 30 19 24
20 38 18 41
3 80 84 67
4 87 77 66
9 54 25 72
75 88 25 84
91 93 88 74
8 43 94 65
75 93 30 98
81 89 82 34
46 98 84 100
63 69 28 89
42 64 32 69
19 25 92 70
23 51 46 93
6 90 51 87
2 72 14 41
64 98 44 19
34 52 19 78
48 83 15 26
1 7 23 96
15 86 67 42
54 83 78 12
26 49 39 28
12 78 88 1
10 16 100 38
8 55 19 94
7 27 42 2
9 60 21 88
88 100 20 79
20 63 15 11
17 92 96 51
1 14 38 10
5 47 53 67
58 80 47 39
51 71 87 50
81 91 72 66
2 19 95 9
71 97 56 65
21 65 53 97
23 45 4 56
46 50 3 70
28 57 82 39
43 72 56 64
16 70 16 93
44 77 41 41
27 65 81 59
42 56 22 71
33 64 18 73
19 98 60 75
28 68 53 38
1 78 25 67
12 70 62 100
5 94 36 57
45 88 17 58
18 24 81 91
