100 4505
9 92 32 69
92 94 25 25
40 84 28 6
5 100 21 47
34 99 61 21
7 26 74 48
16 64 32 73
23 84 69 80
26 40 100 77
67 81 76 2
56 94 55 69
70 93 93 91
15 22 78 76
42 93 18 90
64 94 93 87
11 62 23 29
11 82 54 47
57 78 67 40
38 59 96 45
24 35 39 49
65 77 51 52
60 66 76 51
25 27 99 20
13 29 28 79
53 65 20 85
14 69 26 30
2 60 40 56
4 10 76 53
85 96 32 42
77 92 80 69
1 65 76 11
16 66 63 97
31 32 58 16
33 56 59 27
9 32 3 41
3 34 41 34
7 96 12 86
15 63 79 91
6 57 84 42
12 36 9 19
22 59 1 67
49 87 78 61
8 24 80 14
11 29 59 6
65 87 3 63
46 70 36 79
11 96 43 40
30 52 5 57
7 44 38 98
18 57 97 59
72 96 54 17
13 62 89 38
12 76 21 11
18 52 35 86
64 98 95 49
8 80 87 23
4 97 4 16
58 71 89 49
35 71 81 90
83 97 76 45
19 43 71 18
89 97 54 74
77 87 91 14
48 69 32 75
21 42 87 38
38 67 54 60
64 99 74 33
27 80 14 89
32 65 55 21
46 97 83 5
17 37 91 30
25 63 14 40
24 27 51 68
4 25 98 87
36 59 23 98
71 89 63 81
34 74 56 48
37 59 82 70
15 16 18 84
71 84 71 78
58 66 23 89
25 88 58 42
21 57 26 70
33 48 90 36
83 100 99 85
25 52 11 52
23 39 33 46
59 90 62 34
57 93 35 47
17 88 100 20
93 95 73 52
46 86 36 9
21 99 18 52
69 74 52 48
33 42 68 64
66 68 30 74
36 38 39 86
15 38 80 85
3 62 37 75
30 33 10 22
18 97 75 5
39 91 57 20
38 45 25 36
33 95 91 23
19 57 41 84
15 68 37 39
53 67 67 33
2 44 82 9
46 71 33 22
21 51 38 60
21 74 20 8
26 76 19 50
60 70 83 42
38 60 6 77
17 60 17 13
86 88 63 52
10 40 16 81
66 87 62 97
55 61 8 19
16 86 52 82
66 86 77 69
4 83 55 52
28 45 85 94
19 24 15 16
47 63 83 42
78 83 100 17
31 65 8 3
37 46 46 43
3 6 53 53
69 78 18 34
15 73 87 100
61 72 55 5
92 99 8 20
30 83 41 28
9 73 56 53
14 82 55 64
31 52 45 69
19 93 57 55
64 69 55 10
12 83 20 20
2 88 27 92
9 63 85 26
39 69 1 39
42 50 58 88
59 91 84 87
49 84 84 56
50 82 61 85
22 43 54 93
25 86 8 60
59 80 15 26
32 41 87 53
57 95 78 35
12 97 50 53
4 43 45 50
21 81 77 43
34 93 5 100
14 15 57 69
2 75 62 62
23 74 4 69
55 59 58 98
76 77 1 39
11 90 82 23
45 80 25 60
4 94 2 14
15 74 70 16
33 87 63 10
55 76 90 60
82 92 40 74
25 58 23 37
53 61 24 100
7 16 42 20
44 47 92 23
48 53 18 68
51 71 94 94
68 78 5 61
4 84 84 60
20 97 3 92
17 66 64 77
37 55 96 83
89 94 60 97
9 38 78 64
13 58 23 59
34 62 95 69
17 18 94 80
2 63 51 11
84 93 49 68
63 64 81 81
9 36 43 45
2 62 99 65
12 65 37 39
21 82 14 68
68 73 68 76
12 71 4 38
79 88 96 76
51 56 43 21
57 83 57 47
17 75 35 7
52 67 22 100
3 98 46 63
26 89 30 70
48 100 71 52
32 36 1 6
9 71 64 52
3 45 45 59
20 77 80 65
24 95 40 66
70 74 67 97
16 25 55 90
62 81 29 11
24 82 55 38
8 48 42 10
24 54 26 46
26 85 73 16
43 48 26 86
2 38 1 97
20 95 69 27
58 60 13 62
23 32 78 50
26 39 58 81
75 99 81 72
79 99 41 77
33 82 85 57
14 30 96 95
2 69 24 54
40 89 74 22
29 44 48 75
11 99 86 43
18 59 51 34
43 66 28 46
20 37 89 89
28 78 85 35
41 63 56 78
82 90 74 44
46 48 6 44
44 88 44 99
8 40 27 14
37 75 52 3
71 93 34 27
87 99 25 94
52 92 91 75
23 91 38 9
32 82 36 80
16 35 63 50
15 87 58 11
68 88 91 59
68 91 5 60
10 67 62 44
5 72 69 100
59 69 27 41
45 73 93 54
4 53 59 23
12 15 45 8
15 17 39 49
9 91 86 2
10 66 6 84
25 79 100 19
21 97 86 4
23 56 50 55
10 77 15 46
29 84 41 92
38 64 56 42
36 44 11 53
19 58 28 26
9 83 84 39
27 97 7 65
23 70 100 82
24 92 5 70
59 83 71 4
13 76 99 17
19 42 11 44
42 85 71 78
23 48 15 74
53 69 43 77
38 54 67 72
4 77 95 67
1 30 69 85
5 89 41 87
75 86 96 26
47 62 80 21
22 39 95 22
34 51 93 21
13 19 66 3
93 97 8 14
17 99 7 76
10 85 83 7
39 44 78 80
16 93 36 93
9 89 27 5
37 85 47 56
33 49 33 95
61 79 35 95
59 77 96 75
6 37 63 84
2 49 80 32
11 26 65 90
1 92 84 33
34 85 72 13
20 91 62 65
53 63 39 88
16 22 95 62
36 66 13 82
51 74 31 24
22 70 12 65
40 58 29 76
55 96 16 1
2 70 77 32
21 95 12 91
84 100 100 73
34 64 96 24
72 75 22 74
85 87 8 11
7 10 64 46
52 84 32 51
63 82 86 8
8 85 26 42
18 99 13 32
40 92 63 7
24 40 38 59
53 58 18 83
72 74 4 41
43 89 34 40
9 28 59 100
17 96 81 53
9 22 98 3
2 92 31 7
11 74 49 5
1 20 44 21
69 89 34 26
37 57 11 30
84 92 49 50
24 93 69 2
33 45 43 37
11 28 43 54
53 56 77 85
12 73 26 11
35 70 52 48
62 90 66 7
8 12 98 64
31 64 46 78
48 73 67 26
31 39 50 2
70 76 36 76
37 89 98 43
82 99 75 96
29 56 39 100
4 16 80 18
88 89 18 24
23 58 88 41
56 62 24 85
64 93 29 67
29 55 5 67
8 42 69 6
42 44 52 51
44 79 21 70
18 55 97 84
20 40 92 84
7 58 15 71
6 21 30 61
2 55 35 42
36 95 65 69
36 40 68 24
68 82 66 18
19 22 94 97
11 52 37 57
86 97 7 25
91 100 21 38
47 54 98 53
33 61 67 55
35 56 36 91
22 54 38 67
27 95 31 63
28 69 36 26
39 46 99 12
4 75 98 21
78 81 98 68
12 78 29 35
52 86 15 19
8 87 87 18
48 99 11 66
29 75 84 42
42 84 54 54
51 84 40 28
37 79 71 23
76 80 33 25
65 67 31 35
13 33 11 6
38 66 56 18
32 33 15 91
27 93 71 80
68 75 58 90
4 59 90 77
22 94 94 78
8 53 68 55
93 98 16 54
27 94 61 66
19 87 24 100
3 99 31 3
25 37 92 15
53 75 54 73
83 88 35 85
63 93 25 25
19 46 100 24
19 89 32 83
39 63 58 80
34 73 64 29
21 33 3 33
18 26 24 76
60 78 1 30
47 90 94 70
70 82 41 36
8 41 93 93
2 23 35 23
74 76 95 77
7 41 7 6
58 75 93 61
16 58 80 72
54 65 6 62
26 27 86 98
57 62 17 86
14 58 28 94
34 70 45 54
38 56 79 24
28 61 16 72
13 95 5 78
31 70 72 90
38 90 86 75
19 50 16 30
46 96 17 33
21 66 6 16
9 29 29 12
4 63 61 45
54 81 64 29
3 33 87 10
66 72 54 66
51 59 58 98
99 100 95 95
9 43 54 12
5 77 58 78
81 89 61 59
30 93 98 76
51 96 90 81
24 47 30 51
45 51 13 65
20 45 31 97
72 73 55 86
6 16 41 68
1 44 2 67
3 7 20 81
22 69 82 11
35 41 42 13
14 70 99 8
35 53 88 24
82 100 88 61
46 81 48 4
31 85 60 91
66 81 75 35
27 39 66 42
11 57 45 67
20 78 90 49
6 60 39 32
59 78 56 78
72 82 66 31
2 31 49 84
8 9 60 48
42 97 71 76
17 72 68 35
6 7 65 47
11 93 96 25
10 34 82 20
64 79 20 37
24 75 88 27
17 78 32 29
63 97 57 95
18 53 72 13
27 63 99 38
35 100 15 80
16 47 48 69
33 79 78 21
24 58 99 13
45 66 26 83
24 26 77 75
37 49 5 15
7 8 4 32
81 100 44 68
43 83 22 38
9 87 63 40
19 35 40 59
62 98 94 33
6 100 42 28
63 89 70 73
14 83 33 4
44 85 9 97
70 83 11 30
33 84 91 33
19 48 81 99
16 44 46 95
16 45 92 61
96 98 70 22
33 52 28 79
34 84 84 24
16 28 11 100
23 65 11 24
6 10 68 96
3 93 42 86
24 52 77 87
58 88 66 22
64 87 38 82
47 66 46 50
1 72 71 51
90 94 1 4
28 77 18 40
44 70 1 7
4 74 64 74
28 43 26 43
45 82 80 93
18 38 11 97
15 25 50 47
70 81 27 54
40 73 28 39
22 83 5 25
54 74 34 19
38 52 75 18
22 99 23 1
22 74 44 74
60 82 29 3
69 91 47 71
62 92 74 37
43 61 38 37
19 52 42 20
40 57 42 78
62 84 91 25
6 19 58 78
41 69 77 81
17 62 15 55
9 74 46 24
5 6 93 91
67 94 8 90
4 32 68 80
24 55 12 3
44 56 43 91
38 46 12 18
26 71 8 21
2 4 67 86
47 94 25 76
85 97 97 80
1 38 19 26
4 61 63 4
35 50 54 100
46 66 36 51
57 74 67 94
80 81 29 12
2 17 79 95
3 28 83 32
20 64 54 2
26 44 13 29
20 96 71 7
10 63 53 6
12 23 63 56
5 56 95 17
16 37 41 24
35 73 58 2
20 76 19 94
58 70 86 7
44 45 98 92
1 67 10 75
33 88 49 70
55 91 78 28
3 52 89 61
40 56 46 94
5 94 62 83
36 85 6 58
14 81 37 81
48 80 23 100
21 49 25 84
67 73 93 28
31 59 24 5
21 44 44 24
32 86 6 95
56 69 38 85
1 39 75 97
15 27 31 88
54 63 20 71
27 36 76 26
7 15 35 27
61 99 66 93
29 71 16 49
8 70 40 15
15 35 1 24
32 64 40 21
46 58 40 43
40 77 17 31
12 18 69 53
48 68 34 53
1 12 68 48
31 93 88 10
45 68 55 17
63 83 20 30
49 75 72 27
38 80 71 51
57 90 51 63
32 34 22 3
67 84 3 69
66 69 96 62
15 26 65 48
56 96 32 97
77 98 99 94
25 53 49 84
36 94 26 55
42 95 4 45
48 84 43 30
7 100 89 75
4 6 20 35
45 96 14 31
22 57 57 52
71 78 71 55
17 26 40 86
16 92 75 54
7 35 20 43
32 84 32 12
6 74 15 27
2 91 54 25
3 71 19 5
15 90 56 98
86 99 61 85
18 81 92 56
84 96 25 23
15 76 48 49
40 48 10 36
4 66 56 99
88 100 87 31
43 82 49 17
22 26 82 94
84 98 36 13
35 74 9 52
1 22 26 12
36 56 48 85
34 77 54 15
21 54 9 85
43 57 38 26
29 50 9 98
69 97 61 99
34 66 27 28
65 89 43 95
7 80 73 44
19 51 90 92
20 73 98 92
3 72 92 46
14 100 44 69
3 89 35 31
14 31 2 81
65 70 35 1
37 91 82 57
10 97 17 3
12 51 37 42
13 86 29 46
57 85 29 7
16 95 61 77
5 90 73 74
41 76 55 26
28 98 6 19
5 68 27 40
32 51 48 11
74 88 74 66
10 29 53 38
33 54 17 87
37 43 78 39
26 82 3 62
66 75 1 55
18 77 19 41
30 67 12 76
71 98 8 30
11 46 52 28
12 80 43 3
51 87 26 100
91 93 1 36
55 87 87 48
35 81 67 73
91 96 95 55
5 48 16 33
82 86 99 5
9 53 99 22
47 82 17 66
75 84 100 42
47 78 72 22
83 85 41 30
6 77 70 41
19 54 84 55
28 57 9 45
63 95 1 9
36 100 79 85
34 90 33 91
48 74 86 84
9 47 33 39
5 44 99 74
43 70 93 81
44 99 10 53
13 24 56 48
38 69 11 3
27 77 67 2
87 98 22 87
58 81 27 23
31 76 5 69
13 48 12 89
44 93 18 69
13 81 73 85
48 64 57 60
76 89 72 61
11 45 52 48
35 52 8 50
29 37 14 47
17 74 68 86
32 68 62 29
52 95 83 33
50 93 9 1
32 35 96 66
3 21 97 29
34 57 33 19
3 22 6 43
13 61 75 53
2 26 28 66
54 83 12 81
9 17 83 38
28 97 30 93
83 93 85 34
16 46 24 81
50 96 88 48
37 83 49 22
65 74 68 52
38 79 47 54
46 89 13 48
3 77 51 22
64 65 26 21
1 93 20 14
4 64 10 22
17 32 7 99
83 90 88 35
68 81 41 95
61 77 69 99
51 58 82 38
16 84 38 81
79 90 60 89
2 41 62 10
63 86 87 6
19 63 36 49
35 67 2 79
59 95 22 44
9 93 45 52
45 64 29 88
12 90 58 81
26 32 13 3
30 68 50 80
20 57 57 52
26 84 59 73
29 49 84 59
4 62 37 22
1 25 41 99
84 94 94 58
12 31 18 81
39 70 19 36
12 92 67 79
19 70 30 70
55 68 34 80
5 99 89 23
20 86 80 100
59 70 90 26
44 64 45 87
16 98 75 64
88 96 64 58
43 72 60 15
95 99 85 89
41 71 53 66
14 62 21 1
29 43 2 7
26 41 64 84
39 87 16 22
12 42 73 36
31 33 41 25
5 53 6 80
55 94 77 36
5 7 60 10
73 88 25 9
6 18 71 40
56 83 51 17
74 100 13 53
31 71 6 76
24 69 49 23
6 53 95 84
10 26 73 71
37 71 85 73
34 42 35 99
57 88 60 82
11 50 100 14
28 68 71 28
5 54 41 42
36 69 67 35
72 94 26 39
26 91 94 32
69 96 3 56
22 34 27 92
51 93 37 78
73 89 73 43
43 99 24 18
32 37 38 13
19 25 81 71
13 87 96 79
27 64 2 61
3 26 64 73
28 76 58 86
4 21 73 100
56 59 64 75
63 74 41 40
30 97 37 83
60 93 40 48
13 71 44 1
90 96 94 95
16 34 12 82
71 87 11 63
5 52 17 44
45 86 56 20
32 58 27 36
32 98 7 72
42 78 11 63
49 70 95 52
31 47 99 53
23 100 70 37
26 33 43 67
41 84 6 71
31 61 58 89
26 92 13 43
37 68 59 8
6 91 87 2
12 48 37 51
51 61 59 48
63 91 6 51
26 58 96 91
24 44 84 16
19 98 87 35
62 93 4 3
38 97 63 30
54 55 19 36
61 84 8 1
13 20 87 11
24 38 13 61
8 96 25 9
68 80 84 28
4 78 43 76
87 92 39 31
3 73 6 28
22 48 52 70
95 96 91 43
22 62 69 52
35 37 20 15
21 40 51 64
43 78 77 8
49 60 84 33
35 58 21 67
52 57 84 6
27 33 52 9
55 57 86 12
8 67 67 92
30 54 80 85
13 98 19 73
10 20 57 23
38 47 24 64
30 56 11 12
28 48 18 72
60 100 22 87
18 63 78 23
70 95 30 51
28 30 91 40
40 95 61 20
10 33 22 19
55 65 33 67
50 56 57 84
14 72 75 59
38 55 69 91
90 92 89 8
8 44 97 16
2 33 38 87
22 27 6 34
18 93 12 93
92 96 72 45
25 48 55 73
42 59 79 95
61 65 85 91
10 42 28 50
4 49 74 98
61 80 68 82
49 68 32 65
27 62 73 70
52 79 90 36
45 89 45 68
55 62 84 35
64 100 9 33
78 100 44 30
48 70 86 66
16 39 6 22
24 89 94 53
58 94 22 25
4 51 93 4
15 54 55 22
71 83 93 50
15 88 7 49
2 85 49 87
86 91 41 34
2 61 74 70
21 28 66 45
10 53 88 7
29 74 24 69
58 84 51 16
26 87 96 62
69 90 14 22
57 77 87 12
46 94 2 91
14 33 63 54
4 11 82 45
3 43 41 99
67 78 11 9
18 41 57 52
36 99 96 84
25 92 27 30
7 12 25 64
28 88 84 19
25 67 14 84
65 91 4 51
62 86 100 74
47 91 16 91
50 98 34 3
70 73 51 17
19 73 79 21
21 38 27 53
44 77 44 38
29 38 54 13
21 83 79 59
28 83 16 66
55 79 65 73
38 85 38 52
5 12 45 82
73 74 39 94
78 94 4 81
7 74 59 97
65 75 37 60
44 76 96 33
60 61 78 56
26 46 87 22
14 38 63 21
9 88 97 21
52 89 25 53
2 25 5 19
16 40 76 36
35 80 96 75
17 45 81 9
42 55 46 32
39 50 83 21
5 55 24 21
19 91 12 6
45 95 1 99
42 96 50 53
23 76 95 23
58 87 72 32
16 62 35 94
26 48 64 96
11 72 9 95
85 92 56 47
20 80 30 57
46 62 3 78
42 99 15 94
25 97 79 5
2 11 72 91
28 38 72 96
84 97 99 91
68 69 71 72
72 78 5 64
33 91 97 64
23 40 43 18
43 47 96 5
13 55 78 72
31 68 95 9
26 75 37 2
34 71 16 25
1 51 42 78
14 75 50 71
92 95 30 79
2 100 51 3
71 73 92 2
20 26 83 27
63 79 39 53
19 82 28 76
34 55 42 47
5 84 96 69
48 86 24 21
36 60 27 98
31 84 67 1
49 53 80 6
10 50 8 27
17 68 85 98
13 84 86 60
4 22 12 35
50 51 49 97
74 78 94 73
52 74 4 25
69 80 12 35
25 40 92 4
13 94 73 61
6 44 10 83
1 9 40 7
58 62 4 1
15 48 67 40
14 28 7 26
11 30 64 35
38 99 53 15
19 95 23 39
67 100 48 54
8 14 67 90
49 56 55 21
32 73 75 18
21 30 25 37
2 16 90 83
31 63 63 57
69 79 27 40
7 47 57 53
30 41 6 86
16 52 78 7
80 98 75 74
46 54 2 22
37 97 55 27
42 52 95 32
4 56 51 59
32 87 45 19
62 69 53 48
45 69 32 10
28 32 70 78
59 76 90 12
31 77 83 19
9 44 39 62
24 32 37 90
53 77 31 9
13 36 69 3
3 84 31 92
47 53 54 62
8 11 31 93
45 77 43 69
26 68 41 49
35 64 67 1
11 67 89 49
21 79 33 81
6 88 4 89
67 93 80 32
30 59 27 85
14 91 43 7
4 90 35 84
42 60 1 48
37 69 13 14
25 65 55 10
45 53 30 89
9 20 93 18
45 54 38 90
26 34 69 30
22 78 40 19
55 66 15 99
8 92 54 43
89 96 2 11
4 5 49 47
16 80 35 47
75 94 45 11
89 92 35 64
45 72 25 16
32 72 3 45
39 96 35 64
36 78 48 56
47 80 76 96
5 96 100 88
7 88 19 63
44 75 11 39
10 35 54 82
5 51 20 37
96 99 22 41
94 96 98 24
30 51 66 81
25 49 3 97
29 51 14 3
12 82 67 7
3 35 14 18
6 99 23 59
44 69 70 15
57 70 58 37
76 100 70 53
45 58 5 82
35 93 79 67
3 31 73 48
33 65 19 57
17 21 47 75
18 94 74 45
22 98 82 14
47 59 93 49
21 26 41 30
58 61 29 95
65 66 52 59
60 84 89 91
19 78 75 82
1 17 94 5
10 62 68 94
41 67 5 92
28 93 100 27
15 99 18 14
41 83 26 34
27 70 92 85
10 27 55 7
44 96 62 1
33 71 60 27
3 90 70 63
1 7 24 43
59 92 37 11
4 47 60 86
22 31 91 31
6 72 76 79
43 93 95 61
33 37 9 43
44 94 54 70
85 100 27 46
14 60 47 4
13 17 61 97
59 85 1 93
28 66 69 1
28 41 44 20
23 55 37 20
93 96 24 17
59 66 54 18
22 46 25 51
10 78 72 11
3 32 81 22
11 22 50 83
10 36 63 71
6 33 56 66
71 72 22 45
60 76 24 13
15 51 23 7
54 72 24 54
1 15 14 26
24 85 33 55
2 90 96 18
9 14 58 84
50 83 34 50
31 89 83 65
48 81 27 21
12 41 54 31
62 95 67 100
3 44 52 58
3 36 98 50
5 75 91 81
11 43 27 93
51 76 35 91
79 82 75 67
26 30 7 16
17 95 57 58
1 6 95 94
33 35 7 75
17 38 76 95
5 74 61 13
14 77 81 96
68 96 27 22
53 71 94 34
11 44 98 44
2 99 49 17
30 79 64 19
29 87 37 44
1 16 93 32
10 96 72 24
40 49 73 95
17 97 63 62
79 86 46 89
60 95 65 29
71 99 9 94
24 53 50 10
9 45 2 20
15 84 65 44
3 53 10 33
31 55 46 99
20 92 65 18
19 79 12 1
42 100 21 5
34 88 68 42
61 78 97 50
51 67 41 36
25 39 63 82
72 87 91 29
35 87 71 88
40 98 58 22
75 78 90 82
16 94 51 57
25 31 91 99
1 29 67 76
2 50 42 53
56 97 74 69
54 73 26 84
43 55 21 71
21 65 63 7
38 48 85 91
51 86 33 87
39 90 93 3
80 85 92 67
50 53 78 94
56 64 27 5
76 94 63 98
16 82 93 98
36 93 23 41
35 92 10 65
11 12 87 28
6 62 39 84
31 54 66 61
35 90 25 8
45 70 18 98
20 87 84 44
62 68 37 39
1 89 87 62
31 94 38 53
42 57 89 92
31 42 12 93
47 98 82 91
69 77 14 93
47 83 44 57
40 99 87 12
24 96 64 72
19 85 15 62
23 88 70 79
5 50 30 79
8 10 99 87
1 64 98 70
63 87 65 57
71 85 27 67
1 75 37 60
24 78 60 12
31 98 78 37
31 100 52 97
44 89 98 77
27 46 40 88
9 100 86 21
13 88 36 42
30 81 64 87
24 88 99 9
44 72 20 1
73 100 66 75
65 72 67 90
33 99 76 92
5 14 74 73
78 80 41 3
18 84 25 38
5 69 30 51
9 15 88 75
13 85 73 22
49 67 93 70
32 88 90 77
82 95 91 27
78 89 54 30
20 43 70 68
60 91 90 98
11 49 63 18
47 56 38 73
5 13 100 20
53 85 93 20
13 63 85 6
56 66 56 54
22 45 77 91
42 62 1 26
15 81 67 83
11 23 74 91
44 73 94 25
27 61 65 37
58 64 24 60
72 92 16 39
79 94 66 1
49 74 81 15
70 72 32 13
17 46 11 59
70 80 55 45
38 77 50 80
50 71 22 10
54 100 78 80
53 74 9 79
13 30 35 14
5 25 50 92
8 99 34 25
16 99 29 86
5 63 80 70
1 3 100 11
29 58 69 66
81 84 45 84
65 98 33 8
58 82 92 64
35 78 52 74
62 63 61 67
38 65 70 1
25 89 33 24
62 80 27 1
37 65 67 39
9 37 49 49
12 98 81 65
41 68 100 13
67 86 68 83
1 63 8 81
14 73 76 38
13 77 93 8
22 68 16 33
49 71 98 11
46 53 24 22
31 53 86 79
74 83 26 21
6 46 69 13
16 20 21 39
50 86 21 95
3 48 53 11
22 72 96 51
42 86 44 74
10 69 62 32
24 50 36 25
59 99 6 1
14 89 33 82
8 82 89 43
10 75 39 88
4 28 85 70
17 100 51 62
42 46 64 94
79 92 81 92
36 88 6 92
64 82 22 50
4 45 22 8
5 95 16 49
19 76 81 50
34 47 1 40
14 39 99 54
48 71 66 87
43 75 34 31
20 88 21 91
1 2 73 73
40 61 89 62
25 57 32 100
62 82 79 15
38 100 97 56
61 100 5 1
65 99 66 24
14 65 42 60
36 74 33 67
32 66 27 36
2 40 57 30
40 70 4 12
44 68 8 20
12 29 99 65
5 49 68 95
54 62 90 20
10 56 16 95
55 78 23 8
19 20 13 79
24 97 78 10
22 37 62 1
3 91 14 75
17 94 97 65
76 91 94 96
66 96 75 74
12 63 60 64
18 36 62 19
6 51 76 23
43 92 50 69
20 42 91 83
88 93 22 81
3 18 85 67
80 88 27 58
1 47 34 53
73 96 54 4
43 88 72 28
30 84 70 26
50 85 9 37
17 89 99 16
27 51 49 98
43 45 71 25
64 80 40 98
83 99 33 14
46 65 79 90
88 98 60 96
79 81 22 28
19 62 19 81
29 46 96 15
74 94 27 5
86 93 6 52
37 98 46 16
64 75 54 1
51 88 84 79
27 35 56 39
82 91 58 66
48 75 18 17
32 61 91 50
57 75 84 48
30 98 4 37
11 81 59 86
61 97 70 84
49 76 72 60
33 44 66 85
53 100 88 81
38 74 52 57
8 15 39 32
40 90 37 55
2 34 84 84
25 91 96 81
56 81 98 4
44 65 6 82
35 99 13 93
40 64 26 61
19 69 70 30
26 52 38 49
15 82 82 84
14 17 7 71
6 78 23 58
48 78 53 34
63 68 32 7
13 64 5 40
22 33 80 74
17 84 100 93
34 97 71 58
24 28 86 35
2 93 4 73
43 46 8 26
41 99 36 24
2 37 70 19
77 95 92 53
6 14 98 77
5 85 24 31
74 95 59 36
82 84 53 49
58 80 56 32
5 28 72 68
19 61 62 77
44 78 94 97
53 62 49 30
52 65 73 2
28 89 24 65
27 73 81 14
72 91 55 60
28 72 89 9
58 67 72 14
24 34 29 64
55 97 73 29
52 85 17 11
7 24 12 3
23 47 36 47
6 20 79 32
31 74 91 65
32 39 89 52
35 42 24 64
20 31 99 27
65 68 97 88
34 82 75 74
90 99 21 98
8 32 63 47
3 96 5 36
53 78 70 57
63 78 40 78
60 62 60 88
28 29 95 26
73 90 49 44
38 95 54 71
83 95 57 27
34 100 5 37
2 9 56 13
57 69 37 62
16 59 26 39
14 94 70 14
16 77 97 7
51 94 74 35
26 59 77 59
32 70 82 75
57 60 61 19
50 63 94 84
31 67 47 54
27 34 82 15
13 23 1 88
20 94 1 20
50 94 85 9
5 78 29 1
6 94 10 48
2 57 34 62
16 19 31 6
25 100 9 55
6 83 40 25
19 38 23 11
3 49 96 68
73 83 91 80
61 63 92 80
13 46 16 22
16 17 58 88
26 69 85 54
61 76 22 92
79 91 18 56
16 41 48 95
36 42 17 17
6 24 83 94
23 63 99 79
22 55 86 63
87 96 47 21
53 72 36 34
15 58 19 39
15 37 60 95
67 90 91 100
68 95 32 18
62 99 57 3
7 94 11 35
28 92 8 78
37 51 49 29
27 40 86 51
15 85 56 60
14 98 36 82
14 79 20 97
57 94 10 43
2 94 83 92
2 51 24 41
36 49 41 70
34 46 41 36
66 88 56 52
56 79 17 83
36 81 83 63
10 37 4 51
7 98 13 6
8 76 38 75
31 88 7 22
84 90 90 60
47 97 49 85
29 63 95 64
4 92 37 44
44 48 27 43
83 87 24 19
15 31 58 62
4 100 63 3
34 95 5 79
30 37 84 77
4 20 37 66
35 85 67 86
12 46 25 27
13 40 27 2
28 50 49 74
19 60 10 24
23 60 82 38
1 36 89 31
69 95 24 43
12 38 19 99
67 74 20 98
73 77 17 79
9 46 86 47
25 93 64 35
1 100 86 79
8 90 90 44
7 93 97 40
47 55 25 4
18 73 76 25
2 52 77 11
39 85 14 93
26 62 50 28
52 98 90 87
37 54 69 3
6 27 91 87
15 52 37 97
5 71 19 51
5 18 10 5
16 78 95 91
32 46 33 38
17 69 71 88
33 67 58 7
33 100 47 49
65 90 36 82
56 70 92 41
21 86 6 55
58 63 73 82
30 69 72 67
9 94 36 91
74 89 95 61
11 79 80 39
7 99 82 47
36 82 83 86
43 49 23 44
62 78 36 81
7 17 23 65
18 33 94 47
63 70 67 29
37 76 41 45
29 59 63 55
70 89 4 60
75 80 12 74
6 82 8 15
5 88 64 54
78 92 90 63
34 92 77 35
56 86 95 3
76 85 54 73
26 100 52 25
9 16 90 72
14 95 94 29
6 80 41 33
1 76 64 21
44 97 96 24
57 86 17 14
15 66 36 40
77 90 100 97
8 74 74 79
9 25 2 34
73 82 75 97
2 81 7 8
21 76 87 4
52 87 25 18
55 98 52 90
20 67 63 91
13 38 53 85
20 29 71 95
40 71 53 79
39 82 27 31
26 66 48 59
50 78 10 56
80 82 96 25
20 59 59 83
34 37 75 1
53 59 84 48
14 35 69 51
19 66 72 51
55 89 15 34
40 63 21 77
10 47 82 6
13 43 68 7
49 52 80 16
49 64 77 17
4 29 5 76
6 35 41 18
39 60 1 34
33 78 52 60
23 46 73 64
32 79 65 30
21 32 24 41
40 43 83 43
7 85 35 50
43 58 57 68
36 73 74 66
5 35 27 26
11 14 21 52
31 60 99 79
30 88 98 36
70 88 75 70
28 39 36 23
81 83 17 56
11 39 16 3
29 53 95 28
20 90 37 49
15 96 25 53
8 20 64 48
49 54 58 52
34 96 54 72
25 30 62 74
8 27 33 98
8 71 54 100
30 53 22 70
44 51 66 30
32 54 70 81
30 57 12 57
20 54 75 69
5 36 93 37
75 77 5 10
15 57 10 20
10 30 90 83
13 16 88 5
43 73 54 67
25 74 7 18
36 84 19 58
27 52 35 12
15 62 64 59
62 77 67 49
37 81 10 64
20 69 17 23
18 67 28 98
81 93 85 55
9 70 28 33
33 89 50 47
48 57 37 82
32 57 72 69
32 43 24 72
23 61 76 66
5 46 69 38
2 83 86 72
77 100 84 24
8 29 78 96
36 63 73 100
17 25 23 5
12 56 60 95
41 42 2 45
18 42 40 95
41 94 10 39
20 52 43 28
11 92 43 78
32 50 55 57
62 88 58 100
46 78 99 83
77 84 73 49
46 47 25 8
69 72 55 68
42 56 39 32
7 68 62 7
11 53 65 29
61 91 44 25
18 70 31 84
4 9 58 86
8 18 39 83
27 92 59 84
10 79 23 56
64 83 71 57
1 66 8 14
8 13 19 92
22 28 7 3
17 70 88 2
51 80 38 57
70 78 1 38
39 62 79 39
20 41 77 99
52 91 53 97
70 86 29 86
22 85 23 34
4 58 67 69
3 39 63 91
20 25 61 45
30 92 26 83
10 21 69 46
54 71 54 63
69 99 100 8
12 21 26 42
51 63 31 78
14 86 74 68
2 29 65 51
42 68 42 77
41 98 54 41
73 80 69 7
22 58 16 66
35 95 77 28
80 83 100 73
62 72 63 71
38 78 26 59
32 48 4 93
39 98 100 75
10 70 56 70
58 78 40 86
50 58 21 25
32 44 3 50
46 55 29 4
67 95 90 25
38 73 90 17
23 24 74 98
59 88 29 93
13 44 17 89
4 41 12 44
53 99 40 61
50 64 43 91
3 51 90 28
16 83 4 17
74 96 19 44
69 70 83 7
16 42 23 31
7 56 73 61
4 85 36 90
12 26 94 20
18 32 87 26
65 92 56 97
46 52 28 77
22 97 14 10
44 46 96 100
30 44 97 58
46 51 80 83
37 50 20 86
17 56 28 26
89 93 63 11
76 97 14 4
42 87 89 28
58 79 29 37
31 66 23 44
91 92 58 61
6 17 28 17
27 76 14 27
46 67 28 78
78 88 63 29
25 29 18 29
44 87 2 2
92 97 58 29
5 67 37 30
94 97 96 100
21 47 22 90
31 38 18 51
43 81 45 6
48 88 57 94
19 53 60 36
13 74 49 43
14 63 18 83
41 52 31 83
3 19 99 49
26 29 58 50
66 91 51 52
14 27 65 18
18 82 37 97
20 70 37 51
11 20 33 79
45 81 40 39
53 92 21 32
62 87 64 98
38 51 78 52
29 100 22 82
17 50 96 78
9 55 40 94
31 56 73 25
25 64 41 77
6 67 69 50
45 79 52 80
22 95 37 16
20 44 90 90
79 98 84 8
31 95 9 49
79 100 20 98
48 72 77 9
16 71 91 25
44 92 10 71
10 23 98 40
33 73 88 64
27 49 100 47
25 44 46 66
77 82 73 56
1 87 24 21
36 72 91 7
46 56 61 9
15 46 35 94
24 42 38 89
1 78 60 59
23 35 37 63
6 49 6 22
21 80 47 96
4 76 49 46
22 77 74 99
23 49 12 41
19 83 19 58
79 97 18 78
60 79 75 99
13 96 20 7
31 57 18 30
18 46 89 33
12 86 61 43
15 93 12 20
50 52 13 62
6 25 26 33
49 73 59 61
1 83 63 83
18 49 81 15
67 99 93 23
71 94 54 100
28 51 17 93
32 69 12 60
39 79 81 65
34 59 94 12
55 69 58 54
19 36 76 42
22 29 54 78
25 90 74 85
92 93 95 9
60 99 69 31
71 95 48 54
25 75 55 13
38 50 20 74
66 84 58 17
86 98 14 37
73 94 26 12
3 87 99 21
27 79 50 61
3 4 15 47
28 47 68 41
84 89 29 6
39 86 51 83
78 86 88 59
21 70 91 84
66 78 91 2
18 56 67 26
15 61 54 84
8 28 13 19
82 98 73 28
94 95 5 28
27 32 63 12
12 35 3 15
18 96 7 32
5 57 76 15
44 80 36 80
19 32 40 81
48 51 90 6
43 54 30 63
10 12 1 84
22 65 16 91
53 64 24 16
36 70 55 41
41 62 94 97
4 31 20 15
8 100 21 36
59 62 31 3
7 20 92 13
42 45 83 60
9 78 4 3
77 94 60 2
17 61 80 14
28 31 86 25
21 91 46 80
4 86 54 90
72 90 72 21
11 41 69 80
21 56 46 86
3 27 82 60
67 75 38 19
34 65 33 44
7 60 44 31
65 100 80 29
35 40 8 48
46 63 55 95
7 14 65 35
46 49 86 29
54 86 88 60
33 69 35 84
24 98 21 53
71 96 60 61
39 48 20 5
71 76 55 34
32 81 55 23
5 34 88 23
38 44 9 57
60 85 45 2
49 90 51 73
71 82 89 7
29 91 25 95
46 87 87 7
6 45 91 10
5 21 7 34
21 39 49 84
69 73 67 52
33 60 88 82
6 15 67 74
10 92 13 69
9 10 19 80
15 40 79 73
23 73 65 15
29 48 75 27
10 71 19 23
35 36 86 97
3 85 42 71
44 59 96 89
64 70 89 7
4 93 100 82
60 88 69 39
20 53 63 68
65 81 7 76
4 70 95 44
55 56 46 78
28 94 99 56
43 100 63 32
29 60 32 39
32 85 98 80
60 86 38 5
21 69 57 28
56 93 60 31
77 97 3 26
81 86 71 54
39 83 82 85
14 66 33 9
31 83 95 21
29 41 53 3
29 52 30 83
14 23 80 11
18 95 90 53
22 35 62 66
41 56 91 35
74 75 31 63
40 94 42 8
69 82 23 26
43 63 85 33
11 76 72 24
26 63 9 34
6 58 25 42
53 91 27 94
7 49 49 83
10 80 73 96
4 14 74 87
24 25 46 72
39 72 17 26
37 38 89 74
12 89 28 18
12 96 15 85
1 21 1 84
18 88 75 44
40 76 84 13
64 92 24 92
23 80 87 30
46 74 12 98
30 43 86 28
30 36 2 58
59 93 30 73
58 96 62 28
39 78 21 88
7 37 61 6
14 90 12 8
24 60 77 39
64 74 89 75
16 54 71 89
45 92 55 92
91 98 73 85
6 85 93 33
63 90 94 93
49 58 67 63
28 56 36 56
9 13 98 65
5 97 78 65
14 44 69 25
9 52 98 61
43 97 36 37
25 59 30 4
12 66 61 8
31 87 17 38
36 51 74 69
19 88 40 92
18 44 69 64
33 40 34 31
30 62 90 32
23 44 2 59
35 82 38 37
50 90 33 33
44 63 91 11
54 57 30 80
6 84 64 16
86 94 97 27
30 40 60 37
41 92 47 84
49 59 28 10
11 15 57 99
40 93 9 2
6 8 20 1
9 97 30 58
61 83 21 93
47 69 94 47
38 88 100 16
22 67 52 67
12 53 37 38
54 95 23 49
73 79 96 48
61 70 68 12
14 54 44 16
32 99 15 45
37 61 55 69
28 91 47 52
26 73 90 72
23 81 9 22
17 24 31 80
45 50 37 7
84 86 79 68
6 96 62 59
61 98 28 32
40 97 51 39
56 78 80 78
7 95 100 4
58 97 43 72
55 72 17 64
44 60 48 7
37 41 68 31
7 46 47 87
46 59 45 6
14 25 46 25
21 61 67 67
64 85 39 65
3 16 69 28
1 68 64 50
17 43 86 86
82 97 34 37
8 61 95 31
12 19 60 72
30 95 3 21
22 75 41 75
31 34 16 26
46 93 2 99
67 88 53 9
20 34 65 100
33 50 1 59
5 64 24 35
9 66 29 24
76 83 78 42
24 63 41 1
15 42 71 37
52 96 20 82
23 51 87 47
15 45 16 56
45 48 60 84
1 80 55 3
55 88 37 50
90 100 87 82
9 65 2 11
26 31 17 72
30 82 47 95
12 75 45 15
55 63 54 94
70 84 13 90
21 78 94 64
9 34 56 25
15 69 46 56
11 25 7 2
38 76 45 2
2 80 47 6
24 57 68 1
68 79 77 28
36 83 37 31
8 65 83 69
58 76 62 96
46 80 13 72
86 92 33 93
10 14 85 15
39 61 44 78
56 99 95 33
17 64 94 98
56 100 25 60
21 87 60 54
23 67 66 74
47 65 78 1
21 85 98 96
6 32 45 59
1 42 34 58
39 93 93 99
46 95 77 17
48 65 39 56
8 73 24 66
3 56 25 78
62 65 23 5
9 31 46 31
49 55 8 88
58 99 96 96
10 98 14 13
14 85 5 86
35 84 19 34
11 33 5 89
24 81 100 40
73 95 91 84
1 31 54 87
51 90 75 44
5 59 30 43
15 34 12 27
54 96 14 61
8 56 66 60
50 75 95 14
5 17 89 31
1 71 42 93
53 94 83 93
40 85 11 1
8 77 68 34
64 77 87 51
43 51 89 35
37 88 87 82
25 87 40 58
12 27 79 31
29 32 59 2
16 33 84 99
16 97 98 2
23 97 51 32
39 74 23 55
31 49 83 18
36 41 50 81
52 78 47 76
4 89 78 73
46 100 82 30
36 37 97 87
29 39 40 66
41 87 39 30
2 24 99 20
72 100 56 56
9 27 6 67
13 42 96 50
50 76 8 19
8 64 78 90
15 20 2 80
55 67 51 100
68 89 87 44
95 97 43 43
32 47 87 90
75 82 41 53
8 58 86 34
32 45 91 61
1 79 38 53
2 66 64 7
28 73 9 86
49 93 13 21
16 29 98 99
77 96 74 5
22 51 23 25
61 85 7 2
42 75 72 18
12 25 6 54
49 99 33 36
20 99 56 73
3 60 20 94
46 60 92 58
7 83 63 9
11 59 74 68
15 32 60 35
7 53 70 13
21 92 30 35
46 73 11 89
10 100 26 64
32 97 3 74
2 12 31 44
8 57 63 21
75 92 59 82
13 26 51 53
54 98 44 29
61 73 29 33
40 60 80 95
21 48 61 35
17 82 55 70
13 70 35 10
17 57 51 69
47 84 8 70
57 61 87 69
25 61 8 2
1 88 10 36
3 10 89 77
20 62 39 59
14 48 40 29
3 95 82 100
2 72 11 55
45 60 35 24
13 82 56 27
75 79 37 14
54 70 64 91
25 94 71 28
1 46 17 46
16 79 90 12
38 39 40 22
20 74 63 83
39 94 36 35
16 68 9 15
36 52 65 67
38 71 44 76
70 79 40 41
29 67 21 17
58 74 81 1
12 57 53 88
12 94 43 64
19 28 41 76
70 91 39 92
6 43 5 17
64 89 92 16
14 87 38 95
18 68 1 22
20 61 35 92
62 79 1 78
54 67 32 25
53 95 34 80
11 70 35 84
1 94 12 37
59 100 92 28
8 60 72 48
15 71 87 59
31 50 39 74
68 76 77 98
21 23 48 94
21 62 70 38
51 66 38 21
9 61 66 93
31 69 8 68
1 18 93 10
24 51 59 2
1 86 20 90
56 92 99 25
9 90 31 88
22 36 65 5
2 19 45 52
6 68 46 80
40 68 3 35
85 89 17 97
68 70 65 36
35 77 46 5
6 30 83 24
6 73 84 36
58 72 24 78
56 87 96 76
75 89 9 36
14 42 85 31
98 99 84 99
82 89 38 83
14 67 84 77
10 74 42 6
37 48 16 26
16 75 23 92
38 94 36 91
12 95 72 25
47 85 90 91
27 30 6 65
21 71 81 39
47 88 77 4
19 81 16 83
37 99 62 34
5 27 96 90
2 30 67 52
51 78 26 74
98 100 12 28
57 64 78 94
9 85 8 43
14 52 62 4
43 85 99 68
23 43 73 23
48 93 96 8
41 64 36 22
35 46 63 18
26 80 7 39
18 61 91 98
14 68 32 74
7 28 56 43
79 80 1 12
4 81 44 92
31 43 97 29
15 89 31 87
9 98 62 88
33 39 3 77
8 39 97 27
1 61 83 100
59 86 81 62
11 95 13 18
6 28 98 44
8 34 59 92
20 85 89 94
61 74 46 6
40 67 61 85
86 96 14 84
57 67 26 45
8 25 83 4
1 35 4 46
52 97 77 95
58 73 72 22
40 100 28 67
54 56 48 74
35 72 34 26
3 13 5 50
71 97 48 64
73 93 67 78
54 91 88 61
19 26 100 20
7 34 92 11
62 67 75 44
17 33 89 69
6 39 99 61
40 86 49 9
46 75 95 48
16 60 38 68
28 99 46 49
63 85 92 12
11 91 9 83
38 91 76 92
37 67 43 90
10 65 5 29
65 79 76 43
75 95 24 10
43 64 54 22
24 59 1 16
7 89 92 19
25 56 100 42
18 27 73 94
16 73 30 88
21 58 70 97
22 90 59 54
16 67 81 2
53 79 63 34
90 98 54 79
27 87 82 18
5 32 53 84
3 47 94 24
38 40 91 87
13 91 98 22
50 55 91 72
21 89 62 49
36 48 5 29
27 42 51 64
4 30 81 85
37 100 6 11
15 83 6 36
30 35 6 37
65 71 82 36
35 51 45 3
8 86 100 53
52 93 70 18
45 94 70 31
56 77 1 89
66 92 88 96
52 71 3 37
25 84 53 71
71 86 32 93
1 37 18 23
3 15 20 50
66 90 97 3
36 58 7 29
5 23 98 80
16 100 43 70
66 99 46 30
2 15 96 10
53 80 72 66
59 67 58 38
15 36 67 79
36 55 34 46
29 36 16 31
28 84 89 3
13 28 24 70
56 68 85 87
48 62 76 18
12 64 77 64
41 60 87 5
65 84 92 16
18 69 52 29
12 13 99 64
37 87 61 35
6 55 18 58
26 43 15 57
48 92 47 38
8 63 76 100
49 94 12 70
41 48 94 83
11 89 2 10
12 52 95 41
21 29 93 3
89 91 53 28
16 48 1 79
57 96 93 28
60 98 59 41
1 60 83 15
30 91 76 75
55 77 84 72
54 93 7 47
35 94 41 21
26 94 11 42
16 69 37 28
40 41 86 10
19 96 87 59
3 29 41 68
3 40 15 28
79 95 14 19
42 64 84 85
45 61 64 63
23 30 60 19
39 40 33 16
77 86 15 40
43 95 63 44
2 53 96 89
9 48 36 33
2 43 9 67
69 83 82 19
8 83 86 20
71 77 58 54
37 44 59 62
23 41 67 99
38 83 9 3
59 74 47 78
47 50 96 55
24 80 20 8
37 60 5 41
34 69 43 9
46 57 5 99
40 53 64 63
73 85 5 39
17 31 58 100
11 47 8 29
28 85 21 15
55 90 60 25
21 77 80 60
43 94 53 18
6 93 28 79
29 45 25 98
47 86 39 86
11 88 37 71
2 54 95 78
49 86 55 65
18 58 100 76
19 21 18 59
25 45 70 83
5 47 68 62
46 99 1 21
52 53 14 27
23 66 87 55
47 49 85 33
22 30 25 11
5 24 22 2
2 45 86 73
12 77 39 86
20 50 72 38
49 62 30 78
28 44 69 41
9 41 24 22
80 100 85 91
2 46 79 59
28 36 23 36
56 95 89 38
32 60 46 66
2 65 33 60
6 98 6 41
15 98 28 30
54 90 56 22
70 96 96 20
3 92 89 49
50 61 47 30
27 74 84 38
17 77 52 20
52 64 91 67
34 78 79 78
5 45 96 58
68 94 23 29
41 88 59 95
17 51 88 45
20 36 32 27
41 96 37 1
44 61 79 49
37 47 100 16
4 54 27 51
4 33 99 14
54 80 29 87
25 70 18 88
55 93 7 22
27 83 6 53
28 86 16 21
61 67 52 98
55 95 28 40
28 74 100 56
42 67 28 58
13 15 26 76
37 74 10 40
2 58 82 85
10 87 63 41
26 55 61 89
51 65 60 60
33 93 87 56
28 64 9 92
17 65 18 30
30 85 100 77
16 38 27 53
49 88 80 61
25 83 4 79
33 34 18 97
59 73 50 100
83 96 85 30
14 64 91 7
50 60 34 63
7 48 13 94
66 70 42 75
29 92 32 81
45 87 94 70
16 31 11 61
3 38 75 64
11 84 56 47
20 27 49 35
75 88 6 73
6 87 97 31
22 49 21 94
18 71 47 75
31 45 55 71
42 43 65 54
10 95 35 9
22 40 59 15
12 74 75 79
11 60 54 89
57 97 83 61
6 59 52 76
56 76 48 21
85 88 28 34
20 75 31 77
21 98 23 82
12 85 8 2
47 77 5 14
19 55 23 1
19 45 64 39
62 94 75 94
5 9 12 91
52 60 72 35
54 82 84 8
83 92 44 66
20 33 61 46
36 50 64 15
77 89 44 49
51 53 67 7
85 86 32 64
56 73 8 28
3 11 12 18
34 48 43 14
1 45 14 24
71 80 2 96
75 93 55 1
60 73 67 54
30 50 10 2
41 59 24 79
71 100 20 64
43 87 49 84
8 79 86 52
61 82 6 34
5 87 6 99
47 52 53 85
14 29 14 43
47 51 54 80
70 94 50 34
9 86 74 60
23 87 84 65
55 71 53 55
39 73 19 52
4 88 15 68
9 76 66 60
35 48 96 36
4 13 48 74
34 91 42 30
51 81 9 65
10 46 50 53
40 47 78 37
17 42 91 31
27 29 63 2
46 64 76 11
2 39 40 88
22 61 22 67
35 61 43 92
63 75 34 93
1 48 60 3
52 76 55 87
3 55 10 94
45 63 85 13
37 84 63 6
13 32 87 3
17 20 61 5
39 56 72 52
74 85 30 7
27 100 95 40
17 59 99 78
7 43 55 41
3 9 91 43
48 59 1 87
64 90 2 77
80 99 26 55
64 71 25 24
17 76 49 1
50 92 46 85
40 66 71 2
1 26 90 9
5 8 30 78
17 27 40 51
19 77 35 66
57 79 36 66
60 64 16 60
39 41 86 100
21 67 60 31
47 81 76 85
25 50 90 22
29 72 62 38
55 74 16 17
36 86 35 15
7 25 70 50
34 79 42 98
22 38 46 32
53 89 24 55
17 58 17 29
26 79 34 21
1 77 18 28
1 62 13 62
13 41 40 7
16 51 25 72
97 98 37 8
10 61 51 53
66 98 68 74
3 64 18 26
10 48 57 91
30 63 17 39
49 69 48 100
27 84 44 19
42 73 96 73
6 47 36 45
76 92 54 65
37 56 76 71
77 99 26 90
51 85 86 89
54 64 45 88
32 56 8 82
11 61 69 40
13 93 6 83
21 68 4 92
22 23 78 92
14 47 66 29
1 52 13 4
38 82 6 37
61 94 33 73
27 68 79 15
68 100 22 73
14 16 78 55
38 86 31 38
19 27 78 39
59 75 76 26
35 44 67 91
1 97 4 94
43 86 92 21
58 93 91 28
26 47 96 37
5 10 82 12
41 61 48 84
68 93 65 79
18 45 16 74
16 24 3 50
44 49 83 19
92 98 86 95
25 55 90 39
4 44 76 100
21 72 62 96
9 23 11 77
45 65 37 12
38 42 21 58
75 87 92 66
36 97 38 100
57 72 29 40
25 96 69 27
68 97 20 51
34 68 4 90
16 57 72 86
72 88 42 20
28 59 85 1
80 97 38 97
59 97 7 59
27 91 66 71
29 99 71 91
18 75 6 98
30 87 74 81
56 60 75 98
35 45 16 6
60 74 36 20
30 89 80 44
7 50 80 76
28 82 5 9
43 60 98 2
14 34 87 40
11 69 20 36
34 41 69 85
43 90 37 94
81 94 73 21
67 83 65 34
37 53 15 58
6 42 64 76
4 98 31 74
2 96 25 89
80 87 55 13
73 84 86 100
22 53 24 31
9 82 49 77
74 81 38 44
33 43 72 66
22 66 80 25
6 40 41 24
30 38 33 53
52 99 15 94
26 65 9 95
76 99 83 79
5 22 99 81
19 99 61 45
64 86 5 17
29 79 79 35
22 56 56 91
28 96 83 71
36 96 61 26
9 49 16 94
40 75 20 62
70 97 7 21
17 91 40 23
22 91 29 73
13 53 28 75
2 28 56 13
78 84 28 23
67 77 17 71
18 62 56 82
8 16 22 30
20 55 32 67
77 79 20 26
97 100 38 81
46 69 21 31
10 58 82 83
26 36 8 88
13 14 10 24
15 64 80 61
47 89 84 21
9 56 26 76
8 23 27 49
16 74 69 51
42 89 17 17
2 35 26 49
47 73 12 49
58 90 74 81
34 87 7 71
1 50 84 83
36 43 42 6
46 79 57 94
1 32 73 11
47 60 69 45
24 99 12 5
66 74 75 94
3 42 88 45
18 54 12 63
12 58 33 63
74 91 13 61
46 61 92 69
3 66 80 14
32 40 40 31
44 82 49 69
34 80 42 13
7 55 86 13
85 91 38 39
79 83 32 96
12 72 29 90
34 61 7 30
39 42 100 61
13 34 43 15
2 8 98 26
83 91 44 39
15 47 18 53
66 71 5 57
70 71 69 84
69 81 69 13
76 78 72 52
6 29 46 31
40 42 21 38
19 56 77 25
31 97 46 53
45 78 96 3
13 21 55 86
6 81 82 87
15 97 99 33
76 86 81 61
47 76 27 13
10 49 56 29
11 98 57 70
58 69 79 45
26 96 59 54
69 76 83 82
50 62 78 83
3 46 70 59
22 71 28 17
9 24 96 71
68 74 38 88
7 9 91 49
41 72 33 97
29 82 48 38
56 75 66 11
32 62 69 80
39 52 58 76
69 84 33 87
69 75 88 60
14 43 23 82
38 98 11 8
45 84 52 22
17 22 64 47
77 83 45 62
59 81 57 74
3 61 47 39
20 58 25 18
74 84 76 53
19 84 31 7
45 74 82 61
33 57 53 74
72 98 50 70
56 72 24 80
63 66 85 11
45 88 34 62
66 83 26 45
21 88 64 62
68 83 76 29
64 91 25 65
12 93 19 55
42 61 85 22
2 68 75 12
12 50 11 10
81 90 51 45
56 67 84 9
6 48 50 37
24 79 62 50
37 93 99 63
1 82 43 15
23 79 59 6
13 49 4 54
10 81 51 87
14 99 13 38
37 73 34 56
18 98 18 37
18 34 84 66
16 70 75 53
30 80 78 5
56 61 93 56
50 99 19 41
1 57 31 35
90 91 39 31
8 50 61 40
55 83 66 68
2 22 11 84
9 40 14 94
19 34 88 58
26 78 34 40
74 93 97 42
9 42 14 28
42 94 98 38
29 68 92 37
74 86 36 72
30 31 3 64
41 91 93 82
15 75 88 36
34 49 23 92
22 42 53 41
5 81 43 46
13 97 18 75
45 100 61 34
22 32 81 26
41 82 87 45
86 100 8 28
41 86 12 10
19 47 29 22
35 57 68 41
13 80 20 46
69 71 80 69
71 75 90 64
58 91 74 25
2 95 100 96
38 75 32 52
50 88 90 66
57 63 54 63
80 86 32 49
14 93 94 27
51 55 62 45
30 64 72 78
44 66 71 71
39 81 84 58
42 69 37 5
14 32 92 68
51 70 76 41
65 96 68 35
29 65 84 43
14 36 78 11
25 47 85 73
10 90 90 47
42 48 83 46
35 86 7 91
63 76 51 1
7 67 78 99
61 90 77 66
64 95 25 22
19 74 46 48
93 99 46 76
20 51 51 14
13 60 87 77
36 67 44 78
50 67 24 18
12 87 62 29
2 10 28 52
50 73 24 5
7 22 42 25
28 53 98 72
18 65 94 61
1 95 5 1
10 64 78 7
7 11 86 4
69 92 95 58
71 81 44 34
86 87 44 44
7 84 40 34
27 57 48 64
34 75 74 88
37 52 76 8
31 41 59 28
3 78 16 57
36 98 44 45
27 28 62 95
54 68 23 97
4 48 13 16
36 80 91 89
38 84 90 93
7 18 67 89
91 97 20 42
25 54 5 65
49 100 43 1
80 94 96 24
46 76 94 80
44 100 96 33
53 57 92 6
42 58 74 33
15 43 83 29
84 88 13 38
22 50 70 26
55 82 83 64
12 30 89 39
4 65 86 61
3 86 35 71
13 100 95 99
24 31 29 64
7 39 13 95
52 75 15 34
6 66 44 19
20 60 80 100
62 73 76 75
22 47 89 85
13 99 23 73
39 58 69 97
67 92 54 2
25 78 46 69
52 82 18 71
6 11 90 46
6 26 73 41
10 91 41 99
33 64 71 66
60 96 47 89
1 81 70 31
2 32 75 28
10 41 50 61
4 46 45 72
6 65 43 73
24 37 20 17
33 85 20 90
54 61 35 63
48 54 51 21
17 73 97 69
55 80 32 43
25 43 88 48
55 92 86 23
59 84 76 97
45 62 94 73
4 7 26 91
31 35 22 62
35 98 42 64
17 55 88 69
37 95 6 28
53 82 14 87
25 34 11 11
14 96 91 77
40 96 81 36
6 34 57 86
14 57 87 8
28 87 30 96
67 71 30 3
67 72 48 17
71 74 58 41
63 94 61 26
17 34 7 52
9 18 78 5
56 74 72 66
31 51 65 53
54 92 27 57
34 35 46 29
42 49 21 74
14 76 47 9
54 99 98 39
40 74 81 8
14 92 94 5
29 64 20 65
36 91 47 90
2 36 55 11
10 38 65 32
45 75 57 23
40 80 2 78
10 57 84 32
19 64 34 37
64 66 31 61
25 33 62 39
10 73 10 55
15 44 7 61
14 71 44 8
68 98 19 97
32 80 65 38
11 64 62 90
40 55 72 24
36 64 67 29
81 87 86 11
11 85 39 21
61 89 61 45
4 18 19 59
48 94 57 86
64 73 91 79
47 71 97 9
19 86 38 65
67 69 4 98
54 87 53 33
7 61 33 77
54 58 18 63
35 59 100 8
15 50 52 89
4 39 69 1
32 83 1 92
52 83 93 67
6 70 31 72
3 50 92 53
51 89 84 34
14 80 53 90
53 76 31 25
10 22 51 63
70 99 90 7
33 63 63 49
17 71 56 39
1 98 47 63
20 28 6 95
79 85 53 90
24 46 51 98
66 76 20 26
1 34 11 68
2 64 88 4
40 72 66 47
10 60 65 76
25 42 72 51
64 81 82 99
88 94 7 35
66 73 61 2
92 100 49 35
22 44 24 9
42 80 68 18
9 68 22 38
60 63 69 47
95 100 6 14
75 83 51 85
42 98 25 81
50 74 93 99
35 79 87 77
13 89 52 58
17 92 81 11
33 96 19 22
36 79 94 50
49 80 36 25
27 67 50 54
42 77 4 36
24 49 97 40
47 95 81 57
33 86 66 42
7 72 73 87
65 95 23 85
27 82 8 72
26 74 51 62
22 93 12 65
41 57 100 32
24 29 89 30
4 17 93 84
8 72 28 21
27 96 6 88
24 68 72 11
17 49 21 40
53 93 23 65
7 40 24 52
15 70 50 62
24 70 54 34
22 80 17 50
30 73 44 16
18 37 36 99
40 59 99 68
2 71 92 67
8 36 3 91
68 87 75 92
34 36 95 32
34 94 38 21
6 71 62 94
15 77 81 91
35 89 3 90
61 64 35 8
46 88 62 55
7 27 73 76
85 93 54 35
3 69 35 70
33 55 58 45
19 41 45 32
11 58 71 90
52 81 42 44
18 29 36 42
8 46 75 4
53 87 81 25
11 73 69 98
24 30 54 83
31 72 89 8
2 6 82 90
49 83 13 71
10 89 75 17
1 5 17 56
34 44 54 62
2 7 4 12
26 35 70 58
69 100 72 42
30 45 98 68
57 71 41 43
47 100 61 78
22 52 100 84
32 38 93 28
24 84 70 57
18 66 9 60
30 47 49 55
32 78 42 84
57 68 50 9
18 91 88 39
71 79 30 18
4 15 77 13
60 90 59 42
26 67 99 91
79 93 26 26
3 74 59 30
75 90 86 86
53 81 79 95
66 77 17 78
27 88 53 45
31 44 55 94
56 65 79 35
11 56 31 31
94 100 53 31
25 71 79 84
55 85 100 59
27 45 52 39
48 97 34 30
13 83 59 60
37 63 44 39
8 30 6 23
41 79 24 45
4 91 28 34
7 69 8 64
70 92 5 55
16 72 41 68
8 62 27 100
27 78 57 64
79 96 14 48
33 46 48 80
24 87 7 68
16 65 26 8
12 22 6 72
8 97 89 58
27 81 20 64
10 68 19 73
37 58 6 39
5 83 16 6
63 98 76 99
19 90 74 95
97 99 8 65
49 95 24 2
2 98 89 96
67 96 57 21
41 80 61 15
47 58 69 35
27 56 11 37
30 99 21 69
28 34 97 75
23 86 74 19
12 24 47 22
1 40 68 6
18 92 80 30
70 90 33 21
56 58 72 65
15 94 64 8
18 90 60 34
25 81 98 9
30 70 13 82
13 65 90 79
62 74 76 9
28 80 43 62
73 99 56 94
85 90 28 58
42 83 85 79
44 83 29 41
87 90 18 80
8 35 48 48
1 59 27 86
38 70 63 9
23 62 1 70
5 66 20 50
53 66 28 19
50 68 14 66
21 22 27 29
2 67 96 69
64 72 12 98
65 94 5 37
61 96 40 88
10 15 67 100
15 100 58 14
60 75 83 76
25 46 75 16
41 55 28 68
21 64 57 23
33 83 74 64
48 98 69 83
57 66 3 72
58 77 7 27
38 58 75 23
29 96 53 67
41 47 77 33
13 35 75 40
15 55 62 80
1 23 29 56
33 75 43 81
89 90 69 20
82 94 63 70
14 78 52 97
8 37 21 30
55 64 2 36
15 30 100 64
14 40 45 7
22 87 9 98
21 50 65 18
62 75 55 26
18 100 30 48
14 19 82 46
3 17 10 85
32 91 74 90
22 82 14 14
9 96 21 35
27 53 36 69
44 54 22 65
28 75 9 23
29 31 74 50
32 96 38 84
23 95 10 15
62 97 69 7
42 82 93 35
37 42 67 2
19 33 49 11
44 50 21 60
18 83 2 55
9 60 96 2
90 93 57 100
35 43 63 45
11 31 39 76
41 97 96 58
24 72 69 23
77 88 93 96
28 35 85 67
74 79 67 24
40 83 97 50
6 22 49 1
10 55 63 61
25 82 30 13
83 86 34 2
83 94 82 18
51 79 26 69
67 85 47 3
40 50 8 79
1 84 27 55
57 81 62 11
35 68 39 7
39 95 2 18
34 56 10 35
51 72 38 58
20 30 72 74
33 81 49 9
16 81 4 54
14 49 64 86
14 46 13 26
48 56 22 64
68 85 84 84
17 47 66 43
40 69 88 90
6 97 83 28
81 98 14 92
33 94 44 57
18 35 52 66
17 52 24 94
29 66 63 3
39 49 29 84
52 94 30 12
42 66 15 74
32 77 1 100
1 74 51 56
22 64 80 46
56 84 83 30
26 57 20 37
76 79 63 37
30 74 35 34
14 51 96 44
13 66 8 99
26 45 35 15
7 19 73 47
4 73 13 100
3 41 33 45
8 47 31 45
3 65 2 17
3 88 19 4
18 86 97 42
25 41 5 97
30 42 74 8
13 75 86 90
31 80 16 27
82 88 34 92
4 95 87 28
44 81 21 68
25 99 88 23
77 93 63 90
47 70 19 70
13 79 96 13
35 54 28 70
10 82 85 14
1 69 23 37
29 80 64 98
47 48 58 7
16 26 35 63
12 84 30 36
39 54 53 70
3 80 21 89
32 59 22 19
67 91 8 39
34 83 97 57
40 46 84 96
48 89 56 17
64 76 95 8
25 77 77 95
30 94 11 10
24 76 41 96
13 51 20 58
45 49 26 22
21 55 52 86
20 39 45 71
52 63 60 26
53 54 42 88
6 13 83 66
39 65 79 78
3 97 16 9
60 72 70 25
13 78 42 64
12 49 12 51
21 36 64 45
66 67 57 20
30 72 16 25
52 73 35 60
62 100 26 36
80 92 19 41
18 28 90 7
28 60 36 90
18 64 68 100
41 53 85 43
4 23 81 2
51 62 59 57
61 86 15 92
2 56 48 46
6 69 99 68
69 98 9 18
8 89 18 71
11 24 13 3
18 87 54 55
7 31 59 72
17 80 10 16
45 97 20 27
16 32 71 100
9 30 93 63
15 19 21 52
94 98 91 1
55 70 47 35
75 96 50 30
21 59 16 73
27 71 57 9
28 40 44 42
3 67 39 94
72 83 81 42
15 60 86 63
6 76 69 19
10 52 54 68
24 56 99 24
23 50 62 44
87 97 81 55
49 98 17 60
8 51 14 39
37 86 54 7
20 100 71 8
2 73 87 82
16 53 59 87
15 24 36 22
32 76 71 79
41 58 7 31
59 98 37 16
78 79 22 97
7 81 1 15
70 87 23 21
27 31 2 10
29 42 97 53
60 89 17 55
48 63 39 6
13 50 40 46
32 92 80 58
23 85 83 94
43 52 4 2
23 83 36 71
40 87 35 22
13 31 51 84
1 11 12 52
10 13 63 15
18 19 73 56
11 37 76 60
36 62 69 58
3 24 98 71
56 57 91 66
51 100 8 94
24 61 28 33
52 70 50 86
36 46 65 13
52 61 50 16
17 29 47 66
33 38 76 72
14 26 97 90
70 75 45 88
2 47 97 48
30 76 37 8
50 87 22 67
4 24 20 4
5 37 49 28
12 32 62 18
56 89 50 63
5 62 98 2
24 36 85 19
67 82 79 54
16 87 86 62
49 82 32 27
44 84 79 11
49 89 52 79
7 23 2 15
27 50 60 66
27 69 41 64
12 68 51 5
28 79 53 79
31 58 37 88
41 78 92 64
29 73 62 5
9 80 12 89
26 51 51 39
11 40 67 68
6 36 9 73
6 95 65 63
30 61 69 52
26 81 56 22
20 38 25 21
44 74 92 30
11 80 43 37
4 67 66 29
91 94 27 63
79 84 99 88
56 88 50 89
82 85 55 2
76 93 5 15
42 88 54 2
26 88 53 12
28 46 54 21
54 66 6 89
16 76 52 11
33 59 34 4
43 68 12 43
2 42 98 87
6 52 91 35
62 91 59 87
17 83 28 12
14 50 63 66
68 99 58 95
78 93 18 23
19 30 61 86
15 23 33 76
24 73 19 33
30 32 25 46
28 55 87 4
1 56 38 30
64 84 36 89
55 73 14 40
58 100 26 93
15 91 7 10
48 95 60 3
23 28 96 98
54 84 15 31
21 31 14 66
57 89 87 26
17 93 45 36
33 66 12 90
25 95 65 55
7 92 76 19
9 64 6 57
20 84 67 24
9 51 79 22
11 71 59 42
6 12 63 48
25 26 13 72
35 47 46 60
41 54 50 33
7 29 24 75
22 81 65 60
53 86 86 78
19 97 32 80
58 95 91 3
54 89 9 3
27 44 40 70
39 80 97 34
58 86 8 90
10 24 33 40
4 27 2 69
85 95 20 48
12 88 51 21
51 54 24 86
37 70 76 41
5 73 88 64
29 93 16 12
3 58 23 51
48 66 25 68
39 89 58 95
4 50 95 91
49 50 92 38
76 88 17 21
11 97 64 95
59 79 95 52
50 84 23 69
2 89 94 50
3 76 69 67
35 63 6 77
31 40 81 93
49 81 26 63
12 14 23 55
8 19 58 95
15 78 60 6
26 99 83 50
73 97 69 42
59 94 65 39
22 89 36 90
67 87 16 47
13 73 98 56
65 93 1 95
78 96 52 37
52 58 32 82
23 33 40 50
8 26 67 51
19 40 15 53
50 65 36 48
27 58 75 77
32 42 24 5
7 73 56 14
41 46 79 52
20 98 18 70
71 88 69 50
3 5 76 63
20 48 4 10
5 80 18 36
14 61 76 92
73 87 73 3
14 55 67 100
32 53 17 67
6 63 24 79
46 92 30 44
66 79 69 43
12 40 4 77
24 64 20 77
62 64 45 60
45 67 62 98
1 33 22 9
94 99 69 32
3 20 82 33
66 97 60 18
74 97 92 61
28 95 44 56
27 48 77 62
3 30 100 25
54 60 57 63
18 21 83 96
59 82 30 31
10 44 22 97
84 99 28 67
29 54 1 59
13 45 64 73
24 67 42 15
29 86 42 96
45 55 34 49
16 89 82 69
91 95 48 91
55 60 61 31
3 83 88 52
43 84 66 28
8 91 91 86
43 59 67 49
95 98 68 24
24 71 74 56
72 99 59 52
4 79 74 25
27 90 19 98
29 34 74 38
39 75 49 89
62 66 11 19
27 65 62 60
43 62 21 50
51 52 47 71
21 63 12 54
43 69 71 40
50 66 91 44
20 65 38 34
61 62 34 12
49 63 86 43
19 31 32 55
33 97 63 64
7 64 90 48
45 90 28 11
35 76 9 89
14 18 93 66
41 43 27 95
6 31 6 86
5 91 44 20
27 38 13 87
46 98 13 56
65 86 2 35
40 88 8 66
15 65 60 29
23 31 25 42
10 86 76 29
57 100 51 68
6 89 14 85
20 66 54 64
4 37 33 76
31 37 25 59
58 89 81 68
40 45 66 36
30 65 62 14
34 53 69 100
29 90 62 55
82 87 19 38
43 44 92 56
7 75 21 79
7 70 35 98
9 54 29 15
59 87 56 48
20 24 55 51
61 75 19 95
70 77 9 55
14 56 30 59
29 95 91 47
23 90 31 27
12 47 30 11
2 76 82 36
10 39 9 91
57 58 28 95
58 68 58 49
60 87 5 48
1 28 64 18
44 95 91 52
10 59 55 24
42 74 48 84
19 59 94 55
11 75 99 1
67 89 15 68
64 97 44 97
61 88 69 46
33 72 14 61
5 43 17 2
37 94 60 68
12 20 87 37
4 68 83 65
7 77 37 82
78 90 12 41
27 41 48 79
27 37 59 96
62 71 49 4
34 40 73 86
54 76 52 65
21 43 91 36
69 87 28 69
26 28 76 47
13 54 90 54
20 71 37 12
56 82 100 79
20 35 58 95
41 65 84 26
44 62 59 95
16 49 5 93
18 80 44 96
15 33 59 49
10 17 74 22
67 70 24 59
16 63 77 31
13 52 72 73
33 92 25 22
67 98 56 90
59 63 11 37
15 72 78 65
15 56 16 36
15 41 13 81
7 76 63 45
36 71 98 63
16 23 30 98
88 97 65 90
14 84 34 56
65 82 68 88
78 91 49 22
48 58 6 79
63 65 49 65
9 58 48 99
69 86 78 24
62 83 34 79
51 69 16 81
64 88 41 37
17 41 68 44
91 99 81 94
3 57 36 69
44 86 32 78
34 60 17 1
54 69 63 91
43 98 18 15
53 60 19 97
27 98 42 93
21 60 1 50
15 39 70 52
49 72 18 35
80 96 9 6
2 59 46 25
7 13 48 99
57 82 86 74
44 55 81 9
22 41 13 58
79 89 31 59
74 98 63 50
37 45 73 19
43 80 49 37
25 35 96 75
37 72 29 88
7 97 74 23
5 42 35 79
18 43 30 50
5 11 40 75
90 95 75 55
12 45 78 59
18 25 80 64
57 73 31 95
30 48 80 74
13 27 85 92
14 74 18 12
36 68 14 57
11 38 36 99
66 85 4 49
43 71 80 63
44 71 80 95
19 65 99 76
43 91 85 28
50 72 6 79
34 63 24 52
30 96 26 11
5 98 76 98
48 76 54 21
7 71 21 89
51 92 24 2
62 85 20 69
10 94 22 3
66 89 86 52
26 83 36 44
40 91 81 3
50 95 64 48
41 90 83 9
67 76 37 40
82 96 79 41
26 72 84 45
42 90 1 56
22 84 39 57
8 22 81 71
18 23 35 57
10 11 68 89
52 88 96 32
15 95 39 36
17 23 49 63
29 78 58 10
45 71 25 32
84 87 54 9
16 56 25 62
1 96 85 57
11 87 97 75
6 9 100 90
10 19 32 6
61 66 1 84
8 31 13 17
23 45 36 45
48 50 10 74
18 74 87 8
4 80 91 27
20 93 75 34
50 69 21 96
23 68 52 7
25 62 11 13
46 91 31 89
28 37 89 67
58 65 41 82
72 89 62 95
39 51 23 56
72 81 11 79
24 91 15 32
16 55 11 19
49 57 86 12
8 78 23 9
18 39 65 40
78 97 15 33
30 77 78 66
28 67 46 11
22 86 81 42
65 88 58 67
5 86 54 88
34 39 100 85
9 33 56 91
46 72 68 44
54 85 88 67
36 47 82 63
58 92 38 94
12 60 71 84
27 89 86 31
60 92 21 70
32 75 2 87
65 69 52 56
71 90 88 3
36 75 96 66
34 50 15 55
7 90 25 1
19 92 58 78
1 4 15 84
6 50 65 95
44 90 44 4
25 68 21 8
44 98 70 57
45 91 63 17
19 94 15 58
19 75 82 56
9 72 16 34
53 73 25 19
69 88 11 51
8 54 13 7
3 75 88 15
36 57 7 85
57 87 88 70
14 53 52 9
30 39 59 34
47 72 92 29
4 35 98 45
22 79 76 24
4 36 73 4
30 86 99 2
60 69 95 26
48 49 12 33
18 47 67 99
11 55 34 58
87 89 19 89
43 56 17 34
76 82 63 47
23 59 28 73
5 92 94 8
32 49 19 75
28 65 31 53
87 93 70 47
13 39 30 2
20 89 68 59
23 26 59 72
35 96 41 13
56 91 76 91
59 89 25 77
54 88 89 53
16 21 48 58
12 28 7 47
11 13 1 63
8 88 15 14
43 76 88 58
76 84 38 32
3 94 98 21
9 59 99 52
21 41 38 81
1 54 18 38
60 65 61 72
5 29 71 79
39 76 49 42
19 72 42 36
48 67 55 45
4 60 22 56
20 79 89 12
12 37 58 81
86 89 33 15
51 60 75 51
25 60 72 47
12 67 26 96
33 74 5 59
17 87 75 78
64 68 95 11
43 79 1 3
48 61 59 34
12 44 62 44
49 91 31 89
30 100 47 6
55 99 33 22
31 48 98 14
31 81 62 24
33 77 70 11
18 89 52 100
9 69 67 19
63 73 55 55
8 33 74 85
20 46 92 56
30 90 27 51
23 29 19 94
38 89 31 69
41 73 91 32
39 66 44 43
87 94 82 49
82 93 39 78
21 52 14 51
29 97 60 61
7 79 20 45
20 82 88 12
84 85 20 26
66 95 48 79
17 90 26 57
8 52 43 3
73 92 6 14
31 82 13 36
6 75 85 35
47 79 60 74
80 95 47 12
51 82 72 94
36 53 60 58
32 74 2 92
9 19 48 91
45 98 57 7
50 91 85 77
4 69 38 4
8 55 61 13
40 82 82 28
68 72 33 54
45 59 61 93
51 68 32 14
66 94 92 95
15 18 60 40
75 91 40 43
8 95 61 27
1 85 67 92
49 96 24 18
77 78 90 89
86 90 75 98
31 46 37 40
13 72 81 23
73 98 12 87
24 83 94 6
25 69 87 65
4 40 3 90
6 41 93 13
30 58 32 74
4 19 7 69
42 54 27 44
15 28 77 14
77 80 91 43
31 90 5 95
60 68 52 94
10 32 42 80
42 91 24 6
25 32 29 47
67 80 17 62
23 38 55 78
47 93 26 77
20 83 4 28
5 41 66 2
36 90 10 70
96 100 56 65
2 74 54 92
66 100 11 32
73 86 21 82
18 60 3 9
70 85 93 32
40 65 47 59
74 77 53 68
10 16 26 78
3 100 9 33
36 76 6 26
49 79 83 22
1 14 90 64
31 73 7 73
87 95 39 3
11 35 74 43
87 91 57 8
39 64 39 5
8 21 91 39
7 21 99 21
18 51 7 81
61 69 32 52
68 71 62 9
17 40 85 16
54 75 2 4
26 70 19 51
80 89 67 78
41 100 72 95
35 38 50 64
22 88 100 72
62 76 94 63
53 96 28 67
5 30 8 33
48 83 77 27
15 67 96 21
55 84 31 84
8 69 44 69
26 95 54 2
54 78 2 84
27 99 5 46
11 18 33 75
11 51 18 92
63 81 63 37
9 50 80 14
7 32 24 70
49 61 32 59
21 45 63 90
7 30 95 90
70 98 39 5
4 72 97 73
53 90 64 71
76 98 6 100
87 100 30 54
7 62 95 94
60 94 28 87
10 43 81 53
14 24 70 80
19 49 46 25
4 99 65 63
21 24 53 19
16 96 28 7
51 75 1 47
28 63 22 99
42 47 74 7
24 86 26 87
32 71 55 73
2 14 28 36
34 52 26 88
26 97 48 98
14 59 30 25
18 72 16 14
4 55 17 47
40 62 83 18
29 69 88 47
21 94 17 85
48 90 70 68
39 55 29 83
11 21 20 47
2 5 4 59
5 79 29 52
60 77 55 64
17 86 30 1
29 33 57 76
27 60 39 29
1 90 34 67
63 99 65 7
28 71 6 33
23 57 14 33
1 8 90 33
38 62 18 10
1 73 24 68
36 92 69 11
60 81 26 41
43 74 35 6
25 66 33 40
23 78 46 98
11 42 70 24
29 70 72 26
65 73 82 33
80 93 29 14
21 90 88 63
23 34 87 42
23 54 92 58
18 31 40 54
75 98 22 87
28 52 8 46
50 89 10 100
69 85 43 41
17 85 44 74
47 75 8 18
42 81 60 13
2 78 46 8
78 98 26 4
20 23 2 53
6 54 19 25
52 68 44 89
23 77 83 7
17 39 96 73
7 86 3 96
21 25 75 9
36 54 70 94
39 53 71 24
39 77 81 55
12 99 87 69
22 73 29 7
6 38 8 35
16 61 80 25
36 65 85 37
19 68 37 82
44 53 16 26
1 99 64 96
16 30 44 16
29 81 6 22
1 43 93 70
52 56 70 69
12 33 8 53
36 45 26 11
48 52 68 4
50 79 6 98
19 23 75 12
26 86 96 83
44 91 18 97
35 66 96 33
21 34 43 92
32 63 84 27
11 63 64 33
11 19 98 11
59 65 34 87
40 79 16 59
26 53 17 95
27 86 56 77
53 98 23 63
13 67 99 19
17 79 41 21
53 55 53 15
57 65 25 46
37 64 50 72
28 54 4 63
35 83 72 2
3 54 42 98
45 57 19 29
42 72 19 17
25 36 73 11
14 45 60 50
31 36 66 17
60 71 8 83
17 54 87 68
51 99 82 54
34 38 44 81
23 69 75 9
63 88 100 15
5 33 25 28
18 48 57 9
13 22 38 15
26 50 35 31
5 93 70 51
10 31 79 27
46 84 27 86
8 66 60 22
7 87 75 41
12 91 42 76
29 35 59 1
4 12 72 74
38 72 78 56
7 78 17 61
41 74 50 1
40 78 69 61
67 79 26 91
20 32 31 67
20 47 93 20
52 55 26 45
31 78 51 53
52 66 28 31
3 68 43 41
87 88 56 43
46 85 67 49
28 70 32 79
3 63 59 47
52 77 31 59
3 37 59 39
8 98 75 59
72 84 28 67
63 84 26 63
44 52 58 78
35 49 6 71
18 24 51 87
27 43 22 93
5 76 25 43
84 91 90 22
39 67 88 79
11 54 91 93
29 83 82 18
88 92 34 61
39 71 49 82
59 72 63 72
43 50 59 34
6 61 98 11
11 48 28 93
27 54 45 91
15 53 32 51
63 77 13 49
1 24 23 64
68 86 51 6
12 62 79 67
46 90 11 49
11 65 11 92
2 3 2 52
16 18 72 50
52 62 97 50
41 85 15 41
26 93 28 59
57 84 37 7
12 34 100 21
38 53 94 86
2 48 93 13
36 77 44 20
24 65 5 43
41 50 75 40
50 59 94 19
9 79 28 56
75 97 30 99
10 25 25 21
13 37 64 12
28 58 30 4
3 59 65 29
47 96 42 49
3 81 38 26
61 93 78 7
47 57 37 59
28 81 91 82
18 30 51 64
38 93 28 28
12 17 14 59
9 62 82 61
4 71 68 23
73 78 70 66
72 77 79 89
65 85 8 28
14 37 83 31
78 87 95 26
33 76 26 58
39 88 72 28
10 99 9 20
42 70 81 35
19 80 51 80
39 43 85 31
47 74 51 6
78 95 6 64
30 66 26 30
9 99 25 79
2 86 31 59
26 54 26 99
58 98 11 39
13 57 17 91
13 56 50 68
32 90 88 23
30 71 25 30
3 12 30 37
15 86 10 11
14 88 91 88
8 81 80 94
6 86 28 87
93 100 86 73
75 100 59 13
21 100 86 97
26 77 89 73
77 91 25 35
63 67 61 78
34 45 100 7
2 18 23 60
23 64 50 5
13 25 67 99
52 80 61 13
36 39 88 27
7 45 61 92
4 42 92 19
10 51 68 54
83 84 45 50
23 42 63 67
18 78 30 65
28 42 28 21
1 41 21 1
52 90 77 61
29 89 14 25
49 78 73 93
38 57 85 95
57 98 37 72
20 68 91 69
43 65 28 93
74 92 43 56
7 57 37 100
2 82 84 60
52 69 63 82
23 96 31 14
13 47 58 12
22 60 13 25
63 80 81 87
84 95 88 93
56 85 84 73
24 62 94 4
20 72 23 63
19 29 17 16
41 93 75 55
7 65 65 77
34 81 66 21
61 95 46 53
1 10 35 57
25 98 59 2
30 34 16 43
32 95 47 26
26 64 57 27
7 91 77 72
15 80 30 99
2 87 59 63
65 83 79 44
10 83 69 21
42 53 89 14
72 76 96 65
37 62 72 50
48 82 86 56
11 36 16 50
33 41 65 50
62 89 3 86
4 87 31 25
52 100 84 27
57 80 50 19
8 45 92 90
26 42 34 31
48 79 87 91
68 77 57 7
22 96 95 30
74 87 81 62
21 46 46 55
26 56 36 69
20 56 9 76
17 48 76 94
53 83 41 60
16 36 89 26
30 49 97 27
40 52 42 17
50 100 82 65
17 28 35 16
57 76 18 48
13 92 28 98
68 92 42 27
52 72 21 4
1 19 26 84
2 13 51 12
76 87 70 59
38 63 83 32
8 84 90 60
26 61 38 67
13 68 49 9
45 76 61 41
28 33 84 24
6 90 92 33
64 96 65 36
62 96 70 83
9 12 47 56
37 77 98 46
41 49 58 29
80 84 67 8
5 40 73 33
38 81 91 29
29 85 34 61
40 54 40 60
34 58 59 37
85 99 9 71
38 92 26 78
25 73 2 21
32 89 6 53
29 30 97 6
5 15 70 4
58 83 57 47
34 54 33 69
7 51 60 20
57 99 38 5
38 43 2 90
68 90 49 38
33 70 82 10
85 94 97 88
39 59 8 9
7 82 21 94
27 59 97 84
19 37 19 3
4 8 56 38
39 57 49 49
20 81 33 23
14 41 12 41
57 59 86 98
11 100 27 46
9 21 23 88
56 90 6 37
11 78 90 31
27 47 78 59
31 96 56 52
7 66 61 95
49 85 79 15
74 80 62 74
33 51 51 46
19 67 89 41
18 22 26 92
3 70 80 20
2 97 46 6
41 45 10 25
89 100 31 75
42 63 85 24
61 81 29 13
33 98 75 45
37 92 65 13
4 38 49 77
47 92 1 98
23 82 71 33
96 97 10 90
20 63 91 44
9 95 11 83
49 51 73 51
19 100 30 94
23 75 42 30
15 21 47 81
2 84 87 84
41 75 51 31
10 93 1 51
21 96 46 40
27 72 87 22
9 84 41 41
60 97 19 92
33 53 33 42
49 92 26 83
34 89 2 83
51 98 10 50
40 51 27 7
17 44 90 66
15 49 9 77
8 43 63 99
78 82 89 3
35 88 37 75
4 26 92 71
46 68 63 71
36 89 29 16
34 76 4 10
79 87 62 55
59 64 87 37
38 49 83 98
22 76 8 9
45 99 53 37
7 52 32 82
48 91 75 26
