100 3917
10 62 64 1
55 84 90 12
4 76 9 83
19 27 24 31
18 74 66 9
3 96 31 8
24 76 11 99
4 19 34 23
30 34 79 38
27 100 44 64
9 61 64 32
33 61 17 75
14 93 57 5
59 71 58 1
14 73 92 15
54 63 98 93
34 40 53 95
53 62 46 9
38 71 25 87
31 44 28 90
11 98 30 84
40 61 94 43
32 69 17 94
1 46 46 38
11 46 50 72
52 91 46 40
15 24 23 91
20 87 71 8
22 51 94 84
11 17 54 84
60 64 84 50
11 88 97 48
50 75 40 8
19 74 100 49
5 89 35 39
33 44 20 30
28 84 61 39
63 81 69 70
40 41 90 41
4 84 39 61
17 98 51 60
19 75 89 30
58 59 73 89
83 96 50 63
61 92 11 63
13 86 93 69
51 77 86 94
36 45 42 30
28 87 94 4
8 15 55 14
19 81 69 3
82 94 18 74
37 51 83 96
4 7 33 86
46 47 95 53
6 66 58 78
1 53 96 38
13 84 7 50
25 91 6 52
20 61 85 31
46 56 80 57
68 71 95 36
90 97 18 17
20 26 37 3
9 60 36 7
6 9 56 33
2 80 45 56
28 76 78 86
1 35 86 37
15 87 89 65
81 83 24 65
35 64 33 13
80 81 5 81
50 51 4 24
12 38 91 32
52 70 28 28
87 99 53 62
36 64 5 98
8 57 25 78
47 70 57 48
13 70 38 75
11 28 64 18
7 84 76 40
47 83 85 58
46 90 21 81
2 64 82 15
66 86 100 72
29 32 48 99
53 73 100 55
29 94 100 21
70 100 84 97
36 93 64 52
8 90 65 75
72 78 45 70
43 88 34 23
24 46 91 79
21 24 95 63
53 67 24 64
7 48 50 24
29 74 1 30
1 9 71 45
8 69 71 28
19 95 54 76
8 16 9 24
7 14 31 26
27 31 55 26
39 62 67 88
17 78 55 84
30 76 88 98
43 74 57 70
13 98 88 69
55 82 76 77
55 66 51 25
27 76 94 18
33 48 19 52
2 70 48 78
32 52 17 62
3 61 27 55
18 85 7 45
28 32 44 41
37 80 20 25
22 35 24 79
10 11 75 11
17 68 22 83
52 79 90 31
34 90 54 97
1 87 84 20
41 52 57 48
25 99 91 49
85 92 96 26
19 32 70 65
21 50 35 90
50 72 44 41
83 93 6 79
35 37 88 2
29 97 93 2
40 83 35 46
43 96 5 96
52 63 23 98
73 78 39 47
76 93 69 90
28 48 81 50
61 64 76 48
23 80 90 72
28 60 48 66
43 54 54 71
14 53 19 7
10 75 73 34
49 77 29 34
28 95 56 34
5 51 47 79
16 68 92 57
15 20 43 71
16 59 48 72
44 54 11 5
25 64 23 19
74 76 74 91
7 90 87 29
3 78 49 96
5 16 92 50
57 59 21 96
47 71 61 72
40 81 81 74
20 77 37 42
3 53 60 60
11 56 13 10
21 25 19 76
27 52 44 45
55 91 37 71
24 33 18 44
51 76 50 73
53 68 72 79
72 95 79 49
28 59 71 75
12 90 26 34
23 93 3 40
47 68 17 71
5 98 33 34
71 87 60 89
44 72 69 65
52 83 3 10
49 53 55 4
62 99 86 82
43 99 24 64
23 26 82 39
55 99 58 53
43 48 49 23
16 31 20 98
75 91 95 24
17 35 99 17
42 72 85 74
21 36 41 43
39 66 28 50
32 80 79 10
73 90 27 44
1 10 15 33
10 44 14 90
8 71 63 72
41 89 10 31
21 80 73 59
7 78 27 27
70 85 68 31
3 4 68 37
63 68 47 92
68 90 82 27
2 4 26 76
42 49 73 2
63 70 8 99
30 74 52 63
5 56 4 12
32 63 7 41
28 31 42 30
24 89 6 90
28 49 1 56
5 69 51 99
69 91 94 54
38 53 71 5
4 75 17 80
75 96 96 74
23 44 83 14
5 45 94 32
19 72 30 95
12 48 52 60
34 62 20 5
41 85 31 16
71 82 87 16
15 46 64 97
23 82 18 27
65 71 61 19
50 68 20 79
79 91 41 100
23 32 67 25
5 93 32 40
2 82 53 84
80 97 32 30
20 44 7 43
31 96 72 31
43 76 4 20
12 53 68 58
56 70 72 55
50 62 13 84
61 73 48 8
51 83 60 58
9 86 22 43
64 82 25 45
16 66 8 37
53 72 81 1
6 80 42 73
48 52 64 7
52 88 66 29
78 90 20 71
2 66 36 94
19 42 1 69
66 90 4 100
3 63 49 9
11 58 7 88
80 96 53 21
14 41 30 46
18 79 67 91
44 69 36 32
22 46 92 94
71 93 100 15
29 66 61 41
23 25 48 65
13 49 30 98
16 73 95 30
75 86 31 2
23 34 43 24
6 86 42 64
42 67 25 34
30 84 8 100
41 79 41 27
18 37 47 15
48 57 14 92
5 48 74 17
3 60 53 81
12 80 66 87
29 47 30 37
5 18 36 5
10 68 60 84
76 100 52 71
3 25 24 56
30 100 36 80
42 47 66 41
7 54 64 90
74 97 54 93
87 93 28 37
14 71 35 79
41 90 66 23
20 96 65 30
20 25 42 91
47 51 1 35
68 78 63 77
1 94 52 81
4 10 46 28
15 40 52 12
50 81 98 88
3 66 69 53
91 97 79 9
64 70 32 99
3 99 46 17
68 83 37 2
7 61 79 96
77 82 54 84
23 87 69 3
58 69 83 39
82 90 17 15
69 80 74 48
37 67 21 41
10 46 47 52
15 19 99 50
72 74 4 46
53 98 35 77
22 23 36 88
28 53 54 87
19 57 37 48
28 67 30 95
13 74 70 70
3 94 80 26
15 52 20 61
40 73 43 84
81 82 9 38
3 95 57 16
27 45 26 14
3 81 84 83
39 58 75 4
81 87 93 45
5 68 37 92
17 94 50 40
8 93 88 69
13 22 42 4
27 33 39 95
56 86 96 39
45 96 59 89
50 78 50 13
3 36 69 51
12 91 93 26
19 54 90 57
43 66 10 83
35 57 35 49
57 76 50 32
51 70 48 24
57 87 66 31
6 57 75 100
34 75 40 58
23 85 82 74
63 73 86 71
2 8 77 70
4 63 51 10
51 73 39 94
31 95 16 95
2 56 83 87
49 68 77 15
29 64 82 43
65 72 98 87
41 67 7 59
63 82 37 52
75 81 73 58
16 45 55 13
13 81 22 77
57 84 42 10
32 93 36 81
84 96 95 8
37 78 47 14
89 100 15 2
18 32 2 97
26 58 75 99
39 55 97 21
8 66 94 78
34 87 99 41
1 21 19 50
51 52 33 6
23 61 38 5
14 76 96 68
65 96 35 95
12 97 68 16
10 25 3 83
56 65 14 96
7 77 8 92
9 63 60 19
18 50 6 53
8 89 11 30
33 41 96 79
64 90 40 88
49 83 25 53
47 97 50 49
46 94 58 94
60 65 64 19
6 46 64 83
7 82 69 8
71 89 15 58
9 97 84 88
72 79 11 60
17 54 98 37
44 61 71 67
18 54 14 97
14 34 45 9
26 100 37 15
2 96 89 22
53 75 80 36
65 98 4 32
21 67 74 80
18 25 66 21
44 95 1 53
13 67 35 94
20 70 83 13
24 67 8 88
51 69 14 28
39 86 77 19
74 87 70 5
15 85 45 13
51 64 50 56
48 93 45 34
56 71 27 10
1 30 62 68
47 81 21 66
68 81 90 60
24 38 25 7
29 30 81 1
54 87 62 84
59 92 40 71
45 77 48 50
35 90 83 40
21 96 67 90
83 99 47 40
51 63 98 19
32 56 73 95
12 26 29 40
5 67 61 2
38 91 90 47
24 84 97 1
66 89 84 30
34 41 95 37
10 38 44 77
52 94 10 50
25 86 81 20
15 22 53 31
26 77 4 52
4 43 4 23
42 58 21 32
19 80 54 11
10 83 50 59
23 49 12 22
56 68 85 18
46 68 78 13
3 21 34 43
41 54 34 90
24 41 28 8
14 98 17 74
2 69 92 66
54 84 89 26
50 84 86 47
37 93 98 46
65 100 68 24
68 98 57 87
16 96 10 17
16 42 21 49
48 62 22 70
35 92 44 40
20 81 52 92
72 84 11 92
2 32 100 64
59 91 36 63
29 96 61 37
33 47 46 20
48 56 7 13
26 38 34 100
59 79 25 17
32 100 80 67
15 48 62 97
87 98 11 18
29 88 51 35
14 54 93 57
13 20 27 29
70 76 87 58
91 99 38 92
20 42 89 26
22 78 4 66
66 74 45 1
90 95 31 85
55 90 26 40
4 35 20 27
30 65 74 70
50 86 82 84
55 81 40 22
17 52 19 2
12 87 38 88
3 98 38 32
30 52 26 52
90 94 90 10
27 51 14 63
4 34 43 76
78 82 43 7
13 64 80 55
28 92 39 59
5 42 2 50
37 79 19 26
3 73 16 23
8 24 4 75
12 55 35 24
26 39 13 80
41 78 5 4
65 77 60 25
31 50 26 12
82 87 48 66
33 57 54 82
36 44 93 34
4 61 62 79
1 51 86 91
15 45 61 6
10 19 58 16
10 76 55 82
87 97 26 21
10 61 22 36
8 13 64 76
27 55 43 91
31 45 100 97
13 43 12 76
36 86 47 64
10 87 55 6
8 78 49 93
69 77 26 30
12 71 67 9
52 84 50 77
71 90 5 16
14 100 14 91
44 75 15 10
30 59 52 1
4 36 34 90
1 70 50 62
33 67 95 17
10 95 90 98
38 80 1 62
2 24 30 15
77 90 65 19
31 34 1 98
14 84 14 92
53 86 61 52
2 5 79 8
73 79 51 90
13 96 9 81
53 80 34 77
30 31 71 17
13 47 56 76
9 33 1 97
59 80 68 81
19 39 43 34
49 90 82 20
95 98 94 6
86 93 77 54
34 95 25 49
10 91 71 38
33 59 70 84
45 49 75 59
26 66 12 86
27 39 51 78
35 88 52 68
30 99 73 4
21 98 16 35
69 88 47 3
10 39 72 64
92 95 53 29
63 83 42 53
75 85 14 66
16 33 28 19
24 65 52 39
90 99 49 15
36 74 54 19
40 91 35 41
48 50 89 99
1 63 65 22
15 68 14 29
33 35 30 14
17 61 67 91
24 74 16 46
32 44 44 71
57 92 32 78
39 48 78 79
48 74 71 86
57 73 57 44
21 73 76 84
77 88 19 15
20 93 2 57
54 70 18 68
41 100 14 38
62 97 97 68
70 89 11 64
20 22 35 67
38 58 66 45
29 99 68 73
24 95 40 31
66 92 30 7
11 34 62 42
39 89 43 53
5 9 31 41
36 68 100 43
12 17 43 28
12 20 67 24
13 48 93 92
15 94 26 66
69 94 16 81
8 31 18 99
66 72 47 39
58 72 17 75
79 92 13 54
42 81 69 8
19 37 4 57
64 68 79 34
32 72 30 7
5 92 42 43
36 82 61 100
19 40 45 13
13 44 77 96
53 64 91 13
34 66 65 62
27 29 4 7
29 70 35 47
20 78 14 84
72 83 16 44
43 97 69 38
5 49 72 34
22 76 6 65
26 81 50 32
16 76 57 75
2 49 6 1
8 65 91 14
50 67 68 84
67 96 3 62
62 98 99 80
5 73 47 37
76 89 96 27
39 97 1 18
6 11 14 61
67 91 6 10
48 86 42 69
4 52 65 4
65 88 18 55
48 53 39 21
3 72 85 65
18 98 14 96
38 74 6 6
3 29 73 31
24 72 60 72
7 65 75 13
14 74 52 24
3 13 89 89
77 92 45 29
71 86 73 14
69 74 47 63
54 56 84 62
87 100 19 46
38 79 85 86
39 79 33 44
3 79 47 55
1 20 76 53
56 82 41 47
6 95 21 44
40 46 26 20
41 68 40 24
37 43 18 25
85 90 27 96
57 71 83 37
29 44 67 3
12 49 49 73
70 78 36 76
55 57 92 79
10 50 65 99
17 27 71 52
27 63 23 96
14 60 84 39
12 89 11 72
13 63 37 2
13 91 48 17
86 94 84 17
50 77 96 89
26 68 2 99
17 18 81 41
12 82 58 91
64 73 45 61
33 34 61 69
25 75 67 3
31 74 77 89
18 20 76 26
78 97 62 60
21 23 87 41
40 80 39 87
24 87 27 9
36 92 72 5
53 60 25 28
6 99 1 84
91 95 4 84
4 48 15 23
11 41 96 2
31 56 67 55
17 26 19 24
35 65 2 55
24 43 65 57
21 71 16 32
25 41 21 64
18 53 72 38
12 24 26 93
38 45 37 79
9 67 21 77
11 12 89 33
13 97 54 75
64 100 47 52
33 42 56 33
58 82 96 86
11 47 43 99
3 75 58 84
84 90 57 61
72 90 29 19
15 98 89 61
11 15 29 21
51 56 30 2
4 21 13 99
61 94 62 69
19 76 58 92
7 10 64 1
27 32 22 76
60 63 79 2
65 76 18 16
23 47 67 27
5 80 96 23
40 64 31 74
18 26 18 45
26 44 90 27
4 9 18 33
62 93 77 72
26 76 52 93
24 45 6 100
29 53 38 4
22 74 24 12
50 60 94 46
3 44 33 3
40 47 86 31
1 18 56 93
28 52 100 45
32 91 19 32
63 88 5 14
11 42 64 2
65 74 34 12
26 47 60 17
22 49 84 48
83 90 77 69
74 88 87 42
51 86 31 77
9 35 90 61
29 33 10 61
19 43 97 48
2 67 71 36
26 46 98 32
29 89 96 14
52 54 33 98
1 19 5 2
38 83 61 46
15 34 26 38
19 66 39 80
11 64 96 35
24 93 14 100
18 29 16 27
48 94 4 23
15 61 24 23
60 71 71 46
20 67 76 33
30 51 4 32
66 81 94 49
82 91 59 53
8 98 89 31
27 97 22 81
28 71 28 24
45 46 78 55
29 57 34 60
1 24 55 68
17 95 10 22
12 62 17 69
24 68 24 73
27 50 97 13
9 59 97 14
8 33 42 22
93 99 23 67
2 36 24 86
64 71 23 15
6 87 70 81
11 31 96 66
41 45 50 38
27 71 71 83
32 38 26 79
29 58 95 59
39 65 95 66
22 28 8 8
31 91 81 98
83 87 41 3
47 57 93 57
11 87 56 23
64 85 100 100
23 56 10 60
20 66 36 4
5 94 51 57
38 77 74 6
42 91 99 35
5 38 35 93
4 99 92 100
1 98 35 64
32 83 25 93
36 72 64 51
25 77 81 77
89 94 34 11
4 20 54 23
30 68 28 20
13 57 97 22
18 97 41 90
63 76 91 12
21 89 53 1
42 60 25 10
33 60 29 14
30 46 20 94
58 86 55 63
42 66 9 35
23 90 43 88
37 71 47 15
70 75 84 7
81 84 57 12
86 90 62 83
10 57 22 3
76 91 84 9
39 95 77 96
52 78 29 77
52 97 72 37
19 88 38 81
25 88 100 91
6 63 65 18
38 59 31 59
32 98 98 78
7 21 94 79
30 90 99 57
41 72 75 35
18 81 3 13
24 28 82 63
23 62 54 31
15 30 24 25
39 60 57 61
27 89 95 57
44 59 38 79
6 79 56 70
11 65 58 7
36 46 64 86
42 100 62 24
7 59 42 64
65 92 39 88
60 79 78 19
8 41 17 88
9 46 85 1
39 82 57 87
46 93 6 77
55 56 8 12
54 89 2 6
18 35 19 2
88 100 10 79
68 72 61 83
63 84 51 9
17 96 57 48
21 66 84 84
14 39 82 35
38 56 34 75
18 80 35 76
27 60 64 72
24 85 90 74
4 14 25 24
68 73 5 16
1 90 63 94
13 33 62 47
85 96 100 1
11 77 46 82
8 48 8 4
25 96 57 20
3 50 50 35
5 97 42 41
5 76 21 28
9 40 97 83
3 51 74 25
25 83 62 7
39 72 63 5
28 74 10 13
54 93 33 86
31 65 30 29
3 85 93 99
28 89 96 4
28 77 75 6
9 73 86 59
7 76 45 85
32 45 47 69
46 82 92 17
30 57 58 17
57 94 69 53
45 90 47 73
31 100 90 59
75 78 81 52
15 95 61 48
70 90 25 50
3 55 94 72
52 60 51 24
10 69 93 51
33 50 21 50
44 100 73 59
41 53 79 74
53 65 13 57
1 82 82 1
51 94 73 81
53 61 29 69
8 12 77 52
26 89 30 52
24 32 74 98
4 27 32 51
38 44 91 4
12 27 90 39
77 94 39 62
21 74 31 62
41 88 79 71
15 43 72 96
35 87 55 94
19 91 61 19
33 55 70 43
20 91 7 86
16 58 77 37
64 99 90 61
29 40 28 53
44 63 17 15
21 44 58 85
5 58 57 42
85 93 47 68
50 87 16 73
20 64 54 85
69 95 30 6
58 67 76 46
11 35 7 59
39 50 14 19
26 64 92 22
87 92 19 81
35 72 98 36
4 88 41 57
44 67 91 88
6 40 35 71
2 89 12 92
93 95 83 81
4 83 60 91
70 95 52 70
46 59 85 67
23 30 32 3
10 70 25 30
15 96 69 12
61 93 55 29
52 81 51 24
72 96 91 88
17 53 98 53
18 67 98 26
79 81 97 13
54 85 61 33
16 74 85 70
65 78 54 2
50 52 100 27
2 88 76 48
40 87 58 94
28 37 46 84
3 84 39 94
49 80 76 34
34 94 51 43
5 78 9 18
5 52 71 39
31 86 27 84
2 62 50 31
29 85 10 98
11 44 4 20
6 41 32 39
24 26 23 52
87 91 48 11
38 93 45 91
6 76 77 60
55 94 12 40
56 63 16 73
34 42 96 69
2 13 24 38
30 62 77 16
6 65 26 31
12 72 99 44
13 17 39 12
35 83 34 5
7 29 32 28
12 57 65 100
33 97 21 24
47 89 52 80
54 69 75 33
40 49 86 91
14 50 18 75
44 56 80 90
68 95 56 72
35 48 9 83
25 53 87 100
39 53 78 84
82 85 20 74
9 53 47 56
7 13 80 37
55 60 34 76
11 72 35 86
63 77 61 89
79 85 16 81
12 43 72 43
72 94 14 59
6 23 67 7
33 37 14 82
33 82 99 45
10 42 89 18
7 38 61 90
22 61 54 18
1 41 52 71
60 83 59 62
18 78 16 61
16 52 69 27
33 52 74 66
1 72 14 56
42 51 25 87
27 95 19 29
1 100 77 54
2 47 89 88
47 96 69 31
16 75 34 50
26 52 40 41
35 47 98 41
86 100 24 58
37 94 82 29
61 99 2 25
57 64 74 73
25 93 3 75
8 27 6 28
50 99 77 51
13 66 78 99
21 79 51 71
21 92 53 95
17 50 13 45
5 28 17 23
44 64 46 58
6 25 82 30
46 80 3 77
18 77 98 78
23 52 43 36
39 73 92 37
56 95 10 27
1 54 21 45
9 84 66 4
1 44 19 12
17 79 68 34
55 61 56 18
26 99 99 80
16 39 100 71
38 84 10 37
33 74 92 87
62 94 19 92
57 65 40 47
41 74 32 49
30 43 71 100
40 89 20 35
51 100 64 51
31 46 12 37
21 56 67 61
9 90 18 23
18 84 40 32
3 35 78 8
42 97 87 24
47 84 20 41
26 34 8 84
52 95 59 86
38 78 37 25
36 88 54 6
35 49 92 22
26 59 47 33
32 61 84 64
4 77 2 52
28 85 17 57
56 64 20 100
59 61 97 33
40 84 12 85
12 35 30 10
98 99 90 66
43 85 99 85
7 45 94 69
18 38 80 39
3 42 35 49
9 22 25 72
36 42 98 91
9 48 63 39
5 17 90 20
24 79 46 49
16 22 50 4
27 49 7 86
48 70 82 85
37 52 45 30
22 31 86 25
35 70 61 78
17 56 27 61
21 29 82 87
54 90 66 29
48 67 5 15
23 31 11 1
45 58 87 66
10 29 47 29
34 85 14 43
10 55 98 87
49 65 92 19
73 87 93 97
17 22 45 84
18 22 97 15
34 65 57 52
19 49 63 46
11 89 1 82
81 99 80 95
34 52 4 51
26 27 82 80
20 63 79 40
6 69 48 60
28 97 82 49
12 93 4 92
57 91 21 59
15 59 66 81
4 24 54 4
14 33 42 29
56 93 78 21
58 78 97 25
6 8 62 26
65 90 33 9
53 92 91 61
29 76 75 55
60 66 77 48
69 92 27 6
89 98 39 32
23 96 9 85
77 93 99 15
82 88 46 62
67 87 89 11
4 93 16 10
4 29 76 5
20 86 86 69
42 55 18 47
41 69 81 60
22 25 96 100
40 71 6 21
17 85 71 71
18 40 56 36
10 31 97 32
5 6 66 98
40 50 50 66
11 80 92 51
38 72 11 99
23 33 60 57
25 40 15 24
2 22 24 17
35 96 57 85
66 70 14 89
86 99 72 42
44 47 12 96
17 57 45 69
4 56 11 40
56 98 81 46
47 91 6 36
7 19 15 47
18 75 8 89
18 93 25 95
1 12 73 31
24 69 33 19
26 71 34 96
32 89 44 75
19 96 87 72
22 67 21 47
51 59 4 29
36 59 42 52
36 63 62 30
50 88 80 26
30 67 38 87
45 91 99 36
49 50 50 90
6 78 52 88
43 53 23 68
2 58 3 66
67 71 76 3
48 87 72 3
28 86 7 5
31 79 89 2
85 94 13 70
77 86 55 47
82 93 50 6
59 98 64 30
32 37 68 70
86 98 31 96
89 93 18 62
6 51 96 75
32 94 19 47
21 75 39 26
19 64 26 50
63 94 12 61
15 41 14 58
1 95 79 14
18 27 60 26
57 79 96 54
48 96 23 34
31 43 60 55
34 53 80 2
14 81 65 47
22 64 48 7
29 73 64 34
32 74 67 62
34 51 23 88
14 52 43 83
44 50 23 10
69 99 41 30
77 78 64 10
1 16 45 89
8 32 73 14
35 62 51 2
65 79 11 21
40 75 25 12
8 29 46 19
50 65 86 53
23 81 61 14
33 76 15 50
59 97 50 15
65 73 15 19
4 57 27 4
10 81 47 16
4 90 80 71
14 82 10 26
6 34 99 44
2 97 22 86
53 96 45 9
17 24 3 45
27 96 50 49
2 31 19 36
65 80 5 89
21 49 12 76
10 78 89 85
78 100 19 38
8 84 85 85
36 38 21 72
66 88 50 33
27 44 63 36
35 84 40 71
42 96 14 55
40 48 49 93
22 26 61 27
27 81 29 79
23 69 49 98
14 97 92 42
11 40 76 70
51 53 50 39
33 62 21 30
36 97 86 73
25 68 2 82
15 63 41 42
19 90 9 26
42 79 34 29
66 97 23 56
23 58 38 92
80 85 90 4
42 43 84 19
31 37 69 14
33 78 9 18
53 97 45 36
20 74 84 51
45 84 50 11
64 94 63 89
62 69 69 40
76 87 21 91
9 58 76 82
8 39 26 57
55 64 98 66
7 28 42 12
45 54 2 25
5 31 27 90
35 43 86 96
3 28 89 48
71 81 10 55
68 92 6 25
25 37 63 53
41 66 95 18
37 66 51 12
79 94 88 61
64 74 96 32
12 84 35 9
44 84 49 50
9 50 45 2
36 57 31 90
5 79 32 10
27 98 61 95
23 57 25 89
6 47 66 65
43 55 85 38
21 27 87 29
48 100 18 11
34 76 100 5
21 35 94 20
42 45 1 49
91 96 66 64
23 50 44 12
9 70 18 80
1 23 23 16
36 51 4 47
77 83 72 60
51 91 70 41
10 16 87 56
36 39 1 49
15 33 42 52
20 43 15 70
11 63 91 6
11 45 45 14
52 53 93 4
57 95 49 55
39 88 37 14
14 27 55 96
44 93 17 27
22 83 76 96
1 8 37 100
92 99 33 20
39 98 85 59
1 13 59 6
11 99 45 46
13 46 84 13
34 54 73 8
72 89 69 32
3 69 66 47
19 23 9 79
60 96 66 17
21 97 13 55
38 95 64 78
56 87 53 57
16 38 82 25
51 60 51 46
52 99 70 73
21 69 89 72
24 100 93 44
18 23 60 10
1 48 68 56
12 32 77 3
76 77 25 42
66 87 44 51
88 99 97 11
60 80 53 47
61 68 81 8
8 63 55 77
28 73 22 57
82 86 46 4
50 93 64 25
2 79 1 66
48 61 53 66
17 60 19 41
11 48 4 97
3 64 91 45
9 64 15 59
28 38 1 32
46 55 62 2
20 98 71 84
10 51 99 70
12 64 47 81
25 56 42 25
18 44 74 84
35 76 100 97
3 11 33 68
8 92 58 60
42 80 22 27
14 91 53 17
16 27 5 10
46 49 100 48
31 64 60 91
63 78 39 60
13 72 33 45
5 46 98 18
60 92 94 98
77 85 34 61
10 96 91 13
35 85 12 35
46 64 51 10
32 34 99 97
4 18 26 61
47 58 49 56
35 78 73 29
40 67 97 68
61 78 8 80
30 92 87 10
48 76 96 73
62 88 38 61
37 95 39 30
59 99 45 13
25 28 95 78
80 98 3 91
47 54 68 25
67 72 14 57
24 57 70 13
55 68 42 54
7 53 99 97
31 80 81 34
16 81 8 55
3 88 55 76
16 34 25 10
79 98 89 25
38 87 98 12
8 74 80 98
29 93 78 32
32 64 66 32
67 86 15 3
8 77 9 15
25 95 74 41
55 78 60 1
14 17 89 47
3 100 69 37
4 72 38 72
59 82 86 16
12 19 62 80
52 92 17 66
22 95 85 33
9 24 94 81
60 93 3 11
19 51 77 30
42 73 62 88
50 53 57 8
2 99 40 39
1 36 67 26
18 64 46 33
16 92 62 64
61 63 73 84
7 72 16 15
23 78 17 71
69 89 84 36
36 100 95 92
15 71 96 41
84 89 36 42
10 72 94 74
25 38 12 34
15 16 51 17
3 80 40 56
63 75 22 92
20 75 53 100
44 58 96 22
66 73 97 85
48 84 52 11
67 92 15 7
5 63 78 100
34 71 72 100
19 79 30 87
3 40 31 23
7 67 42 49
6 71 1 54
14 94 58 22
47 62 40 88
53 94 77 40
46 67 92 86
26 35 70 65
19 34 68 91
15 57 56 52
64 77 50 74
13 40 12 12
35 46 99 25
16 55 92 73
54 61 56 9
70 81 62 47
71 84 1 59
10 97 87 94
11 32 95 80
25 85 52 6
15 73 90 95
53 88 98 23
9 43 72 45
11 73 31 20
71 76 13 24
30 71 36 21
1 40 70 54
56 99 20 21
27 48 93 36
66 68 88 93
77 79 71 65
1 27 41 68
39 63 50 30
9 26 39 75
7 83 53 34
21 43 90 50
6 17 13 65
38 81 6 74
7 35 85 74
80 83 82 84
40 66 46 54
58 74 63 17
26 43 72 39
26 48 39 11
89 99 14 86
56 60 93 25
13 100 15 49
70 79 88 8
19 63 78 43
20 65 3 47
46 69 3 58
8 28 94 76
17 71 5 21
5 60 97 13
32 84 33 19
73 80 89 97
18 24 15 21
4 49 3 88
31 66 15 84
3 77 54 26
6 36 8 11
57 72 56 64
4 66 69 13
36 90 17 51
21 32 98 22
45 63 81 46
27 36 56 48
48 73 82 13
7 36 72 100
16 24 39 9
11 38 56 9
12 75 6 71
16 60 68 7
41 99 68 64
30 80 94 9
14 43 66 10
41 63 30 74
22 36 7 50
26 84 8 86
8 42 17 89
66 79 38 94
32 88 65 93
33 98 18 19
19 24 68 63
3 83 21 68
82 89 76 60
50 89 24 51
8 55 91 94
6 30 13 90
14 20 99 79
76 86 98 10
8 96 36 26
14 49 99 43
57 69 39 15
73 89 60 84
76 99 85 96
24 53 70 12
14 86 48 16
53 83 47 77
40 100 40 33
38 64 51 26
47 90 4 92
81 85 72 38
22 66 47 25
63 79 52 93
14 42 27 13
27 80 62 91
68 96 65 6
26 73 87 1
58 79 30 86
94 97 31 61
22 44 79 9
20 82 93 58
22 55 38 85
28 42 99 98
96 97 37 14
25 73 30 31
57 70 47 60
44 71 75 53
67 90 90 28
31 73 94 85
53 76 44 50
71 74 63 19
14 63 80 21
43 93 25 6
37 83 35 40
2 78 16 6
34 79 40 16
33 77 65 58
9 16 45 29
64 67 79 33
47 94 1 84
29 49 9 21
3 12 71 70
23 68 62 46
43 68 40 51
38 50 100 23
22 70 8 76
21 72 69 23
47 56 92 44
27 91 74 35
46 62 28 24
29 35 41 3
53 89 54 28
2 41 77 92
9 99 12 77
18 49 70 85
41 86 1 15
68 70 72 90
1 97 35 83
10 33 78 63
70 87 83 67
5 7 98 49
32 54 76 89
59 83 83 66
36 61 45 18
23 83 14 8
25 65 19 92
30 82 76 100
4 47 82 14
18 46 86 33
17 99 86 41
31 52 31 66
7 40 65 41
38 42 29 23
6 37 7 64
56 78 75 65
7 8 83 50
9 72 63 5
92 100 12 98
39 54 89 71
58 60 90 77
25 62 51 83
4 39 33 67
17 19 8 60
20 69 49 19
39 64 37 59
26 50 41 52
20 49 79 68
54 73 73 50
35 40 22 93
28 35 3 12
22 91 5 53
50 56 28 99
80 91 53 48
4 69 71 19
42 87 74 8
74 78 99 78
9 44 57 31
31 92 24 32
81 89 12 90
6 94 45 30
14 48 47 45
1 86 16 78
37 41 2 38
10 65 92 51
39 80 76 100
13 21 70 17
4 50 81 71
75 97 89 67
44 74 40 47
12 28 17 6
31 59 19 66
14 78 64 80
73 84 49 49
27 84 54 6
33 36 82 24
83 86 80 8
5 75 41 99
46 51 100 81
72 91 23 79
10 40 75 76
3 8 13 74
7 57 54 95
83 92 75 90
65 67 8 35
60 87 51 56
44 97 43 39
85 88 97 5
28 96 61 95
34 88 52 46
16 41 31 60
62 63 75 24
24 29 84 70
18 99 47 13
2 61 78 31
2 46 7 13
3 30 14 83
4 74 4 7
65 97 45 70
11 71 99 65
52 100 92 88
6 90 44 52
15 60 10 97
18 62 13 36
17 76 3 60
46 52 32 76
50 98 44 35
75 82 1 98
65 84 53 92
4 100 18 73
21 91 25 42
8 95 19 21
19 67 13 32
43 84 37 62
17 93 7 29
13 71 89 100
4 8 63 42
37 69 56 74
38 82 52 88
45 93 50 9
29 41 81 31
38 94 8 93
24 30 17 50
13 60 20 85
53 78 58 45
6 56 47 66
76 94 76 25
34 83 3 20
11 84 70 29
12 73 17 29
68 88 28 85
21 22 89 18
8 20 23 31
63 67 70 16
17 75 32 77
6 75 90 51
22 45 44 95
22 89 18 54
29 63 100 92
88 98 3 43
24 44 20 8
24 98 48 31
60 67 76 19
24 51 99 77
3 23 51 75
51 66 41 81
34 81 100 29
10 89 92 97
27 78 7 35
46 98 45 76
83 89 92 64
16 70 49 94
31 71 61 33
79 82 56 89
72 81 28 64
43 91 29 40
8 99 10 48
38 49 35 13
28 66 75 37
31 33 4 20
3 49 67 9
32 48 39 52
50 63 75 16
12 83 2 6
44 81 89 5
74 96 70 53
7 75 65 42
1 38 69 8
16 43 46 46
7 74 28 41
33 91 51 98
38 61 44 94
94 100 4 75
37 98 6 57
13 36 34 20
2 35 16 100
2 28 14 47
12 76 82 6
19 35 74 84
7 60 70 48
99 100 9 39
18 71 77 18
49 81 24 7
5 10 93 44
13 18 57 95
29 36 40 55
11 86 93 38
64 81 36 94
4 87 72 68
15 55 16 13
17 37 37 34
31 47 78 34
41 80 52 37
36 78 28 18
15 84 40 52
75 76 27 9
55 69 79 44
28 70 62 93
5 83 81 2
62 75 2 49
32 47 68 21
22 75 83 21
33 96 78 98
2 6 37 89
6 83 67 58
16 17 44 15
66 77 3 41
17 63 40 37
39 61 43 2
56 80 92 57
14 15 51 11
19 68 21 8
42 89 46 99
8 36 66 82
11 66 12 60
38 67 1 19
44 77 70 9
4 65 80 45
44 94 6 55
5 43 23 36
29 84 24 70
43 47 52 1
73 92 79 41
25 63 73 44
19 70 26 74
27 66 57 13
67 74 29 42
23 64 20 62
68 76 81 20
28 63 100 85
18 83 45 50
49 66 67 65
34 98 23 40
18 48 73 53
50 66 91 13
23 53 75 64
14 64 5 55
61 76 40 56
81 96 49 59
45 48 20 49
40 88 54 42
14 62 29 55
3 31 38 11
5 96 31 65
15 58 74 21
32 86 96 76
18 63 37 21
14 66 67 90
16 18 53 27
9 80 28 100
47 98 43 19
82 95 15 13
46 72 80 50
34 100 29 75
46 100 54 64
29 45 68 4
29 87 10 50
12 23 92 39
26 49 74 97
50 100 15 1
7 49 64 56
8 14 59 1
4 51 91 34
37 46 54 32
5 26 34 20
11 70 10 40
33 49 70 21
14 51 74 5
33 46 34 46
4 25 5 90
42 56 3 80
37 73 33 65
25 80 28 57
59 65 11 36
18 33 54 7
41 92 84 50
89 96 90 51
26 67 77 25
2 75 50 87
18 42 57 73
28 47 89 22
50 74 51 21
53 99 46 21
78 94 95 61
43 51 19 39
4 89 27 44
95 99 76 67
2 55 59 49
39 41 23 36
32 96 72 39
34 48 75 7
61 100 49 91
36 73 88 64
37 100 20 71
4 96 44 25
74 77 5 56
8 81 10 77
8 49 31 69
91 100 70 50
58 91 13 68
11 51 29 69
25 92 4 96
51 84 72 80
54 92 16 77
13 42 57 58
24 40 46 65
28 46 38 85
11 43 38 30
20 89 13 91
79 84 25 99
45 74 63 63
37 82 9 57
48 99 19 69
29 81 81 95
12 39 80 12
13 68 18 75
73 76 11 2
37 38 28 30
63 65 82 40
57 88 16 99
7 37 96 64
19 22 9 54
51 80 85 8
16 46 57 4
29 72 43 60
42 57 31 66
21 61 70 19
89 95 65 70
6 42 92 72
47 69 52 28
29 60 45 27
45 51 19 91
67 98 41 25
5 71 66 23
10 92 43 9
14 70 39 63
3 39 31 34
80 82 55 65
49 85 53 88
34 77 67 20
53 81 31 99
39 94 67 73
27 59 33 53
4 32 8 51
55 75 81 37
11 81 84 54
74 86 79 3
60 76 3 43
54 99 60 67
14 75 32 2
50 71 23 84
13 73 35 82
41 97 65 60
49 91 44 19
20 51 16 22
2 94 62 69
12 85 63 80
4 26 7 48
49 100 28 46
22 32 95 67
8 61 7 20
7 31 94 81
8 10 68 90
47 99 87 55
11 49 97 13
18 45 32 76
58 66 45 64
21 40 99 60
55 86 41 65
31 38 11 74
77 100 84 98
67 76 88 65
3 37 68 79
54 60 54 49
32 73 75 68
28 82 11 71
29 90 93 4
38 86 88 84
14 72 46 44
9 76 87 87
34 99 12 16
50 91 95 87
29 46 34 37
22 41 31 51
53 79 30 29
45 70 45 93
67 84 71 50
31 69 90 60
22 60 90 87
41 76 16 90
13 24 2 86
26 56 61 66
57 81 8 78
6 70 5 38
4 59 4 38
18 39 73 3
71 85 58 80
17 82 86 47
16 20 82 21
4 70 65 63
70 94 54 19
40 78 40 63
15 93 40 64
49 70 3 98
30 60 84 2
10 60 99 58
5 50 21 33
57 58 70 30
40 72 67 31
70 83 42 5
8 64 1 14
3 7 45 37
8 88 68 71
7 11 15 57
36 66 54 54
78 92 24 48
33 63 64 20
27 88 38 50
10 63 12 2
21 87 35 34
6 38 12 65
43 65 100 58
48 92 18 11
37 40 14 47
57 93 47 50
60 98 1 48
71 96 14 77
9 78 39 49
33 71 14 61
50 57 42 9
66 98 96 8
14 55 62 38
7 52 50 16
1 67 53 29
1 61 49 92
38 63 70 74
58 85 26 53
21 60 36 45
44 89 4 49
40 82 48 50
23 65 13 15
7 79 98 95
8 46 60 99
73 77 47 6
47 53 67 59
25 39 83 69
50 58 74 41
45 95 53 18
69 98 49 63
44 90 18 6
7 15 59 97
78 87 38 58
52 57 46 88
27 67 23 64
64 78 31 27
21 48 23 29
45 76 100 96
94 96 1 25
6 43 98 35
58 71 54 15
8 52 83 59
26 32 97 24
2 27 61 5
80 93 55 13
39 78 85 57
3 92 84 33
7 23 48 39
5 40 26 31
25 57 64 74
8 73 49 95
35 98 17 20
34 55 29 28
29 82 34 67
73 100 80 44
25 35 74 84
27 82 63 29
60 86 42 75
61 67 51 26
51 61 8 36
51 74 9 33
4 41 61 30
25 79 3 97
42 48 89 45
8 80 29 38
51 96 75 77
51 90 4 36
13 87 100 78
39 83 87 5
38 85 52 41
6 50 50 74
26 42 72 66
16 37 93 46
21 52 88 81
33 85 97 38
29 77 53 73
36 53 10 28
4 5 75 72
47 82 44 6
46 88 98 83
25 46 44 70
52 65 99 64
50 59 2 43
69 97 94 86
35 51 89 12
59 75 75 89
51 82 14 50
25 72 92 4
41 56 87 95
19 38 32 42
10 90 12 59
3 22 46 55
6 84 61 92
40 99 73 45
49 52 67 8
15 18 46 31
1 7 81 62
52 67 48 93
17 58 54 53
17 41 69 51
65 94 79 64
21 39 34 29
84 92 50 48
60 94 53 84
26 93 63 61
36 56 22 57
47 92 57 70
15 28 48 20
26 91 27 18
5 57 2 54
17 36 21 86
1 96 64 27
28 33 70 10
63 100 22 100
25 90 35 19
9 14 40 68
7 43 3 95
34 46 83 72
22 92 45 24
45 99 90 66
30 50 59 13
18 69 60 10
17 100 47 87
75 90 7 74
27 53 71 55
43 100 5 48
32 68 1 27
7 42 34 65
17 70 7 81
17 97 60 66
83 100 71 1
3 34 93 37
61 87 52 66
32 60 63 29
2 37 14 4
40 92 19 68
11 60 86 55
42 65 27 25
24 64 26 36
80 94 10 39
61 77 50 17
11 23 19 93
52 74 18 7
16 90 34 87
16 23 40 14
29 71 28 20
73 99 89 27
4 81 24 22
78 89 99 69
56 92 13 23
60 62 64 57
60 89 33 35
52 68 45 44
66 96 66 19
32 59 45 53
62 68 69 19
55 65 19 21
33 94 41 80
6 53 23 35
41 77 54 84
51 99 70 15
8 11 1 91
41 50 14 63
14 36 52 68
1 3 90 8
15 69 27 9
19 61 73 77
2 26 83 78
7 34 20 3
11 19 95 73
70 99 40 42
22 68 22 9
12 51 64 49
44 88 4 15
21 88 11 96
21 42 53 56
58 80 78 56
2 40 78 39
48 78 44 94
6 98 13 1
39 67 11 26
17 88 37 2
2 77 26 94
6 55 78 25
57 60 59 42
19 58 99 67
1 49 5 91
17 30 91 4
38 88 41 31
23 70 100 26
11 30 54 83
21 95 47 58
20 100 4 23
40 76 67 62
8 58 87 1
57 82 34 42
12 100 48 43
67 85 1 15
22 73 87 76
51 81 68 98
4 42 41 47
70 84 93 33
11 95 52 82
5 81 4 21
71 78 17 24
42 84 51 50
46 74 50 95
15 49 22 77
20 31 30 84
61 79 22 67
56 62 44 12
78 93 76 17
9 28 21 69
53 91 97 66
81 98 24 71
46 60 18 97
24 39 34 98
42 98 34 84
25 78 98 36
14 68 43 14
44 76 75 25
6 97 92 86
8 87 10 45
80 92 74 46
20 99 92 23
40 96 62 38
14 37 6 1
67 82 9 73
15 47 2 7
24 49 28 44
10 86 80 48
65 99 50 88
32 62 53 97
6 58 12 15
95 100 81 10
6 33 54 9
6 19 23 100
7 99 40 95
34 44 73 50
71 75 96 49
44 86 14 81
13 39 80 41
16 100 98 20
56 75 59 69
39 90 98 86
37 48 31 31
23 28 42 88
2 74 64 33
22 24 32 57
8 18 54 89
55 62 54 83
74 84 57 38
37 76 63 55
52 98 85 20
63 69 67 71
17 34 29 96
25 94 10 28
3 26 14 36
12 41 32 19
48 58 55 80
35 66 93 3
46 50 67 53
19 20 88 15
17 84 87 83
7 41 95 93
17 65 21 21
22 50 30 29
52 71 22 16
58 76 88 27
31 97 53 54
8 100 52 73
45 60 24 37
78 85 88 18
28 57 9 47
61 83 78 59
4 40 76 36
6 14 26 60
62 66 55 5
26 45 68 17
5 88 28 32
25 29 37 11
28 30 90 44
92 93 39 97
25 58 41 17
28 40 94 48
34 58 69 57
60 97 77 13
53 90 88 24
26 74 81 26
38 97 51 43
19 30 79 27
7 17 84 73
12 92 32 87
1 83 40 78
55 79 20 19
7 56 98 9
44 48 11 66
27 57 19 28
21 37 60 12
22 65 89 64
9 17 74 95
50 54 81 52
24 60 55 82
31 67 10 37
62 89 22 92
13 69 84 83
40 45 13 3
44 45 12 25
9 89 16 24
34 84 45 14
35 91 1 46
90 92 76 78
35 56 21 1
71 92 37 66
33 70 37 30
63 89 41 89
57 100 32 17
63 80 51 70
72 92 92 72
69 84 82 9
1 5 46 11
36 40 58 84
21 41 97 45
12 70 18 6
20 55 64 35
1 2 100 73
64 75 78 88
1 45 17 13
36 84 43 92
16 35 78 64
24 90 70 73
51 97 100 22
12 54 86 29
20 33 69 40
12 36 46 7
24 96 67 87
22 63 41 87
50 97 12 99
9 19 42 71
48 60 2 13
10 30 31 82
1 79 40 96
58 89 11 51
7 87 96 20
62 84 37 82
68 84 84 46
16 50 17 87
2 59 40 47
42 63 12 9
19 82 9 60
12 31 38 35
14 26 71 42
6 22 27 62
16 40 73 6
15 23 13 47
14 30 67 11
38 92 13 54
14 96 53 37
23 48 75 75
59 74 17 89
26 70 43 75
27 93 75 35
2 52 83 7
80 86 15 50
10 15 48 96
33 39 73 31
20 23 33 53
8 54 14 35
27 85 32 26
40 65 86 94
38 48 13 32
63 85 99 51
13 61 29 9
71 97 46 24
11 79 90 24
71 77 92 22
58 100 97 18
57 75 48 97
42 75 78 32
36 89 34 96
7 92 79 76
50 73 92 19
46 54 68 70
10 88 18 50
5 74 11 32
27 65 47 28
5 36 9 47
42 94 72 69
34 69 77 1
25 50 44 77
1 73 27 56
3 6 39 100
45 82 76 40
26 85 41 53
70 93 46 65
29 91 90 80
32 95 17 14
58 75 16 72
4 80 58 27
75 87 80 46
28 94 40 26
15 53 66 76
47 49 52 44
66 100 50 86
58 90 94 60
26 65 13 9
57 66 85 77
23 75 10 26
72 88 76 41
74 79 81 46
47 93 58 53
72 80 93 73
5 34 88 20
1 47 13 97
46 91 22 10
18 58 41 61
17 67 47 65
42 90 23 79
27 61 71 36
63 98 23 82
10 56 46 39
5 11 92 47
21 59 16 100
3 86 52 42
47 64 50 21
62 74 27 100
7 55 99 2
2 21 20 82
57 68 12 54
2 34 33 89
59 67 87 43
17 38 5 69
14 18 27 7
22 38 69 43
47 95 63 11
34 59 29 60
2 72 97 72
35 86 10 33
19 78 71 49
15 75 75 87
5 41 97 47
11 93 33 36
16 88 71 58
5 55 55 78
52 85 65 64
82 97 92 61
30 83 12 13
49 67 100 61
11 53 28 83
27 28 32 73
74 91 66 16
93 96 77 59
55 77 34 26
5 53 99 13
11 96 76 39
11 29 93 67
9 57 89 21
23 37 60 76
19 52 75 15
69 70 92 42
78 91 19 40
16 47 11 92
41 58 53 99
41 55 54 94
3 20 39 57
72 73 73 20
53 70 82 21
24 71 41 72
27 30 66 72
10 22 26 76
71 100 88 97
18 57 15 7
34 60 86 84
61 95 95 12
1 64 24 90
17 23 92 74
58 68 14 44
80 84 25 45
17 44 70 11
28 79 92 18
20 79 12 60
41 61 29 68
9 52 4 36
4 28 67 43
42 95 8 22
17 87 13 78
35 97 85 3
94 99 52 65
12 88 6 29
33 43 8 55
48 64 95 53
42 78 39 81
32 41 55 10
4 6 87 62
9 75 100 40
18 31 66 54
26 80 75 28
12 59 93 86
72 87 58 40
58 65 91 94
16 83 5 100
6 54 56 11
21 100 95 94
32 90 37 96
34 92 23 16
5 44 95 1
74 92 33 35
12 15 88 99
64 93 75 1
7 22 40 23
10 43 66 96
18 86 91 27
2 19 2 35
52 72 68 99
58 87 17 51
7 20 32 97
1 92 100 1
74 83 83 27
30 47 23 21
62 96 41 28
55 95 81 68
12 60 55 40
31 32 63 63
64 95 90 88
76 96 15 50
71 95 8 45
7 98 48 95
4 44 46 94
71 73 52 85
41 46 12 77
9 55 97 4
60 88 89 30
8 30 23 7
13 41 76 64
24 86 57 100
32 97 27 21
48 81 8 82
41 65 9 93
25 44 27 21
35 71 2 33
63 90 68 39
46 73 92 32
55 63 17 21
44 87 18 15
48 79 41 86
55 96 6 81
43 64 66 66
37 84 97 61
14 99 95 77
21 86 43 91
21 46 61 12
8 43 6 57
95 97 38 27
6 16 59 88
64 84 36 6
13 62 22 60
51 89 51 71
9 13 63 22
12 66 18 1
72 86 89 54
41 93 79 59
3 24 59 69
46 58 15 94
21 33 38 99
23 42 78 71
28 81 63 43
25 47 71 88
58 93 70 22
46 84 42 46
47 86 41 15
64 66 34 12
69 86 63 31
57 99 41 98
76 84 52 88
9 11 66 52
62 64 43 89
35 55 80 38
42 64 65 45
58 97 23 88
60 85 66 44
57 97 9 32
33 80 11 21
48 77 29 59
9 37 27 34
58 63 31 84
7 39 20 81
42 99 18 37
49 58 50 78
61 70 73 85
81 88 3 32
8 56 5 83
57 83 15 48
23 67 32 34
91 98 3 100
17 49 35 47
73 95 100 97
36 80 34 28
32 66 64 60
17 31 81 97
45 72 38 99
79 87 60 7
44 99 90 99
10 99 73 11
97 100 94 45
8 59 88 77
27 38 35 70
12 25 59 44
24 35 40 13
43 83 71 74
47 67 64 56
75 77 32 75
19 29 93 75
49 78 82 65
21 30 4 58
30 40 99 8
23 55 94 33
55 85 86 41
63 95 52 19
71 99 59 34
61 82 34 31
16 29 85 30
8 40 83 23
29 79 70 61
59 60 66 100
3 70 51 40
18 55 60 49
43 98 29 83
5 62 39 57
5 47 84 91
2 11 82 15
24 80 93 42
2 68 83 29
35 44 43 1
42 83 42 10
37 56 12 62
41 43 35 95
2 10 38 3
75 95 67 12
5 24 12 80
38 99 14 7
20 50 96 58
55 80 92 47
18 59 2 27
76 88 75 34
20 83 83 93
11 90 28 100
14 61 23 4
9 87 28 57
40 44 75 70
44 53 82 35
52 93 67 75
82 100 30 5
9 30 14 80
17 40 37 59
93 98 17 73
62 95 91 2
55 89 56 81
20 85 93 12
51 54 59 58
15 44 95 68
57 96 77 13
62 81 28 1
13 76 46 36
25 34 81 27
62 80 50 100
9 81 57 16
95 96 91 81
25 52 65 76
38 73 80 70
84 88 7 64
19 50 6 64
56 67 52 16
52 73 73 92
7 32 32 73
68 82 31 57
21 57 13 25
75 88 1 7
6 77 5 37
47 76 22 94
25 45 83 35
44 83 82 76
78 99 8 5
45 64 27 20
4 11 44 66
1 32 91 74
59 63 12 23
24 81 14 22
27 74 40 30
49 88 38 22
62 76 40 75
44 51 28 49
73 83 66 25
16 44 33 97
13 79 45 27
58 64 70 93
64 89 32 44
14 19 62 75
15 21 57 69
81 90 28 18
64 96 49 12
7 68 82 4
60 77 73 28
39 71 12 31
35 74 73 14
13 37 2 21
31 75 86 92
48 85 72 10
32 77 45 32
35 61 20 91
3 74 71 97
74 81 69 17
15 74 20 5
15 90 36 74
33 65 99 100
76 82 22 33
62 67 39 21
54 98 84 2
44 49 83 85
33 93 66 25
79 88 92 99
28 91 22 45
11 26 32 23
16 94 50 89
26 40 30 61
68 91 23 24
21 34 71 45
39 84 100 50
20 41 73 97
72 82 80 41
5 21 46 56
22 93 84 3
16 91 52 96
15 27 75 78
14 57 85 18
38 52 85 53
52 77 26 24
1 22 14 62
23 95 57 34
26 55 29 38
39 99 46 20
5 54 15 75
49 79 16 24
2 84 24 67
17 39 51 75
56 100 82 46
9 47 79 77
49 87 50 96
11 25 39 35
83 88 37 91
19 93 27 16
20 76 49 10
5 19 32 62
45 83 24 11
22 57 38 47
38 51 24 29
27 79 67 74
47 50 17 84
78 98 62 96
18 28 79 48
40 69 52 10
6 44 22 10
69 96 84 75
59 72 54 39
22 52 100 37
61 91 90 18
11 55 7 50
28 90 40 65
37 85 70 9
42 85 17 21
35 93 65 83
45 92 18 17
15 80 68 42
19 62 66 54
40 56 51 38
18 21 36 87
17 47 12 48
87 96 62 90
14 16 43 85
45 67 73 59
25 97 96 66
12 33 51 86
6 100 4 84
38 68 89 81
46 86 14 13
18 19 81 92
58 77 25 4
50 80 94 57
60 100 61 14
27 35 65 87
16 89 33 78
75 99 48 12
21 45 31 63
79 90 99 51
54 68 20 11
46 83 28 55
11 18 4 89
35 38 63 13
75 80 15 89
34 47 39 49
17 33 15 38
46 79 47 55
30 35 35 16
20 39 14 8
24 92 46 40
15 97 20 47
22 94 13 24
37 63 63 3
97 99 26 86
25 82 94 17
22 100 20 51
26 90 73 12
32 58 42 14
91 92 5 53
48 65 88 51
45 78 52 24
6 24 40 35
78 95 73 5
54 78 5 87
65 68 73 44
39 52 20 45
74 75 15 18
66 83 40 93
56 74 67 47
4 13 78 62
69 85 72 78
54 91 7 35
4 71 43 79
43 80 82 42
58 88 4 1
63 91 49 29
13 14 41 29
88 92 29 76
10 80 84 43
47 65 92 85
60 82 6 79
38 98 53 50
15 42 82 37
16 95 39 73
41 48 49 97
15 51 19 1
15 81 61 89
38 76 60 8
2 30 12 72
32 51 73 23
21 70 77 38
11 61 39 95
1 75 90 34
26 51 97 59
27 46 10 99
75 79 31 14
69 93 90 20
22 86 85 15
5 35 34 38
14 21 9 71
40 93 45 41
47 100 47 89
2 51 55 97
15 32 14 66
8 47 46 32
7 50 3 54
6 12 35 90
4 91 16 18
72 77 39 5
44 79 42 71
3 5 26 15
37 47 66 27
63 66 20 99
7 63 21 33
55 59 86 10
64 65 63 69
66 94 76 70
56 59 49 7
66 69 28 5
92 98 63 77
41 83 58 11
30 41 92 71
46 75 69 60
34 45 13 71
76 81 38 70
34 43 37 72
40 60 66 16
20 30 63 14
18 88 94 69
85 89 16 18
4 23 59 73
32 79 79 7
1 77 13 46
18 89 3 19
40 70 49 8
44 80 37 77
29 31 66 19
13 89 69 76
8 60 72 15
68 86 42 59
14 67 97 30
1 68 23 61
37 70 41 85
55 87 55 2
51 58 32 88
16 63 58 25
9 31 22 54
32 57 96 30
85 86 91 1
51 67 32 41
12 67 86 42
98 100 5 23
33 92 71 15
22 88 68 28
30 32 61 23
13 30 35 2
5 65 13 2
36 99 2 81
28 88 73 4
51 57 84 67
19 55 14 3
34 89 55 98
55 74 47 7
64 86 52 13
38 89 83 86
39 45 5 35
69 71 13 49
93 97 39 57
10 37 58 89
43 58 3 67
4 79 64 51
6 27 23 3
78 86 22 14
11 33 8 2
24 52 42 80
88 95 11 3
73 81 86 89
29 98 48 97
56 88 47 39
48 95 79 31
67 95 45 5
16 85 70 5
38 75 31 98
37 68 68 47
28 36 49 74
50 70 79 26
30 37 73 29
30 54 29 68
37 89 10 1
8 94 85 94
77 99 8 73
46 81 47 60
56 72 75 43
53 55 13 81
40 97 27 50
11 14 74 58
59 86 10 95
17 92 17 54
7 33 92 81
47 63 14 72
3 52 93 46
62 78 40 54
36 43 35 36
24 54 11 55
25 87 90 38
12 40 84 16
6 20 65 65
4 15 29 97
30 49 95 83
62 86 11 10
26 95 76 40
7 16 36 74
28 69 16 26
19 31 11 87
31 53 88 22
7 80 12 56
6 18 90 68
5 59 31 23
41 98 1 56
11 62 80 80
33 99 100 25
92 97 73 85
47 66 44 23
44 52 55 89
39 96 46 17
33 56 97 99
72 76 86 61
11 91 66 85
1 11 32 41
19 65 58 75
53 95 79 12
13 45 89 17
43 49 78 14
22 27 83 50
77 89 61 76
38 41 86 15
88 97 23 99
92 96 38 6
78 83 66 98
76 80 42 36
49 64 62 31
10 26 82 15
31 88 6 99
82 98 3 96
3 67 66 1
13 59 82 6
31 40 97 54
34 49 56 55
25 98 41 82
88 91 21 14
17 86 19 28
26 94 25 13
20 46 22 30
8 37 65 21
39 44 2 44
37 64 90 6
69 100 7 33
19 94 96 38
6 7 58 18
78 96 99 8
23 63 28 43
45 75 46 43
33 69 55 28
13 56 69 46
12 61 98 3
62 77 39 54
37 55 71 30
28 64 37 33
59 88 8 85
67 89 4 86
16 26 93 24
24 58 48 19
27 64 87 39
73 98 35 21
56 58 4 81
29 83 72 86
20 72 81 57
3 59 39 69
4 22 90 50
11 16 59 84
75 93 62 26
15 89 89 30
62 71 25 80
38 96 79 82
24 48 50 33
30 89 54 53
61 84 69 14
45 71 92 26
78 88 74 21
3 54 94 28
2 45 13 90
22 59 90 42
6 91 26 64
9 68 95 83
70 77 67 32
28 29 74 90
54 66 39 100
42 70 46 95
15 86 89 31
54 96 58 52
81 93 79 88
84 97 55 10
30 55 5 43
40 51 22 73
23 29 18 12
45 88 8 46
22 71 5 11
53 77 89 44
65 86 94 100
61 74 98 1
50 95 77 77
91 93 41 7
9 45 79 43
68 87 33 80
4 60 92 15
63 93 74 30
85 91 60 77
31 41 83 100
31 89 90 59
9 10 73 19
16 51 70 79
75 94 13 87
14 24 40 71
3 93 59 34
7 100 46 9
13 32 80 23
16 48 50 60
62 65 87 94
19 25 23 100
1 81 62 56
6 72 44 14
18 47 44 30
43 77 28 25
51 65 44 45
50 94 96 31
52 55 40 80
41 73 83 81
12 81 11 59
65 91 19 76
29 80 15 81
7 62 47 86
49 86 76 35
24 91 18 22
37 86 32 93
2 9 57 93
51 95 73 78
60 75 69 28
1 31 71 24
30 86 93 52
12 94 42 47
47 59 14 50
30 91 19 19
40 63 57 54
36 49 1 87
45 61 96 14
71 91 57 49
8 76 53 79
62 79 37 4
5 20 5 85
49 99 65 59
26 97 82 99
1 65 43 89
18 90 92 59
6 52 70 62
10 59 12 32
7 91 3 4
55 76 31 5
29 54 56 71
45 87 27 27
58 81 67 32
31 83 10 90
9 88 47 9
15 25 9 48
15 26 44 8
43 45 79 82
56 96 29 17
48 89 22 35
10 71 50 23
57 98 60 15
41 49 95 33
23 45 61 36
19 45 47 15
14 58 30 20
72 85 24 64
5 87 29 65
8 51 8 6
19 92 20 40
84 93 86 78
47 72 94 76
7 71 77 58
13 58 58 41
60 90 42 14
16 21 25 18
7 47 76 100
13 92 68 37
26 72 44 35
20 84 2 44
59 62 43 1
13 82 8 56
19 48 89 98
12 86 10 36
49 56 59 53
10 82 92 7
33 90 48 11
29 42 48 98
16 36 84 58
18 36 2 25
12 98 72 21
30 53 72 86
10 35 90 61
73 82 59 42
10 79 73 41
73 88 79 51
2 15 72 71
18 92 35 74
33 38 37 28
29 62 39 43
25 74 9 63
74 89 14 88
67 80 93 37
17 28 22 4
42 46 22 32
40 85 76 24
29 68 90 40
36 94 36 74
43 90 82 6
23 98 45 93
30 33 97 57
61 88 22 95
10 27 36 67
28 45 62 16
28 100 90 26
33 66 48 22
52 82 20 90
36 81 97 61
11 83 8 81
59 84 25 97
37 54 26 60
21 65 10 90
3 32 43 19
66 75 44 58
11 20 22 36
57 86 37 55
31 87 56 90
48 72 33 76
9 15 64 80
54 72 75 85
64 97 59 34
30 73 12 36
17 46 72 78
23 39 33 5
55 70 3 37
13 53 88 97
23 88 69 64
16 28 39 24
53 85 79 84
45 68 86 85
54 100 33 14
12 79 99 37
9 41 27 97
30 39 59 51
78 81 65 89
33 72 79 49
31 90 39 41
41 84 68 63
13 51 16 2
69 72 6 47
86 88 10 20
22 82 33 56
6 73 91 1
58 73 44 37
13 93 51 6
13 99 64 91
25 60 17 76
84 100 98 95
15 64 97 84
1 17 14 1
19 44 47 41
12 78 19 2
56 83 100 94
62 83 50 89
56 57 35 70
42 44 47 66
28 54 100 14
2 92 57 52
25 30 28 13
4 16 5 70
5 39 63 55
23 71 20 2
12 16 56 34
90 98 85 35
5 61 19 9
48 71 16 25
5 12 73 22
2 100 54 100
73 93 44 10
49 96 44 92
63 97 65 98
90 91 96 91
34 96 47 19
50 96 67 98
57 63 100 57
70 92 36 4
73 86 82 52
43 50 40 5
43 44 76 74
2 85 89 99
10 77 82 64
4 97 11 41
59 81 22 92
13 52 60 62
27 87 3 37
5 22 4 84
32 81 93 1
24 37 4 88
31 98 20 41
59 85 2 57
26 31 25 12
1 62 75 74
43 87 97 54
4 38 66 75
60 95 49 51
42 68 30 21
20 73 2 62
40 43 3 28
74 80 55 21
16 80 40 91
56 89 47 38
1 89 8 46
27 70 86 77
33 89 87 12
46 95 48 55
3 15 78 71
71 94 48 63
52 58 87 22
35 82 18 86
9 74 97 96
31 60 17 17
64 88 52 26
39 47 8 78
74 82 100 80
54 59 46 55
9 25 26 19
15 70 82 35
19 47 25 77
86 91 20 12
12 95 23 70
45 73 78 8
50 64 22 16
27 42 75 45
48 97 11 24
49 51 29 37
68 80 40 52
1 88 65 98
18 51 59 31
81 95 36 98
91 94 22 61
23 99 27 32
33 45 32 81
43 59 64 18
34 68 52 57
40 94 21 65
34 91 48 42
45 53 37 69
41 44 42 17
78 80 20 35
41 47 25 84
35 67 42 84
61 89 24 90
5 13 17 47
38 60 68 87
25 67 94 13
58 84 77 17
42 88 49 61
31 99 73 37
20 38 62 3
3 87 33 40
17 81 59 5
42 77 49 71
35 79 12 60
10 34 87 74
68 79 37 72
8 34 16 96
13 28 95 92
17 25 1 46
44 73 26 96
6 89 50 78
49 69 16 49
11 59 14 20
12 13 69 22
5 33 51 20
24 47 14 20
12 14 97 87
25 55 50 4
2 20 96 5
49 74 59 47
49 76 55 45
26 83 51 17
24 50 79 20
24 62 40 4
96 98 29 9
43 95 33 75
59 69 99 58
3 48 77 8
6 28 63 40
43 57 52 63
86 92 98 62
28 43 74 30
6 13 51 99
1 78 5 11
15 88 36 85
39 56 52 46
1 39 71 99
58 70 92 68
79 93 41 24
59 66 11 88
20 92 34 45
54 95 21 30
9 92 76 47
51 68 1 3
11 69 85 20
63 99 24 99
29 69 36 28
36 65 60 93
30 79 85 53
5 14 9 8
7 69 13 8
10 20 76 19
10 47 4 45
1 74 71 10
66 67 31 19
6 31 79 25
46 63 55 69
81 100 9 70
37 57 49 27
80 100 56 23
15 37 79 10
42 62 39 10
2 71 24 88
9 56 56 43
20 62 85 6
61 71 67 55
8 68 35 23
76 79 57 25
2 83 29 76
76 83 57 40
69 75 67 25
9 29 69 94
53 66 27 10
51 88 94 99
30 63 96 1
9 54 40 53
8 50 6 60
35 73 31 52
45 50 75 84
52 89 49 87
29 95 91 23
41 81 46 47
8 22 43 85
10 100 7 27
76 95 5 2
60 61 67 94
39 59 64 57
12 77 55 14
22 53 76 83
32 87 47 96
43 81 23 100
54 76 20 15
8 25 80 23
25 33 81 22
19 56 19 100
23 27 31 88
70 88 95 20
61 69 32 81
11 36 55 32
40 42 22 63
20 32 74 53
25 43 27 53
27 99 59 12
3 89 76 96
27 72 4 39
22 80 16 15
31 51 65 47
11 67 10 97
20 45 68 5
83 91 78 75
9 36 10 9
64 76 66 19
7 9 80 98
39 43 29 33
12 68 23 13
23 97 30 20
49 84 16 86
35 41 42 20
39 76 41 68
3 41 11 21
45 52 96 95
62 92 19 64
64 72 32 15
24 75 99 54
21 94 37 64
6 74 27 51
67 73 65 47
29 34 63 82
23 41 27 56
84 94 56 15
2 16 96 40
23 59 77 46
24 99 11 11
42 93 16 22
53 93 23 16
14 29 95 32
46 76 93 11
25 42 14 83
7 86 83 93
7 70 60 13
36 47 66 73
18 76 89 93
3 18 34 45
82 84 79 19
41 62 67 32
29 61 62 60
4 46 99 14
3 17 42 51
27 69 48 57
2 73 57 95
1 14 62 56
42 86 63 10
73 75 93 85
10 48 95 65
34 57 85 70
43 71 37 82
34 67 66 53
2 98 4 50
50 90 88 77
4 95 73 33
23 43 22 53
30 77 51 34
45 55 46 55
31 39 42 95
10 52 53 64
26 69 33 23
3 68 9 64
59 78 95 39
68 77 7 19
19 97 30 71
43 63 70 99
11 94 70 64
33 40 94 70
59 87 80 41
37 44 2 47
70 96 62 9
37 45 32 22
13 95 54 24
45 69 30 43
47 78 58 44
21 99 48 65
65 75 18 30
31 57 51 13
37 60 70 26
51 98 33 75
45 57 100 34
53 54 69 73
67 100 94 2
5 82 61 85
7 64 27 72
20 88 97 70
84 99 1 53
70 73 22 93
38 40 56 79
53 59 7 33
30 75 52 20
28 83 2 98
23 51 60 41
40 90 11 58
18 87 95 89
80 89 60 44
14 90 16 31
18 60 82 93
70 72 20 12
89 92 68 23
5 29 60 93
16 19 48 19
15 35 3 76
12 44 18 64
69 82 34 70
1 37 81 79
67 75 5 99
13 16 59 11
40 98 95 92
70 97 30 95
53 100 74 83
16 30 93 49
41 75 7 89
8 17 52 43
9 98 16 57
20 90 20 84
42 71 76 25
48 75 94 6
9 95 44 41
46 66 28 79
2 39 98 85
43 89 29 80
32 85 1 22
33 87 46 98
23 66 100 20
13 27 64 62
2 7 19 79
54 77 1 21
70 74 42 43
60 99 69 52
57 80 99 57
8 75 52 17
10 24 68 87
17 91 97 86
21 58 3 5
21 26 76 17
2 48 37 46
21 77 16 86
1 58 3 75
74 95 70 41
26 36 14 52
16 82 23 97
70 71 19 33
81 92 43 29
23 79 51 38
90 100 46 24
35 50 99 6
60 81 2 34
39 69 60 87
19 21 53 3
8 79 42 24
22 85 83 35
30 88 14 19
19 100 81 85
53 58 13 51
11 78 84 30
1 29 26 53
79 86 97 2
35 94 75 32
4 68 36 38
50 85 7 7
19 46 26 40
10 28 59 28
52 96 93 6
10 13 73 74
4 17 31 35
35 63 1 47
6 39 80 5
61 62 53 1
41 64 78 74
57 90 59 97
74 100 16 99
44 78 20 61
28 39 66 36
28 50 45 88
49 98 87 20
61 85 38 29
42 76 50 50
14 85 48 50
31 78 4 54
54 82 79 93
61 80 73 92
47 60 61 92
64 87 25 95
83 98 46 94
28 56 80 3
21 78 41 79
5 15 73 71
1 15 5 20
3 47 35 83
9 21 58 79
57 85 25 95
61 98 48 84
8 38 25 51
29 78 93 18
14 65 28 32
14 88 82 16
14 89 80 96
1 60 1 98
49 95 2 54
27 43 29 10
14 32 98 18
10 66 36 14
41 96 37 50
14 56 93 87
29 65 11 48
88 90 23 2
7 25 98 18
18 95 51 88
39 87 60 64
32 43 7 51
59 70 33 33
5 85 49 67
11 100 41 72
94 98 74 72
15 92 49 31
28 78 96 96
27 37 27 7
22 90 42 19
16 65 1 5
33 83 4 18
78 84 27 100
25 76 40 65
59 93 69 42
2 81 100 25
26 54 56 96
30 64 22 13
58 98 56 95
30 78 23 15
50 69 30 58
48 98 99 15
39 49 93 94
35 54 18 24
49 92 81 2
36 62 58 40
37 62 65 63
6 81 97 47
8 45 64 22
1 26 9 11
10 49 67 97
35 69 10 31
25 84 56 64
50 79 93 64
3 14 80 22
52 59 40 2
23 36 92 56
2 50 67 53
60 68 27 78
14 25 45 17
35 77 41 28
20 47 68 87
48 82 16 93
11 74 36 14
44 55 27 68
16 84 57 10
55 88 94 22
11 13 74 67
1 52 10 59
24 31 88 58
24 59 91 39
1 4 24 72
17 83 94 100
22 97 43 22
33 86 56 82
38 65 91 83
37 59 88 24
38 90 45 42
37 65 52 47
33 84 76 55
43 92 16 35
6 15 48 94
63 72 94 32
39 81 100 46
60 74 63 11
33 64 7 92
29 39 60 8
19 33 75 64
51 62 88 17
24 97 2 10
54 97 14 76
20 37 94 8
66 91 36 44
93 100 81 72
67 94 35 16
49 54 20 85
62 70 2 25
3 9 56 52
17 69 10 7
21 63 89 9
34 36 26 8
54 83 13 46
43 52 12 55
26 88 100 89
84 85 85 32
1 66 90 50
18 96 40 60
23 54 99 24
34 97 73 7
28 41 72 9
40 68 57 63
59 64 17 9
6 67 7 93
8 35 74 25
15 36 65 73
3 33 99 64
2 76 87 65
85 98 82 1
21 51 83 71
6 64 42 84
2 44 10 73
48 69 59 86
1 43 9 90
79 99 100 38
35 75 73 100
43 72 91 56
45 62 26 42
34 38 3 58
55 67 37 54
56 85 64 76
24 88 96 40
37 90 93 31
27 73 34 2
77 96 91 12
4 30 57 18
6 35 75 56
63 64 22 38
9 18 35 85
17 90 34 4
62 82 32 24
46 53 92 34
25 31 36 21
77 80 35 21
11 97 20 60
1 85 74 52
43 78 16 59
12 56 75 78
31 81 76 24
9 71 31 61
24 55 45 96
80 99 92 43
22 33 43 30
19 87 79 81
11 68 80 67
32 42 41 42
27 47 99 36
31 72 46 27
69 73 56 51
22 79 81 15
24 77 54 69
18 73 18 29
38 62 25 97
6 85 2 57
89 91 14 35
15 56 79 17
20 35 51 71
66 71 47 58
26 33 72 9
7 97 68 31
54 67 48 39
34 70 63 85
14 35 89 99
10 21 90 62
20 53 100 68
74 90 30 73
47 77 96 62
1 93 8 65
11 24 58 30
27 34 67 75
24 94 24 72
25 61 43 75
79 97 48 45
74 93 70 84
60 73 96 86
45 80 89 81
33 73 6 14
28 72 54 8
54 81 97 58
26 79 59 87
50 61 100 86
4 94 47 90
6 21 1 95
93 94 10 58
61 90 85 92
73 97 73 88
26 98 28 56
18 30 35 11
10 73 90 13
14 40 47 58
61 65 17 60
31 63 44 16
27 62 46 2
70 91 93 28
54 88 11 38
46 97 10 91
55 100 46 59
67 83 64 66
96 100 64 35
41 59 69 47
97 98 45 85
8 23 45 29
49 57 4 32
2 93 89 16
72 98 56 40
35 95 66 58
29 43 8 11
22 37 48 67
24 34 71 53
9 49 18 41
23 84 53 97
16 72 50 57
67 70 62 33
25 69 31 93
14 31 33 58
10 23 21 75
77 97 44 30
57 61 50 22
22 54 35 94
59 94 55 96
29 50 98 57
77 91 7 21
39 93 6 85
13 25 68 7
35 68 21 25
8 9 21 37
25 48 81 53
3 76 39 48
54 75 37 40
14 79 8 30
57 78 95 41
16 69 31 88
41 87 98 3
32 99 67 14
25 89 12 76
48 59 33 65
20 71 53 97
40 95 57 55
40 53 7 10
3 10 53 91
49 60 69 12
22 77 33 38
16 93 54 63
55 83 76 43
6 68 93 16
54 80 75 65
52 56 63 50
11 82 24 88
4 85 81 52
29 37 42 66
52 64 3 89
24 25 46 58
31 54 30 10
57 74 4 2
21 55 40 79
44 91 6 95
2 54 13 25
51 75 93 42
14 87 25 53
42 82 1 89
10 36 73 30
36 87 100 97
44 92 90 99
23 38 8 58
72 99 78 93
32 71 16 42
46 78 2 74
22 48 38 23
30 97 8 16
12 65 97 2
61 75 47 26
21 53 88 48
35 45 32 26
20 48 2 52
41 82 78 57
10 12 39 65
4 92 63 18
63 71 41 38
15 83 86 100
26 62 23 33
5 84 14 46
40 74 4 25
47 80 27 83
67 69 59 39
68 89 96 47
13 55 60 79
9 20 80 12
34 61 40 3
11 54 62 28
