100 3530
77 89 21 25
43 55 7 59
19 75 38 44
12 31 66 49
41 47 90 58
59 91 49 31
22 88 11 13
28 95 87 32
37 70 44 31
64 79 64 59
5 42 2 48
21 87 78 43
23 88 35 98
28 32 17 16
47 80 61 56
15 70 73 27
74 75 77 92
23 59 76 53
41 79 61 25
11 83 44 12
41 72 26 82
16 55 25 7
22 35 87 70
14 65 77 27
6 69 72 97
18 66 59 24
61 92 89 59
76 86 33 64
31 100 97 5
22 93 58 59
27 87 11 7
61 87 86 78
1 41 96 23
83 100 99 39
70 97 96 52
23 63 50 53
47 77 49 58
28 50 56 79
55 65 13 16
27 33 12 26
14 74 65 6
8 81 29 96
51 97 72 44
67 88 82 68
11 54 47 34
45 94 44 16
65 67 46 24
74 93 56 100
3 85 81 68
52 83 51 25
58 100 32 45
67 75 88 59
19 61 57 19
2 58 90 89
44 80 78 33
16 33 57 45
95 97 18 94
6 36 39 43
1 67 23 11
34 54 17 49
15 24 98 7
19 98 89 56
6 17 90 45
33 62 93 24
48 71 86 11
39 63 78 53
3 4 67 87
81 97 44 66
5 10 66 90
17 82 27 53
21 95 47 62
3 70 77 58
30 38 61 2
9 41 84 20
1 17 62 86
24 71 24 85
78 81 6 14
29 82 69 27
10 48 57 63
88 99 15 55
43 50 75 91
68 80 10 45
40 83 87 20
55 89 30 46
6 85 14 76
53 65 72 1
46 82 33 31
17 44 60 61
54 84 2 41
14 68 6 43
15 57 48 18
23 33 38 33
37 55 73 91
12 58 47 23
1 18 71 9
69 92 58 92
51 85 21 50
24 92 28 95
18 75 80 34
56 89 50 31
24 62 22 29
35 56 96 66
75 78 84 6
39 69 49 83
9 14 100 83
52 84 8 59
16 18 15 21
34 77 19 84
2 20 57 18
16 99 18 22
40 78 23 68
46 62 79 70
39 45 84 26
30 84 64 92
19 85 46 59
58 94 69 8
72 83 18 48
14 50 14 17
14 94 93 3
50 69 86 55
46 87 72 41
21 50 17 47
25 94 57 30
21 47 79 74
36 45 19 7
66 93 71 6
42 43 58 46
45 78 79 80
55 58 30 50
48 58 90 1
12 19 15 1
8 23 45 1
75 79 87 3
84 91 62 87
5 72 71 62
27 73 26 80
20 69 89 14
32 87 43 58
19 53 45 75
9 59 73 62
2 16 26 31
9 85 72 77
75 100 98 87
13 43 71 42
65 77 1 53
87 93 50 81
15 87 67 85
1 40 22 31
12 43 7 99
11 58 100 2
31 35 46 35
25 87 36 9
63 97 65 57
11 48 83 87
38 83 50 56
15 100 95 93
23 34 5 64
17 67 37 35
29 71 95 83
44 52 95 4
16 59 33 94
21 73 51 22
19 23 75 85
28 93 87 50
2 23 69 72
30 74 30 99
34 55 48 57
51 87 79 44
64 71 42 81
82 86 37 72
26 27 11 77
5 23 21 24
37 58 28 27
76 80 62 11
27 96 73 91
58 60 23 41
23 56 68 48
54 74 80 23
65 93 51 46
37 64 98 64
65 92 49 62
30 95 62 3
69 78 62 86
3 77 19 59
76 100 29 52
5 92 97 46
22 36 33 85
69 89 74 85
80 86 12 60
18 19 26 55
44 68 91 83
19 24 32 34
63 81 12 78
2 64 8 44
33 63 83 75
8 50 8 32
46 96 7 79
57 60 43 33
13 52 32 56
78 89 43 99
69 81 90 59
70 91 78 7
29 56 13 80
28 53 90 49
28 87 70 25
78 92 49 8
15 62 57 54
49 86 51 43
26 48 4 21
7 28 43 49
7 68 93 2
55 79 10 35
22 39 69 30
9 99 55 59
44 51 44 39
43 92 58 28
67 90 43 53
22 90 4 11
14 66 14 30
28 88 65 63
32 34 92 85
38 88 7 66
58 68 61 4
3 66 39 71
86 98 67 70
5 34 94 75
87 95 73 49
76 84 25 20
82 83 7 75
5 48 59 4
9 92 88 17
4 41 45 29
73 87 48 55
37 40 69 24
20 93 17 69
11 19 89 75
12 88 8 84
48 82 81 39
20 84 16 49
6 77 28 96
40 56 85 40
76 85 36 64
38 79 85 63
7 39 22 9
4 25 99 23
47 78 52 32
69 73 62 91
54 78 78 84
30 52 69 32
20 46 38 62
27 34 39 76
5 61 27 58
30 98 29 50
33 74 6 7
24 97 38 85
72 88 68 84
37 72 28 31
58 82 72 99
23 32 93 27
40 51 20 57
64 91 5 10
2 60 97 26
37 56 19 19
5 29 68 84
62 99 73 26
4 12 94 23
10 27 14 66
5 79 21 42
2 99 27 68
22 27 61 25
87 92 98 31
22 58 43 61
56 59 54 53
81 91 76 68
37 88 6 76
80 95 87 67
27 84 18 91
81 98 18 74
25 36 68 92
9 90 72 65
10 100 59 50
19 32 28 76
27 76 81 98
12 77 36 83
93 98 77 65
53 64 54 21
36 62 61 46
2 49 65 65
33 82 97 38
36 44 33 30
24 31 90 23
9 31 11 75
86 91 55 26
2 83 84 40
47 75 46 54
11 35 79 17
52 94 41 90
5 70 89 63
38 46 3 28
36 93 87 5
37 47 95 75
7 56 8 15
38 77 53 52
4 15 29 88
7 83 14 69
14 89 82 26
24 34 78 86
16 37 10 16
39 98 20 36
19 74 36 86
49 79 5 36
66 87 51 37
52 90 67 47
35 45 39 1
9 10 96 44
17 96 47 39
73 100 75 18
15 44 73 88
6 51 37 93
23 55 1 85
13 56 99 69
2 85 28 52
80 96 22 5
13 16 16 93
32 64 12 34
73 88 1 71
41 54 57 71
52 97 23 47
27 88 59 92
26 99 71 65
79 99 96 30
68 76 96 77
17 36 55 23
12 55 17 23
18 27 88 21
17 76 53 1
67 99 36 98
9 94 4 33
40 60 11 9
48 65 60 6
28 61 28 67
15 91 58 24
23 37 83 86
33 94 57 86
39 52 54 76
17 40 43 51
18 63 17 61
66 67 70 68
10 67 36 38
74 79 11 99
8 97 88 28
20 45 42 52
39 47 46 77
83 87 68 6
47 69 47 76
66 70 41 32
1 27 40 28
26 38 48 63
66 98 86 24
20 62 7 19
17 33 58 83
27 82 74 95
68 77 37 6
68 91 54 74
56 61 30 32
93 100 90 7
72 80 98 6
9 24 83 34
79 98 61 10
49 65 13 77
46 53 50 27
81 99 40 81
23 24 7 15
58 95 29 76
1 26 59 63
33 77 10 11
18 53 77 65
8 42 22 14
4 46 85 73
55 85 12 16
62 86 59 68
6 99 14 50
42 44 23 88
75 81 22 96
46 64 79 35
66 100 28 63
33 98 5 50
76 90 1 40
35 83 16 33
5 57 42 89
28 41 29 85
61 79 9 27
30 61 82 78
32 69 88 36
76 99 72 26
42 55 55 25
55 69 43 11
45 48 57 19
2 57 46 32
55 82 69 70
63 94 11 32
45 90 74 71
65 85 2 5
17 81 96 100
10 28 90 9
36 91 1 40
37 74 63 18
29 76 9 71
24 87 25 97
6 91 80 30
37 84 80 31
25 52 66 23
19 38 93 27
26 44 52 60
35 41 84 9
1 45 82 3
2 91 52 30
5 73 86 58
2 41 17 95
62 67 81 56
9 51 32 72
25 51 28 46
5 87 73 20
7 90 81 8
12 93 3 73
16 62 72 98
16 68 92 48
57 97 13 22
53 90 67 36
4 5 14 50
32 55 38 100
10 69 57 10
10 11 31 92
37 81 68 78
7 50 89 62
32 38 37 75
53 73 23 46
94 95 45 48
10 45 34 26
5 90 95 80
48 70 31 53
21 24 96 59
20 82 1 94
7 70 99 10
23 83 43 62
10 94 20 66
45 47 99 24
44 55 91 95
32 40 34 74
79 92 56 43
64 68 47 81
21 67 67 26
62 74 24 63
13 72 13 84
32 62 44 51
17 30 92 52
43 45 66 8
18 44 35 99
73 86 75 88
59 64 31 86
89 96 74 17
18 37 55 28
5 45 28 39
61 84 81 43
41 46 61 52
13 35 18 74
29 67 63 32
38 62 59 43
12 32 46 18
48 60 83 71
22 80 47 86
65 71 66 64
67 68 66 45
13 49 60 68
36 100 96 82
9 48 37 97
53 75 19 39
4 14 44 92
42 71 21 80
25 86 80 62
1 34 28 61
39 77 3 89
74 82 27 45
17 83 33 8
41 42 45 46
24 98 67 4
71 77 68 59
58 80 27 46
2 72 76 29
67 93 36 64
48 55 31 14
98 100 12 96
17 55 89 88
19 45 78 38
9 62 28 82
41 84 96 93
28 45 24 90
26 60 72 51
8 28 93 89
24 84 43 26
74 99 58 95
22 52 53 72
23 80 33 31
21 64 55 20
65 83 93 100
33 39 2 8
38 69 55 65
15 80 43 57
8 98 56 78
16 31 34 85
21 29 45 49
4 30 62 47
44 69 85 80
6 81 54 47
10 89 99 100
70 88 1 20
34 56 65 84
63 89 26 99
30 32 62 8
48 99 40 22
18 96 76 12
67 85 8 13
27 79 77 87
64 78 57 83
81 92 33 7
58 81 29 84
21 81 82 56
38 53 15 30
4 59 6 43
90 93 48 73
21 51 19 73
9 56 95 88
29 59 23 53
22 65 97 27
56 99 87 73
5 9 15 55
29 31 32 52
14 83 12 74
26 77 78 47
29 44 21 30
12 74 82 20
40 42 57 62
17 38 24 4
3 54 65 90
39 88 98 84
61 81 62 50
22 74 61 30
80 82 9 56
11 26 96 1
28 70 87 44
32 46 76 34
31 62 85 55
75 87 98 64
20 78 65 90
20 90 21 85
21 68 89 8
72 97 78 18
46 50 64 91
18 55 79 38
5 16 87 7
78 94 68 96
21 55 26 66
66 97 91 21
53 78 31 47
85 95 34 18
42 82 90 72
23 70 60 51
53 94 67 67
4 17 31 84
53 99 12 93
3 8 41 44
33 60 19 72
63 75 14 52
77 84 3 50
56 96 81 45
42 93 77 64
1 28 74 55
60 81 3 91
55 96 55 17
41 89 61 36
4 26 30 25
44 61 69 49
10 50 38 60
1 51 49 51
12 66 72 33
21 75 81 17
6 22 47 60
26 41 79 8
26 68 24 99
8 47 66 18
52 71 56 100
18 21 45 15
30 79 50 58
34 91 33 19
29 94 37 62
73 82 93 15
41 51 73 84
42 92 64 92
45 82 6 69
32 43 22 63
12 37 10 78
68 83 5 78
87 100 72 25
12 72 28 35
16 81 39 11
28 96 63 10
14 30 40 23
4 69 15 92
30 63 61 91
58 97 14 18
47 48 80 61
29 93 70 17
3 90 76 40
25 83 84 13
15 32 47 15
1 71 37 84
26 40 92 42
32 47 17 15
16 42 67 96
69 70 83 13
4 84 85 45
46 73 10 52
36 56 29 28
62 65 63 19
8 13 54 88
60 85 95 83
11 91 53 35
17 46 37 86
38 48 2 52
32 67 9 49
55 57 43 94
1 57 13 71
39 100 14 7
47 86 100 35
76 93 11 60
39 64 100 57
5 47 20 59
47 52 87 13
31 44 70 45
65 76 92 63
19 62 10 92
25 49 65 33
11 87 30 23
67 97 23 27
59 72 53 64
41 66 85 53
40 87 75 52
1 10 24 51
70 93 77 99
3 13 2 42
10 72 86 88
96 97 64 47
15 19 73 9
10 44 45 26
30 70 51 96
26 57 93 81
72 94 97 13
83 94 33 70
70 84 40 44
22 38 76 27
71 81 62 22
29 65 46 92
54 75 69 99
20 27 77 46
9 33 53 25
26 92 81 65
23 64 95 35
38 49 23 46
7 15 94 45
18 90 79 78
17 68 1 21
48 51 51 51
24 77 67 75
42 91 56 83
17 53 57 55
61 80 39 18
68 72 31 12
16 50 61 56
16 44 3 74
30 82 53 2
75 90 10 98
68 86 45 83
33 88 36 27
18 94 47 14
77 85 10 18
38 94 1 44
30 51 12 20
31 92 82 41
4 86 25 4
4 9 51 59
28 46 83 49
83 99 77 68
44 66 77 35
54 91 70 28
64 93 18 64
14 60 35 56
53 61 23 3
46 89 43 77
28 56 44 33
33 53 6 80
95 99 18 18
41 81 62 100
48 59 67 55
12 92 92 18
4 70 55 91
22 60 64 78
70 85 86 38
16 25 92 63
64 70 11 29
33 79 91 73
10 77 77 60
30 31 96 94
46 58 74 93
18 71 9 56
23 79 85 16
35 36 48 16
11 79 7 2
58 85 66 59
41 74 23 64
11 20 71 13
19 93 40 72
67 70 82 80
4 72 64 64
30 41 20 35
8 66 92 9
34 65 45 90
57 87 4 41
88 94 72 87
59 85 25 12
46 99 29 81
62 76 32 12
3 71 22 53
21 96 8 6
23 49 46 41
47 53 2 69
18 65 14 58
2 75 86 79
25 48 36 86
30 53 88 72
62 63 24 67
38 85 99 40
18 85 77 80
9 25 52 31
59 100 57 95
51 63 65 41
30 37 8 19
37 61 68 30
6 98 82 21
84 98 83 22
87 96 73 35
33 91 31 50
24 46 45 26
58 88 14 22
72 84 28 13
44 88 22 92
33 47 46 16
11 76 30 68
89 95 7 62
8 43 14 24
61 62 84 38
41 57 56 62
46 97 31 29
31 76 26 81
45 89 6 40
7 76 78 41
17 91 24 69
36 60 93 41
26 86 100 74
43 85 51 43
10 68 30 46
39 58 82 84
66 77 41 40
5 51 96 93
61 64 96 66
4 80 38 72
75 91 88 16
36 40 23 82
36 67 55 44
2 52 99 96
50 56 25 46
40 46 75 85
30 93 63 53
19 51 86 91
15 55 12 81
43 57 42 37
15 53 91 98
87 89 49 72
87 99 85 15
31 53 86 56
37 59 37 43
59 97 53 91
31 79 26 10
23 81 94 100
4 58 4 100
43 82 37 77
16 83 13 35
55 86 80 44
42 100 89 59
35 90 59 95
4 24 75 97
24 69 4 82
31 57 25 6
41 98 90 35
47 84 43 65
8 14 16 87
33 43 16 63
40 92 35 2
58 96 33 4
29 92 42 63
21 44 100 37
35 50 81 50
79 86 78 22
15 99 36 67
92 96 45 72
6 84 58 95
27 89 2 17
29 77 94 28
35 82 41 63
13 67 25 84
60 66 7 44
34 38 58 93
6 55 95 82
46 49 81 96
19 68 61 43
15 46 39 13
1 88 19 37
37 94 73 97
58 92 3 79
34 92 12 34
13 45 99 29
71 94 51 72
24 45 60 70
26 49 40 2
6 58 60 94
25 79 59 50
8 78 34 87
43 74 6 15
22 25 99 49
34 85 22 18
6 25 36 44
15 20 63 95
20 91 56 42
16 30 5 84
83 93 33 69
1 84 37 53
33 87 36 98
24 26 36 69
45 79 92 63
1 87 34 90
51 74 99 24
23 73 79 82
3 23 61 22
22 48 16 25
15 50 73 32
17 72 89 78
20 47 60 46
9 44 6 86
70 83 39 57
43 68 87 9
36 54 34 9
66 94 45 63
21 32 21 79
44 49 46 38
73 90 10 63
76 92 78 37
52 88 91 80
7 53 8 30
18 41 62 22
58 71 46 69
25 38 79 56
8 34 58 30
73 77 59 99
42 89 83 26
10 22 63 4
5 37 96 48
20 32 35 83
14 55 94 45
28 64 20 79
10 78 65 70
44 74 51 21
29 75 71 3
22 84 60 12
36 99 49 86
63 95 9 87
50 75 2 97
57 73 55 19
42 59 74 96
7 55 82 64
29 68 38 70
22 33 84 87
8 56 31 92
13 41 89 13
9 75 89 53
47 89 9 13
18 35 55 73
66 90 32 58
63 86 9 79
68 87 48 45
49 60 68 6
43 59 65 80
18 97 85 24
16 46 37 2
9 55 90 17
7 81 42 23
12 76 39 24
52 72 92 74
16 92 16 4
22 81 1 20
22 46 49 40
36 42 85 69
22 87 21 18
10 38 33 93
57 64 7 87
13 38 40 14
17 31 42 81
48 81 58 20
9 53 99 30
10 71 87 29
67 73 34 30
6 16 50 77
90 91 63 32
50 86 25 90
8 41 44 28
87 90 87 96
35 92 54 44
32 80 18 78
15 17 5 42
8 44 96 87
82 93 41 6
43 58 70 71
49 99 50 93
68 82 98 98
19 58 22 70
5 69 47 22
16 34 12 16
57 75 75 52
22 77 88 64
40 75 84 11
44 50 62 83
82 87 49 80
23 76 69 100
3 11 51 31
38 51 89 31
14 92 52 79
26 97 39 52
7 93 78 62
22 82 34 5
39 74 61 68
8 26 62 70
67 83 36 56
3 61 80 60
77 86 96 87
29 58 69 93
86 90 97 92
55 75 24 25
32 49 83 77
84 89 76 69
34 89 59 97
6 73 62 85
36 43 18 14
4 53 39 21
1 6 39 64
38 42 75 35
4 64 7 88
13 55 28 56
60 87 1 23
19 89 90 46
9 88 51 51
51 71 47 36
66 72 69 66
30 77 17 75
44 65 27 95
52 54 92 78
17 80 28 30
57 84 13 50
24 39 60 69
4 56 4 74
10 74 3 71
46 47 60 18
43 54 33 99
28 74 15 12
31 75 74 88
60 62 31 32
21 37 63 67
3 69 11 64
42 53 69 45
5 21 59 31
18 58 60 75
51 55 53 57
70 82 7 51
22 100 49 4
54 79 86 21
11 51 94 86
37 42 57 43
3 46 30 63
34 57 91 93
74 95 85 34
7 24 30 39
2 19 92 64
10 88 30 68
14 100 29 26
46 93 18 96
18 32 83 27
8 83 35 48
53 97 46 84
49 83 5 66
30 72 47 80
17 52 97 57
57 59 40 31
1 38 52 97
51 60 81 3
56 84 68 96
42 63 55 89
11 22 41 56
32 52 69 73
67 80 65 83
8 89 87 100
52 95 17 42
9 98 96 79
48 86 17 55
7 16 89 87
18 36 53 80
47 82 68 36
29 84 57 85
14 87 74 28
2 43 47 24
51 83 3 24
46 81 50 96
24 82 19 22
33 57 100 39
47 73 83 4
57 58 42 60
9 61 23 81
16 77 8 73
63 79 95 16
65 95 46 97
53 63 89 52
36 79 19 9
7 99 33 42
6 19 2 36
4 98 81 5
71 86 76 88
42 64 64 37
48 87 41 82
40 100 19 82
72 89 10 76
1 7 11 16
86 100 25 17
44 57 16 9
34 61 55 77
10 59 82 67
43 95 5 77
9 29 54 29
35 68 91 52
57 94 48 6
11 71 66 45
24 42 65 93
53 60 61 23
36 69 45 87
25 91 76 7
25 61 73 40
26 45 46 78
8 19 7 15
40 90 39 33
26 76 43 47
59 93 42 86
71 91 3 58
37 50 97 42
31 61 69 37
19 25 19 52
32 98 4 22
70 73 17 16
4 16 100 52
22 49 75 46
12 81 23 73
19 87 47 59
11 57 6 84
24 55 37 23
4 62 52 36
24 73 17 45
60 90 96 62
26 51 70 88
40 52 54 5
18 42 61 44
46 77 28 84
25 75 57 7
46 70 45 81
10 99 79 67
47 95 51 50
19 31 63 79
92 98 29 43
27 60 99 14
42 61 17 56
32 53 88 17
25 70 88 30
9 76 34 49
84 85 10 98
17 21 4 42
56 77 17 25
2 71 64 5
40 54 33 76
8 99 73 63
6 61 94 45
20 96 19 60
30 58 42 81
29 50 88 64
1 48 39 22
14 26 100 40
61 77 75 5
67 81 52 97
75 97 91 13
61 89 23 42
16 45 49 81
44 47 6 84
12 39 26 29
9 16 45 6
31 48 54 50
2 9 38 89
20 66 78 50
52 68 86 7
1 66 4 35
46 85 23 67
75 88 16 83
69 80 38 64
12 97 23 75
11 93 95 88
19 79 53 48
25 41 24 21
86 88 66 3
31 81 88 5
56 71 45 66
9 17 98 3
56 86 24 27
39 50 61 64
15 65 93 41
77 78 41 38
9 80 40 95
3 100 27 100
44 59 98 56
53 85 74 64
22 37 52 42
41 55 78 64
7 77 16 20
85 93 71 74
3 28 93 43
73 85 1 46
32 75 65 36
65 81 79 29
1 14 69 26
3 57 79 2
28 75 74 91
21 35 3 82
41 85 83 22
48 53 56 46
27 85 29 59
36 81 25 10
61 97 7 97
28 35 97 77
82 92 16 98
20 57 12 68
22 69 34 13
36 55 68 63
25 73 49 42
49 87 45 72
31 55 55 34
35 52 4 48
43 47 89 11
25 42 80 25
40 58 62 36
50 55 86 86
52 53 2 62
24 27 92 65
64 74 19 17
58 70 40 3
4 54 61 54
2 46 71 60
88 97 26 47
31 99 95 32
52 74 2 18
21 45 61 32
89 94 16 11
25 53 15 73
4 29 69 69
30 100 6 73
60 68 72 28
13 15 25 7
33 75 3 68
23 91 23 6
10 54 15 85
6 82 18 16
36 53 4 62
20 48 61 95
32 84 86 10
30 48 4 42
3 78 58 34
38 50 88 81
29 34 84 97
37 66 68 33
36 84 44 100
4 100 12 23
22 94 46 40
39 65 71 58
42 97 2 44
17 86 50 19
3 87 27 2
90 98 93 23
7 45 69 80
10 85 1 89
17 25 97 97
26 67 8 31
48 85 13 17
45 50 67 23
24 79 36 10
46 66 57 36
42 78 15 85
65 97 25 97
64 99 63 50
36 92 11 62
35 99 5 3
32 70 32 87
22 79 40 61
60 65 43 46
34 76 95 95
78 84 18 83
18 68 50 50
10 66 99 9
44 93 36 5
32 33 33 69
16 76 23 30
4 28 29 5
27 48 64 12
34 68 73 69
38 90 58 29
48 96 41 66
56 74 29 59
38 98 88 65
32 85 57 96
28 91 34 3
75 82 41 7
44 85 89 67
47 51 84 5
7 18 3 85
33 71 29 42
13 61 72 66
96 100 30 69
52 82 61 30
30 33 73 99
18 49 69 89
50 94 39 64
16 38 5 85
32 82 41 38
7 100 63 63
11 60 42 66
18 73 14 42
9 18 80 73
70 98 30 11
29 63 8 11
9 77 57 27
5 13 60 50
7 79 46 63
40 45 81 95
12 73 1 61
7 33 34 63
8 21 100 59
17 88 55 16
90 92 34 14
39 89 47 52
44 86 10 24
38 54 78 49
25 65 19 92
27 63 89 55
14 15 16 46
17 26 27 35
25 68 69 37
35 59 23 93
70 92 86 95
12 21 99 77
54 85 96 27
57 70 22 43
16 96 78 86
60 61 13 50
71 99 4 100
71 85 57 72
20 68 34 39
13 26 91 50
40 98 21 57
38 67 15 50
8 53 83 87
8 31 88 30
12 22 48 18
53 84 10 96
63 64 5 69
48 84 22 28
33 48 10 24
15 34 74 17
62 77 61 81
22 29 2 100
71 78 45 36
4 32 54 10
53 56 84 67
11 27 80 70
31 89 98 90
35 87 6 91
6 7 100 21
8 64 38 75
34 58 79 66
93 95 6 84
60 86 90 17
45 95 57 13
15 38 47 94
11 16 92 22
48 94 44 25
19 80 90 74
55 84 68 48
82 90 64 58
49 58 66 28
33 97 95 9
5 84 27 45
20 94 65 24
56 73 97 83
26 42 99 78
59 86 20 59
30 43 62 44
11 67 18 15
11 86 16 59
45 87 86 20
14 41 95 18
36 89 72 49
51 56 69 9
20 75 60 2
58 64 98 50
56 69 43 37
50 87 79 73
34 74 59 6
14 76 65 53
21 63 55 41
70 71 46 4
3 64 86 16
4 47 43 92
10 18 98 31
57 85 17 57
1 90 72 82
64 90 31 52
3 50 32 96
51 81 26 44
53 98 13 6
92 97 59 55
80 98 63 39
29 46 88 32
7 69 61 12
26 28 49 54
18 28 67 68
1 96 41 29
13 99 89 92
75 99 4 72
19 78 52 98
66 99 42 79
16 69 31 22
16 53 8 36
3 33 83 38
73 84 77 18
4 92 87 5
13 32 3 10
15 23 29 80
61 100 19 60
23 41 24 32
12 98 82 70
17 63 85 45
46 65 63 9
74 78 3 78
56 68 53 63
24 53 66 86
43 56 94 37
51 82 62 46
41 62 47 7
12 13 27 77
7 64 16 17
44 71 92 16
1 13 12 24
4 18 79 67
29 64 93 6
46 84 91 36
3 43 9 95
31 40 26 44
34 63 16 65
31 73 100 45
80 87 97 51
3 86 78 39
21 71 84 81
33 45 38 89
3 72 77 78
71 83 45 39
69 74 62 52
15 22 43 76
29 36 59 64
13 34 69 13
25 64 33 67
13 74 17 78
11 13 66 57
61 95 52 57
6 11 35 48
27 98 25 45
27 70 16 52
33 46 72 15
50 76 89 40
16 27 60 72
59 88 10 35
29 57 47 87
29 40 22 44
17 87 31 100
41 65 14 75
1 81 77 48
8 20 79 66
57 63 4 18
86 87 10 68
12 95 30 35
33 72 84 57
59 99 89 16
27 35 16 17
9 52 45 82
12 46 64 30
57 79 73 1
57 67 4 64
9 97 72 91
24 65 37 77
78 95 45 88
23 82 70 96
34 79 59 77
60 92 85 95
42 54 87 28
36 97 68 94
19 50 26 23
8 88 46 39
52 77 13 96
45 98 7 11
64 67 26 86
52 86 82 69
50 98 1 79
20 41 52 53
44 98 20 49
72 93 48 57
14 19 46 5
31 34 21 78
62 83 2 28
11 81 20 4
41 95 76 30
78 91 32 12
77 91 88 92
22 73 96 13
20 42 94 18
34 96 18 88
21 26 96 69
52 81 90 84
21 59 44 32
81 85 66 2
2 44 70 7
28 83 49 99
90 100 2 24
24 40 39 81
82 88 35 23
68 74 7 54
13 20 41 9
9 13 11 16
1 21 73 63
6 48 7 93
73 95 56 59
25 82 64 40
24 35 26 94
25 95 13 61
45 80 62 43
43 62 6 39
70 96 33 90
54 87 17 66
11 64 3 86
28 85 56 71
7 12 84 55
30 50 98 5
35 44 61 63
40 65 16 97
10 62 63 2
16 19 84 89
54 58 14 85
17 42 23 77
56 78 4 77
7 29 42 69
3 80 64 81
15 39 77 61
8 93 27 11
20 34 40 39
28 82 97 50
12 36 47 27
2 93 13 64
33 67 98 46
5 49 36 96
15 49 18 55
15 78 92 62
48 93 50 20
29 70 26 53
66 91 99 50
37 89 50 22
65 74 90 42
2 56 72 91
18 61 8 3
28 99 60 31
21 70 72 66
27 57 62 81
28 48 59 14
52 65 71 73
9 83 27 52
23 35 76 90
22 67 27 20
31 80 12 49
41 92 92 28
43 93 93 8
49 98 6 4
16 36 100 44
1 56 47 43
18 30 80 58
38 47 5 28
12 17 44 91
74 92 8 100
3 58 8 88
2 79 45 58
74 83 97 51
20 36 92 65
75 89 82 47
43 78 12 76
3 15 73 81
11 59 40 9
41 43 96 58
5 35 29 19
30 68 4 74
41 60 78 54
30 44 49 27
27 67 68 35
6 74 42 14
2 11 22 71
26 62 84 48
16 89 25 34
79 97 57 21
33 69 34 15
6 68 57 28
39 95 18 54
34 42 79 77
14 40 98 55
34 53 52 66
51 62 10 69
39 79 94 49
71 72 34 52
2 37 76 93
21 41 4 26
15 77 37 82
36 90 94 17
14 99 66 44
4 95 5 9
20 67 7 62
40 44 92 4
45 91 53 14
11 40 9 45
73 94 36 99
18 22 51 28
36 37 6 85
36 59 82 16
8 73 29 73
52 70 5 62
7 31 45 98
33 90 47 67
26 83 95 3
9 22 44 45
68 81 52 66
16 88 95 37
82 85 16 34
22 34 13 6
44 89 99 33
9 15 64 35
37 77 38 98
47 100 20 73
34 49 42 21
1 9 46 15
78 100 20 1
65 91 95 26
31 41 34 3
16 74 27 15
11 18 46 18
24 28 10 91
48 92 32 92
21 48 69 36
40 67 16 78
35 71 6 91
33 96 83 73
54 99 62 75
32 92 45 81
43 52 3 78
29 80 54 66
25 33 56 51
3 35 77 9
34 62 65 38
20 50 2 74
32 81 85 26
4 55 38 51
45 61 12 64
6 87 79 18
21 38 13 80
35 95 92 64
2 42 15 19
12 57 31 99
35 78 22 44
2 3 16 58
67 82 75 72
83 98 79 92
4 42 31 65
11 50 64 94
51 84 96 47
33 65 7 76
41 80 70 42
39 76 100 89
2 61 85 22
45 86 22 99
56 85 91 53
20 24 14 73
32 54 50 6
44 53 36 97
50 68 87 64
26 66 68 39
58 75 49 44
46 74 47 62
12 23 52 14
21 40 87 48
3 84 12 71
77 83 33 10
16 48 70 66
32 72 9 20
3 59 71 74
20 73 40 45
55 100 72 13
10 60 49 81
32 65 52 74
7 23 40 95
13 23 11 70
19 92 59 17
55 62 5 22
50 59 55 37
62 90 48 48
10 17 20 66
37 87 89 99
8 40 34 71
46 78 71 63
13 18 89 45
9 49 53 48
21 42 25 75
59 74 90 96
76 83 70 65
36 72 70 89
34 83 93 11
26 74 12 17
45 55 76 72
38 44 55 6
59 65 34 49
43 73 74 28
24 100 34 40
63 92 46 83
19 60 99 19
9 26 36 74
53 83 72 45
25 67 57 71
27 37 12 17
2 31 51 91
62 88 79 29
49 53 38 64
47 68 77 94
77 80 20 11
42 83 17 22
24 36 100 14
85 99 12 23
12 41 27 9
7 41 44 22
9 54 63 39
83 86 56 16
47 76 65 71
34 64 79 74
58 74 99 11
2 66 46 7
14 61 14 62
41 69 95 33
49 54 56 52
40 53 42 40
24 99 26 14
26 37 64 61
50 64 51 31
56 90 3 87
43 98 24 18
18 40 3 24
12 28 23 71
62 68 94 2
49 91 83 80
18 86 42 21
75 98 49 33
10 19 47 24
38 43 91 21
27 46 20 6
21 74 6 57
15 60 43 18
5 55 45 91
7 27 95 29
7 62 67 38
19 99 79 9
8 12 44 20
2 15 20 66
26 31 91 61
17 47 17 12
52 59 9 49
17 41 65 23
9 21 49 94
14 29 84 50
10 47 44 52
69 90 81 16
28 31 98 36
8 92 67 64
47 67 18 77
79 93 27 11
18 70 74 20
34 97 36 96
65 98 11 25
45 77 67 91
74 87 33 60
49 95 26 77
46 86 65 31
29 55 3 60
72 91 31 59
56 63 94 27
33 95 19 86
8 30 60 17
17 74 14 36
3 60 97 83
54 61 67 70
41 87 25 92
82 84 91 11
63 74 89 5
14 49 49 1
66 81 75 54
68 94 28 6
7 37 40 26
10 56 70 2
23 74 35 93
63 65 46 83
14 63 70 27
56 79 15 60
1 55 40 92
7 51 75 12
5 88 70 63
33 51 15 58
7 78 7 65
23 45 28 78
8 67 97 69
41 70 32 75
22 45 99 35
15 45 74 51
64 72 53 76
26 95 16 83
25 66 21 40
45 62 57 75
12 70 44 72
34 98 77 30
2 98 74 93
52 76 2 84
45 73 84 14
15 36 22 41
13 77 55 20
38 61 68 44
49 96 98 2
59 70 95 31
19 44 73 92
5 100 19 1
46 90 33 4
1 72 27 4
29 98 95 50
2 29 28 22
12 86 6 75
22 47 55 11
20 87 83 51
53 57 27 42
57 65 99 90
39 62 55 46
36 82 56 47
2 95 55 75
12 54 56 48
34 48 40 13
5 17 18 61
23 92 37 31
8 65 54 30
12 64 20 97
13 76 12 12
62 85 18 19
68 69 94 10
78 79 64 75
64 89 29 74
27 92 4 12
79 82 38 100
9 78 44 91
8 80 65 12
65 82 17 64
13 85 69 50
53 54 4 27
16 40 31 84
46 88 68 65
5 94 51 47
12 100 5 99
9 74 78 1
13 46 86 23
17 85 92 10
5 96 17 79
27 50 56 48
10 58 1 78
5 97 18 23
32 63 2 15
24 88 14 17
89 93 61 28
31 49 55 62
14 25 50 7
4 61 58 60
47 64 28 87
4 93 72 25
46 67 7 39
11 94 73 79
72 96 1 73
45 66 97 54
8 10 94 98
20 77 98 85
8 36 2 9
19 43 22 57
19 35 57 2
7 32 68 39
12 60 66 31
27 61 72 68
12 83 23 20
73 93 26 40
69 98 51 28
35 43 76 96
14 75 40 50
63 100 23 94
44 67 65 28
48 54 44 80
10 31 31 20
81 89 78 39
51 95 68 66
38 64 87 27
38 71 89 49
46 59 84 48
37 71 48 69
3 12 82 71
44 75 40 23
8 60 99 89
10 79 39 85
52 64 59 33
24 41 54 82
48 61 82 50
96 98 68 59
28 71 78 80
24 59 41 35
65 94 68 5
26 82 100 13
27 72 99 5
62 72 19 71
1 2 71 61
15 43 27 90
20 56 19 42
70 74 22 97
83 89 79 84
3 56 94 30
68 95 5 89
65 87 56 49
11 52 39 60
16 39 4 2
25 27 45 92
61 68 59 83
24 43 36 15
2 88 83 39
8 61 45 30
38 81 56 47
57 91 37 25
19 88 68 26
34 100 43 54
35 70 99 72
2 51 95 5
51 77 100 49
21 33 82 34
34 90 41 50
25 84 77 41
61 86 62 18
76 79 20 82
49 89 67 6
64 75 75 89
3 97 8 89
23 43 87 51
74 100 57 82
33 55 10 16
72 81 75 6
1 59 16 86
44 77 100 25
63 99 44 74
8 84 32 68
62 69 26 24
5 91 40 64
34 39 87 68
60 78 16 56
16 93 85 17
12 63 27 27
34 43 36 49
28 73 61 92
15 68 59 77
6 10 95 12
7 49 74 54
40 85 93 26
3 37 36 9
48 66 92 26
51 76 2 62
87 98 28 66
17 98 27 87
9 69 55 33
31 32 1 81
8 15 8 49
81 83 87 90
5 31 71 87
17 84 29 56
22 54 22 91
24 94 48 50
7 74 71 7
6 70 48 52
62 73 100 29
6 18 39 87
46 57 38 79
37 65 57 82
61 66 86 37
18 82 15 20
71 84 26 7
26 64 26 42
64 94 67 26
23 62 2 25
5 44 49 77
15 82 23 82
25 72 11 68
10 93 58 83
32 51 19 59
2 32 21 34
25 59 11 54
45 88 44 49
77 81 6 94
19 84 92 48
12 49 64 42
8 51 3 24
15 61 24 60
11 84 4 52
21 62 71 56
26 78 50 10
14 16 87 90
54 55 37 80
91 92 83 78
4 82 53 58
26 36 12 96
41 52 9 48
49 57 14 18
29 54 3 28
14 85 34 46
17 56 42 44
17 60 61 23
1 23 53 79
8 75 84 11
2 27 67 81
27 59 12 56
68 97 27 75
43 69 33 44
35 98 88 92
1 15 21 90
81 86 35 69
7 44 9 75
19 65 12 32
49 73 71 29
36 76 69 42
27 31 91 43
23 100 35 100
2 13 9 23
49 50 68 28
58 78 97 33
27 90 3 10
3 68 22 8
76 98 86 46
53 66 76 14
40 55 13 36
30 86 21 71
5 77 49 44
38 87 41 83
31 86 47 62
23 77 88 34
49 76 93 12
23 97 54 64
13 57 69 99
78 93 84 59
20 89 53 91
21 79 76 1
5 99 38 30
65 69 27 15
77 92 36 61
67 78 16 55
40 57 25 98
62 70 87 72
87 97 28 22
49 72 23 64
25 47 14 19
75 80 13 92
46 75 89 49
8 52 97 79
15 72 68 28
79 100 51 93
6 57 43 52
1 35 72 54
71 89 88 49
82 96 8 89
65 75 91 63
53 59 81 61
91 98 20 94
46 48 3 47
33 100 8 36
15 94 48 51
14 86 6 92
45 84 13 78
95 100 53 68
21 31 78 89
26 81 33 40
19 57 92 1
2 81 98 15
20 64 35 52
31 52 29 59
43 66 84 2
21 27 74 80
1 20 15 4
6 92 37 100
1 89 66 37
54 100 56 20
7 59 39 66
13 80 60 49
7 63 75 12
33 56 56 19
37 91 100 5
62 87 72 19
48 77 52 86
30 54 59 38
4 87 70 34
6 56 62 58
19 95 93 35
85 97 95 8
55 66 90 95
50 77 14 73
9 95 25 71
37 95 48 62
2 4 85 44
82 99 51 62
1 100 34 76
1 60 94 88
33 37 58 80
1 33 31 31
26 84 72 27
22 61 94 89
38 91 46 32
7 97 8 60
31 56 14 57
35 69 26 78
15 69 72 52
20 95 26 84
14 27 57 57
32 45 10 10
23 87 66 52
70 77 33 8
84 86 23 37
23 71 4 99
72 100 42 14
57 72 49 37
42 69 21 91
13 64 60 59
7 92 71 24
24 54 60 51
20 52 60 27
40 95 34 59
9 65 81 85
28 76 77 70
4 48 36 47
8 11 42 10
22 86 56 44
14 33 36 8
2 84 34 95
38 72 3 55
28 33 37 40
27 28 38 3
53 81 37 26
14 71 100 9
27 40 95 33
33 50 48 42
37 45 5 37
14 81 16 44
60 64 100 72
2 17 27 39
21 94 14 54
54 67 29 71
3 31 84 7
45 92 6 19
80 99 32 53
43 89 92 96
11 41 36 16
77 97 51 51
12 52 56 34
60 72 10 56
13 98 56 19
21 83 24 38
70 100 90 52
41 97 20 27
80 84 93 72
10 30 41 25
78 87 47 25
17 19 65 69
11 99 21 69
13 79 32 47
5 66 27 79
88 92 43 6
3 38 30 84
86 92 75 79
34 52 61 7
56 80 19 99
44 45 94 83
39 44 89 24
3 39 32 11
78 88 82 2
69 88 19 56
11 100 35 56
14 57 67 54
5 52 71 29
31 93 36 27
38 82 16 87
10 49 27 87
59 71 25 32
8 96 12 89
24 33 93 47
14 52 70 76
19 29 64 59
44 95 58 73
29 91 19 68
94 100 19 58
53 100 84 60
59 62 51 26
44 94 45 84
11 36 53 61
2 92 71 9
16 100 4 94
54 93 23 28
69 99 12 51
41 49 98 91
22 63 61 35
75 92 27 63
5 43 52 83
36 64 53 36
47 66 85 27
28 90 8 82
29 86 66 34
85 100 1 29
11 66 88 73
39 73 75 49
55 80 14 81
13 25 59 20
50 62 15 37
56 88 11 81
19 72 92 93
19 42 90 49
48 97 55 75
44 63 35 95
7 17 6 83
81 87 29 11
50 51 60 98
37 57 28 29
92 99 8 3
44 64 62 59
12 87 37 46
27 42 64 67
3 32 20 52
36 49 87 69
18 72 69 17
3 19 80 57
62 71 90 27
39 61 15 64
60 98 43 88
60 91 96 54
40 89 86 4
18 29 82 72
13 68 21 98
33 86 59 9
56 72 86 77
55 76 29 29
42 66 75 99
26 90 45 47
74 90 65 3
45 93 15 63
54 82 98 79
31 59 79 7
16 51 63 85
7 34 47 97
59 69 93 10
91 95 50 88
25 63 98 28
50 100 59 52
12 14 6 54
64 66 9 59
55 91 30 100
6 34 74 24
53 58 100 47
35 61 77 51
36 48 81 15
4 99 34 66
36 74 38 82
21 54 38 43
88 91 39 11
29 89 37 98
88 89 91 71
63 70 58 50
32 100 9 69
11 29 53 12
31 96 25 87
52 63 60 9
56 100 9 47
28 94 5 32
77 82 41 90
67 92 57 33
25 92 32 98
40 63 29 30
4 94 56 63
17 18 4 35
71 82 61 43
47 83 51 56
15 75 20 65
60 94 11 8
36 95 9 34
32 93 68 76
31 38 76 37
12 18 88 61
6 45 51 62
74 94 13 4
80 91 84 86
38 40 16 99
65 79 39 77
18 24 75 29
10 84 59 92
90 95 91 79
4 34 22 3
18 79 81 18
54 73 15 59
18 95 29 54
37 67 69 79
49 85 10 79
16 21 93 71
68 71 55 75
15 79 70 62
44 48 31 7
47 70 19 64
48 56 26 98
33 35 94 99
54 57 37 86
5 27 19 62
36 65 68 52
10 65 65 92
68 92 31 42
6 37 30 100
18 80 18 29
39 43 34 81
15 18 51 86
7 72 5 38
32 77 13 60
50 71 19 36
6 28 55 90
63 90 16 95
14 59 48 28
87 88 79 6
19 73 63 4
14 47 79 60
13 36 9 11
25 39 51 5
8 29 8 44
51 89 63 11
18 31 9 9
5 58 35 80
25 77 53 52
2 53 25 30
13 81 75 24
7 14 24 34
55 87 84 93
74 96 6 66
65 100 34 68
51 64 47 82
57 99 90 10
38 73 27 75
59 94 23 35
65 80 52 34
11 21 7 22
84 94 6 62
10 80 63 2
68 98 11 24
10 33 9 72
83 95 22 24
15 33 52 3
1 83 6 61
66 83 99 81
7 75 10 83
42 47 92 85
6 59 71 48
21 82 82 100
74 80 42 86
7 95 87 32
27 83 29 47
26 98 69 65
9 37 67 38
58 66 70 78
38 58 31 36
25 46 91 24
10 92 38 42
32 57 66 87
74 98 93 44
16 97 10 19
72 82 26 95
71 88 6 60
5 40 100 63
18 59 94 88
20 29 3 93
58 84 27 76
2 25 34 100
64 87 46 86
45 97 56 82
25 93 49 14
66 69 57 67
18 67 11 66
84 92 65 48
15 51 33 1
36 58 55 77
33 54 60 98
35 58 48 27
1 24 87 26
87 94 76 34
43 71 26 65
58 65 90 10
16 43 10 61
23 94 71 13
14 67 50 24
9 86 73 86
25 71 47 61
36 52 21 31
31 63 47 60
34 44 20 78
6 79 72 96
42 52 44 33
84 93 15 72
43 94 1 42
71 100 64 94
90 97 16 72
56 65 46 68
82 91 91 11
80 83 69 27
11 45 20 10
9 23 11 22
15 25 92 58
61 98 31 96
29 95 57 80
6 64 94 5
10 52 12 97
20 44 45 62
16 87 15 75
7 54 39 49
24 89 55 40
64 86 29 100
10 42 55 80
7 98 87 10
59 90 29 31
13 48 8 42
47 50 40 68
67 95 94 81
1 78 92 46
30 96 30 81
34 81 14 67
37 73 71 39
56 98 95 71
20 55 85 18
36 80 25 55
34 45 80 58
63 82 22 1
68 89 62 31
47 58 89 55
63 68 87 97
9 73 15 17
70 72 50 51
3 26 52 83
34 95 22 41
43 84 86 28
29 96 100 29
19 48 45 85
11 63 59 82
18 83 86 79
6 78 34 11
47 97 30 28
22 98 4 9
63 77 80 66
30 80 16 39
71 73 16 37
26 73 54 86
19 46 76 60
12 89 18 42
8 63 38 38
38 78 89 97
85 89 62 4
21 52 38 84
11 42 63 95
11 53 95 48
24 51 23 58
7 21 33 50
31 87 74 52
25 29 75 72
5 59 50 51
9 45 98 99
5 82 61 85
17 49 22 39
54 98 89 27
21 99 81 34
9 70 36 81
4 22 42 17
22 50 63 96
27 43 6 18
45 96 30 11
71 97 34 15
27 69 89 94
29 48 13 82
11 92 51 48
68 75 39 65
76 81 36 58
55 60 42 96
23 95 92 94
45 49 7 13
44 97 8 54
1 74 58 9
58 59 95 65
36 77 1 28
90 99 46 42
2 50 34 5
23 72 93 67
31 37 79 33
47 57 1 87
2 6 1 84
18 89 23 84
32 89 51 38
66 82 67 34
38 55 45 2
64 97 20 67
7 94 9 45
43 61 83 6
14 39 3 12
25 26 62 42
10 21 98 41
11 33 1 88
14 23 1 51
56 70 29 66
27 52 56 65
22 32 56 1
12 34 36 94
2 70 5 49
88 100 33 75
79 83 6 65
1 68 61 92
22 41 19 97
16 94 9 33
77 99 57 84
9 82 13 66
6 90 93 65
18 56 48 26
27 68 53 81
9 87 89 27
56 58 94 15
26 39 54 55
23 47 16 17
22 78 92 9
60 82 77 31
84 100 38 30
69 84 100 54
14 96 84 18
17 94 17 59
41 67 2 43
61 71 51 37
78 80 44 45
14 24 11 14
40 79 16 61
45 76 12 100
37 78 7 98
28 68 29 11
49 51 33 82
17 22 46 85
26 100 22 49
14 88 8 55
26 91 98 51
26 87 90 79
27 53 68 4
44 54 44 83
49 63 99 14
24 67 8 64
20 80 91 98
50 92 61 11
72 73 82 38
32 78 81 83
19 100 98 87
28 81 6 36
39 42 38 28
38 39 82 95
18 74 42 46
53 80 10 86
17 97 43 84
57 61 30 84
55 93 85 92
6 53 26 66
25 43 69 86
10 61 66 39
72 86 82 82
46 69 92 66
27 62 70 77
6 39 80 43
60 96 7 100
43 97 61 93
10 36 25 27
32 58 86 18
6 52 35 85
94 99 47 99
25 58 34 91
21 93 40 89
35 62 44 74
2 35 20 55
66 80 15 79
2 80 99 34
2 24 7 69
79 88 73 15
4 43 99 76
49 100 94 17
16 23 47 89
3 79 72 23
28 37 11 63
18 20 22 25
85 96 75 43
11 75 15 59
51 100 67 95
29 42 27 68
44 82 53 49
78 82 97 16
22 99 41 29
48 62 95 7
37 41 3 74
67 96 71 95
93 99 23 44
12 99 70 56
51 80 64 43
12 69 72 16
11 39 26 31
80 94 56 89
17 92 62 93
86 94 73 19
39 56 20 29
56 62 4 93
50 73 77 33
48 73 94 49
35 47 83 1
47 96 13 47
36 88 65 25
2 68 30 31
16 32 90 87
7 88 36 38
4 11 67 61
27 78 72 76
24 86 17 64
4 37 8 21
11 47 97 96
94 97 90 50
72 92 27 36
42 58 67 17
34 46 55 41
7 66 17 13
19 66 58 32
39 40 81 17
40 61 60 42
1 43 15 58
12 50 67 42
27 41 100 14
6 66 80 74
48 68 56 13
42 95 48 16
86 95 20 80
17 99 59 62
54 97 58 49
30 49 23 90
54 60 59 7
3 88 22 27
19 30 1 6
28 52 42 63
27 66 94 22
30 83 41 87
13 86 45 87
27 93 94 19
4 75 21 28
3 22 95 54
49 62 44 1
16 47 1 23
34 50 42 47
5 26 77 41
19 81 8 96
29 45 4 73
25 99 3 6
14 95 79 45
13 96 26 92
43 100 75 80
40 62 62 71
38 97 87 5
39 54 69 37
16 85 75 78
81 100 41 81
5 65 92 42
30 75 11 51
6 21 62 31
6 47 93 63
56 67 64 4
10 23 28 80
39 97 82 61
19 69 95 81
31 90 45 58
5 20 73 28
37 53 44 47
45 100 60 69
40 41 27 15
4 68 5 73
44 92 60 90
53 74 44 64
42 57 100 74
57 82 44 19
66 95 4 43
54 72 24 60
58 79 48 10
5 93 50 24
7 8 32 9
12 96 40 57
4 60 27 8
20 83 18 80
61 76 47 25
4 63 83 68
12 68 38 29
12 33 34 67
35 65 72 8
13 91 44 17
4 39 88 76
24 76 7 80
31 60 76 23
81 84 73 69
14 51 73 98
46 56 7 55
73 76 33 30
63 67 22 32
44 46 79 29
3 5 76 68
56 75 45 3
55 70 62 58
79 80 75 15
80 85 77 46
27 45 41 55
77 98 42 100
20 76 40 4
14 44 4 91
40 81 28 95
63 91 36 65
55 63 16 51
40 88 16 20
19 40 35 68
62 78 100 84
3 62 73 98
7 30 57 78
28 49 71 1
23 67 65 43
30 99 64 30
2 86 30 49
3 48 94 60
26 30 88 90
15 54 37 88
35 63 74 14
2 87 96 85
37 43 59 40
80 88 47 69
28 29 76 37
41 88 65 32
18 99 79 39
76 97 54 61
80 100 52 10
23 46 65 65
51 58 16 70
49 52 64 25
3 25 96 87
13 73 40 52
53 69 78 86
4 67 84 99
17 29 78 25
56 91 82 72
46 71 51 29
11 28 20 45
58 63 20 21
2 100 17 83
35 49 93 73
49 92 20 37
35 73 66 98
74 91 69 19
51 96 82 91
79 95 62 6
18 52 65 89
8 55 35 98
46 52 11 27
1 52 99 4
28 72 74 7
27 55 64 33
51 59 32 48
13 93 97 44
10 32 29 1
49 90 38 61
21 39 49 2
64 95 25 8
9 34 64 78
6 97 64 2
5 30 64 14
18 88 29 25
83 97 80 20
33 89 28 42
16 29 70 34
40 91 17 45
12 25 53 84
14 79 55 29
46 51 26 7
21 77 78 95
29 47 66 80
40 48 32 55
11 55 50 11
60 69 43 100
48 72 63 63
10 20 37 31
62 82 33 81
63 88 22 54
58 93 91 32
65 73 78 96
48 95 96 82
77 94 27 13
67 89 25 95
31 69 86 52
15 63 68 91
1 19 75 65
53 55 56 22
21 25 51 45
45 51 43 76
81 90 17 63
33 42 97 86
34 69 9 27
73 83 29 43
35 42 67 30
2 59 95 62
3 92 5 96
54 96 40 82
7 35 23 94
35 80 57 19
10 83 66 78
43 63 55 1
40 71 36 60
8 46 21 90
2 96 84 87
5 33 76 77
46 63 74 72
20 99 69 4
41 61 51 18
15 88 90 14
37 51 31 24
29 43 57 51
14 45 48 55
5 15 37 9
30 45 71 9
50 58 48 16
8 45 96 82
5 67 23 89
16 80 22 81
91 94 71 18
5 18 60 20
29 99 35 71
45 63 78 7
13 78 12 25
55 56 87 82
42 62 11 4
32 94 29 11
24 25 3 26
3 75 100 25
13 95 74 72
6 15 8 76
1 62 73 25
9 11 49 68
48 50 61 51
47 72 81 56
39 96 88 1
64 76 7 87
4 71 7 52
91 96 89 53
26 55 91 83
71 87 60 29
73 96 39 51
35 48 98 37
41 45 97 74
55 90 47 1
52 96 90 22
34 41 24 75
4 13 82 23
62 75 48 54
38 68 43 62
22 31 83 72
42 45 26 57
33 66 79 44
18 98 4 21
39 48 65 58
52 62 15 34
44 70 28 32
49 67 83 88
38 92 25 97
8 94 55 85
36 83 11 68
27 71 41 34
2 54 81 37
49 75 41 56
43 81 19 64
32 36 100 23
56 64 84 27
16 54 43 100
38 93 7 70
14 62 53 32
63 76 59 84
37 99 97 78
46 80 1 16
79 96 72 19
6 62 10 85
15 71 63 30
3 67 30 88
10 12 27 25
4 88 99 14
64 98 47 57
7 11 100 87
15 42 41 5
11 15 51 12
10 87 12 7
11 89 85 66
28 63 30 83
46 91 85 39
23 84 84 75
57 93 13 81
42 98 42 58
19 54 86 67
23 36 88 66
27 30 40 74
29 35 98 74
43 53 1 78
9 91 9 100
67 71 70 49
1 99 92 38
38 70 99 29
32 44 55 57
57 98 38 71
3 20 80 100
11 34 76 19
33 41 23 86
87 91 47 96
18 100 61 66
59 73 48 100
4 45 52 70
9 72 69 9
6 88 98 12
28 39 40 98
16 67 45 16
22 64 17 80
14 17 65 24
41 83 17 36
22 83 83 99
22 56 81 85
6 100 7 98
34 86 61 84
20 74 2 4
68 79 63 90
20 58 90 10
49 69 58 48
75 84 65 99
37 80 58 51
16 82 58 95
77 96 82 13
32 68 27 89
59 76 36 93
25 40 59 5
44 73 30 2
58 87 78 40
13 27 62 89
51 99 21 12
48 78 69 53
30 65 50 23
44 72 11 85
37 39 32 47
34 37 60 52
65 89 44 15
3 24 52 68
23 50 2 13
13 40 97 28
15 26 54 16
71 95 44 79
46 61 47 50
25 30 78 91
27 56 85 55
35 74 54 10
54 65 61 77
49 68 11 60
40 77 84 99
54 76 6 21
42 56 16 94
38 60 64 87
26 53 60 81
68 78 61 47
7 26 22 56
8 82 94 16
38 57 8 82
10 70 51 4
29 85 15 92
67 84 34 6
30 55 10 51
50 79 12 30
63 78 66 80
48 83 39 31
25 31 98 28
64 85 56 51
59 82 54 26
69 87 31 87
52 73 97 11
4 20 17 45
72 74 49 54
1 30 3 64
30 34 28 75
76 78 11 100
22 71 83 3
30 91 96 11
11 97 69 27
2 12 72 62
38 89 93 47
40 86 66 8
54 92 57 66
31 33 89 60
46 83 63 14
66 76 55 14
43 67 35 37
70 75 71 46
14 69 2 9
20 98 82 50
39 87 11 28
17 62 69 36
34 93 44 48
56 97 90 47
16 49 91 32
17 61 4 64
4 89 99 61
64 84 27 12
22 72 43 98
15 73 100 4
76 95 39 21
29 52 29 89
39 81 78 53
10 15 3 84
73 74 11 77
24 91 43 57
21 57 10 53
17 93 18 70
43 87 17 32
20 70 63 49
58 91 42 72
57 90 99 55
22 66 97 40
75 96 6 82
38 80 85 52
2 18 44 96
42 87 6 94
14 34 40 19
67 86 42 23
75 77 2 58
7 46 38 48
39 82 39 17
22 51 71 18
45 58 56 43
8 57 78 33
43 60 98 46
57 74 69 26
36 47 14 28
45 52 46 96
13 90 10 97
28 47 35 14
25 69 43 15
2 7 2 69
7 87 84 51
16 24 73 20
29 88 11 63
51 72 49 76
69 94 36 88
47 55 7 13
44 96 14 79
5 78 100 4
13 30 70 54
5 38 1 75
26 85 39 99
73 89 24 8
39 66 13 59
14 64 77 46
74 89 1 93
9 46 62 2
27 39 1 66
74 88 17 69
73 91 57 59
68 99 37 25
33 84 73 34
35 39 11 14
1 95 21 29
28 40 23 84
51 67 32 80
4 97 20 62
33 52 3 70
16 65 25 95
30 87 78 76
30 46 2 22
14 20 80 92
9 89 34 80
13 51 81 15
27 80 14 34
1 31 25 77
42 73 14 6
18 34 9 31
7 73 43 31
11 82 50 34
56 57 96 88
44 60 86 61
33 99 96 4
53 76 7 83
35 51 74 62
16 79 22 81
17 100 50 74
60 79 39 88
7 57 43 9
10 57 18 21
40 50 42 27
9 64 9 81
51 79 94 40
22 89 28 27
37 46 34 93
35 75 63 51
8 74 13 58
19 28 70 23
50 96 75 55
70 76 83 91
6 46 4 29
83 90 13 19
7 58 14 19
37 85 36 59
12 47 63 2
5 25 26 93
2 33 26 2
16 52 7 24
73 80 27 24
41 86 52 34
4 83 92 40
41 73 100 10
29 51 71 36
50 97 43 14
41 75 66 50
48 49 79 81
4 81 3 48
1 58 43 24
91 99 42 48
32 97 41 92
8 71 82 5
36 61 14 59
59 68 80 28
50 74 43 38
9 47 100 22
14 21 27 85
29 73 47 39
15 37 93 44
7 48 8 93
27 38 57 48
14 98 33 92
40 82 71 77
26 50 76 85
30 60 12 12
47 90 30 10
4 31 23 91
43 77 72 78
18 51 36 93
9 32 75 33
26 93 65 19
71 98 76 30
76 91 22 61
79 81 25 69
45 74 82 32
36 98 68 18
52 78 46 46
66 88 83 76
6 49 30 99
75 76 7 98
31 66 32 93
31 58 26 95
48 90 15 22
25 81 97 16
15 21 45 29
27 47 75 93
6 35 3 2
45 85 8 37
59 81 23 24
6 33 51 54
51 93 44 75
43 64 91 75
14 48 77 65
41 78 72 54
22 26 34 70
21 23 79 51
21 53 78 78
3 63 11 29
20 31 73 76
14 97 26 18
8 22 57 31
85 88 23 76
68 90 8 12
40 76 1 100
7 20 12 42
42 99 7 81
43 86 78 2
6 96 69 28
29 60 32 41
27 51 90 35
2 40 25 55
24 58 27 65
74 86 62 52
68 100 5 91
13 17 63 70
49 77 23 56
18 78 90 89
27 99 82 46
25 45 43 46
14 78 2 60
48 67 70 99
30 64 83 17
43 51 43 62
27 29 72 30
29 74 2 80
7 13 15 27
54 69 77 43
65 84 63 62
29 38 45 41
38 100 37 17
71 90 99 31
49 55 14 41
30 92 21 92
74 81 68 64
61 83 63 36
50 72 13 38
25 37 44 72
23 44 19 65
64 69 98 11
7 43 53 11
11 49 79 70
62 80 56 66
48 64 91 99
2 73 100 46
75 85 33 3
53 82 88 56
59 78 86 93
34 40 87 26
26 65 83 86
3 21 31 22
50 63 53 27
31 67 72 74
23 86 49 19
19 94 70 26
23 38 79 30
9 67 60 45
26 79 2 62
54 88 86 33
88 96 94 24
62 81 87 48
41 56 24 88
72 99 97 48
15 48 31 55
54 86 69 83
13 89 21 63
16 60 79 13
76 89 99 74
24 68 78 84
25 98 47 25
14 31 37 77
62 93 37 93
64 88 54 34
20 63 23 90
15 95 91 95
52 69 17 35
36 68 70 15
44 91 89 29
26 88 11 37
41 91 40 70
53 96 49 39
5 50 56 26
25 54 94 51
49 82 27 44
67 74 99 28
39 85 44 70
19 82 12 29
54 90 47 98
41 71 17 26
77 87 94 2
52 57 30 11
55 83 37 49
13 47 39 59
57 78 82 83
76 87 56 88
8 35 71 77
33 59 12 39
39 53 86 71
18 62 99 62
65 96 61 93
43 88 29 20
23 93 39 89
28 98 46 83
54 80 11 36
23 66 17 57
3 98 100 87
57 62 91 52
41 59 17 71
49 80 40 32
16 17 66 61
2 65 96 65
32 35 27 33
14 80 7 44
61 73 45 77
67 77 17 20
11 32 56 67
41 90 85 54
60 88 53 72
4 10 36 65
24 70 11 45
47 92 27 2
54 70 89 85
35 100 27 15
5 46 86 86
68 88 85 66
1 92 64 99
88 98 67 62
1 53 62 46
97 100 22 13
42 86 90 24
28 54 57 88
67 94 55 49
69 86 40 34
13 14 50 86
38 96 18 41
44 84 47 98
16 28 9 45
2 28 15 21
33 34 26 70
61 70 65 33
36 87 45 70
44 79 48 69
13 97 41 51
20 100 28 20
30 62 91 65
79 84 63 67
45 59 76 79
6 41 70 57
4 8 65 10
23 60 30 51
13 24 40 17
28 43 17 19
39 59 91 10
69 71 2 61
4 57 92 38
9 50 46 14
33 61 30 25
59 92 28 60
2 82 75 10
56 82 74 100
25 85 81 56
85 94 86 82
63 96 34 53
1 65 45 26
17 95 30 57
2 21 78 70
26 32 94 95
1 93 18 53
26 54 45 23
94 96 98 19
36 75 24 60
25 35 87 57
75 93 69 100
41 96 97 100
6 75 78 75
40 64 54 12
8 91 39 77
84 88 20 75
78 98 84 22
16 70 34 70
52 55 80 62
19 49 23 58
72 75 90 60
31 36 19 81
8 39 45 4
32 71 68 3
17 57 49 37
47 81 41 50
25 57 74 84
28 51 61 21
50 61 53 59
1 54 24 44
62 96 45 51
57 76 40 55
47 60 87 14
33 38 4 68
34 82 46 40
35 94 65 88
13 66 36 8
39 75 35 59
37 60 39 68
47 63 43 15
9 43 15 67
47 54 15 16
51 54 55 66
18 43 38 65
70 79 4 82
53 95 87 27
17 27 34 47
1 91 90 81
62 94 75 72
37 82 25 60
59 77 35 57
10 24 82 30
31 91 100 55
15 84 14 99
51 69 59 97
6 12 90 75
59 98 10 82
18 46 58 67
42 96 14 41
31 95 6 29
67 98 11 59
52 100 96 2
31 85 53 61
79 87 76 15
31 46 80 43
71 79 87 63
57 80 32 25
32 91 82 52
37 48 15 99
3 45 91 85
26 35 29 80
26 89 75 40
41 44 73 84
20 72 44 13
25 32 74 11
53 87 74 38
13 70 21 33
35 77 58 35
5 14 61 90
73 99 21 45
15 89 15 17
36 51 35 85
5 19 54 17
12 26 32 76
11 17 35 47
92 95 88 72
10 53 2 77
90 96 92 49
51 57 59 12
24 38 88 52
21 72 91 43
28 66 26 93
70 78 85 99
94 98 33 72
31 68 56 48
45 81 59 88
82 95 45 60
59 96 71 45
45 68 57 100
50 57 90 31
91 100 43 27
51 92 37 5
35 96 31 15
3 89 22 60
31 45 38 95
5 12 14 94
48 63 51 82
13 54 85 79
14 37 72 78
30 67 59 91
5 63 25 20
26 29 44 86
10 95 46 74
3 81 58 1
10 34 9 23
71 74 55 24
27 49 18 5
6 54 50 51
68 73 15 94
6 83 69 11
33 81 40 42
22 76 34 65
49 88 48 94
21 22 78 79
23 26 97 11
8 85 6 24
12 20 69 60
16 91 41 27
42 65 71 14
41 58 45 39
70 95 17 39
69 76 17 4
51 91 4 67
52 85 87 91
8 25 4 31
25 74 51 79
66 68 66 25
53 79 85 53
43 83 32 64
6 13 27 52
21 46 4 38
16 58 93 12
49 64 45 48
47 91 24 7
10 97 1 80
10 41 88 60
35 85 49 85
54 64 66 69
60 75 5 63
16 35 17 71
47 71 3 46
41 77 28 6
4 33 36 45
9 40 20 23
5 68 15 69
42 49 59 56
66 75 41 82
6 89 15 18
34 51 2 12
7 65 66 33
55 94 69 20
64 65 61 89
34 72 16 54
38 76 57 71
3 40 70 11
6 65 91 74
7 42 23 74
28 36 13 81
14 54 67 64
58 69 73 7
40 74 7 51
42 76 89 5
64 80 23 50
36 50 65 54
9 71 7 75
29 41 58 65
93 97 43 48
6 71 16 45
24 95 28 33
51 88 57 3
42 84 16 24
41 63 60 6
29 81 69 25
48 80 90 98
15 92 86 64
54 95 52 15
19 20 61 10
23 29 35 85
52 80 87 96
3 34 84 71
14 28 66 96
4 65 9 71
36 38 12 95
11 46 69 23
21 61 15 100
6 26 34 16
20 81 17 74
44 90 34 46
33 76 65 35
24 49 65 50
8 68 19 19
95 96 61 91
59 60 59 24
25 60 73 70
23 96 21 11
8 37 81 96
20 21 14 53
4 51 66 40
4 85 26 85
17 64 41 39
51 90 47 59
14 42 2 70
60 83 73 32
78 97 54 59
35 86 14 87
2 63 77 4
6 24 4 48
5 11 73 55
10 26 76 71
24 78 58 50
20 92 78 77
1 97 11 14
15 81 8 52
17 75 20 42
30 78 28 64
33 73 39 72
1 75 43 12
51 65 25 70
31 71 49 75
16 84 23 13
3 30 84 34
5 76 6 29
4 6 59 12
21 89 23 78
12 40 33 85
59 84 51 64
9 57 80 11
35 37 92 76
54 68 32 68
49 74 63 19
2 62 36 59
4 44 88 64
