100 3038
29 61 27 19
6 37 29 9
11 45 47 59
36 71 37 33
38 94 63 15
29 43 58 44
21 97 31 42
34 60 9 1
19 23 37 64
17 52 93 95
78 80 2 87
19 56 72 14
24 50 69 89
64 96 95 33
51 99 78 32
24 77 15 51
40 93 93 2
69 99 42 44
68 91 85 2
13 66 71 26
26 85 65 66
17 74 65 79
49 97 31 24
22 45 86 55
28 61 25 21
13 78 95 13
5 10 2 42
29 39 90 50
27 65 20 24
2 59 90 52
19 49 47 75
57 79 27 73
79 98 90 45
42 54 64 95
1 72 25 71
67 100 58 49
23 94 95 29
26 70 81 67
32 86 14 54
56 61 8 97
17 96 87 61
6 23 38 94
24 34 19 83
39 99 23 25
21 34 13 31
28 98 59 43
80 88 34 91
7 31 6 39
20 52 95 44
19 51 88 27
60 87 20 12
21 49 16 88
16 89 25 59
12 46 75 14
8 67 36 83
36 82 96 4
1 89 7 13
41 49 88 72
26 61 99 72
4 32 19 4
2 35 70 56
8 38 31 91
15 93 80 70
9 62 74 100
8 58 25 46
52 82 17 23
79 97 93 29
17 27 11 40
87 92 86 97
8 78 12 71
35 59 46 27
49 55 19 9
94 97 14 72
45 69 80 65
45 68 29 72
10 24 32 56
87 99 75 47
40 78 89 100
9 85 56 42
30 50 46 91
4 14 46 75
33 83 68 6
16 85 99 53
35 88 76 91
9 18 76 77
73 92 55 48
3 98 37 32
83 88 74 13
9 65 17 91
7 90 61 43
63 97 87 71
10 69 88 74
46 74 68 35
60 65 39 23
25 42 14 4
10 49 24 12
7 91 58 41
15 29 86 87
14 80 58 65
45 85 76 4
30 75 7 45
40 70 96 83
2 72 7 74
50 69 26 91
36 86 39 72
18 62 38 65
2 7 2 71
19 74 9 17
5 37 39 35
71 90 83 76
51 66 63 87
84 98 94 57
3 88 31 58
58 63 57 45
43 55 72 82
45 71 8 91
23 76 56 8
27 80 66 61
36 96 42 35
28 59 37 66
44 63 19 26
10 42 49 92
76 88 17 91
31 79 49 59
18 48 78 92
19 40 69 99
33 99 66 80
21 87 44 34
39 47 51 59
39 56 57 88
53 72 71 29
7 34 42 33
17 54 67 12
21 85 99 81
60 96 54 72
20 96 8 94
24 56 58 2
51 100 25 36
40 80 23 35
50 65 32 100
34 65 9 47
12 24 64 15
74 94 84 19
70 93 13 70
70 94 52 59
4 56 30 100
2 51 9 48
27 35 92 38
33 74 17 28
31 80 10 47
2 71 58 7
12 39 52 53
25 96 72 27
66 77 70 42
26 36 56 35
2 93 4 55
1 4 58 37
59 84 98 88
16 19 85 38
38 70 68 32
55 73 49 12
61 98 42 56
12 47 59 70
12 29 15 61
25 90 1 69
42 85 99 96
74 90 88 2
62 77 90 15
44 58 97 31
18 75 23 67
16 68 89 49
58 100 15 59
67 77 3 100
12 78 68 64
53 69 89 23
27 29 15 78
12 95 17 72
91 98 56 75
21 23 55 54
47 53 27 81
20 31 63 34
60 80 73 44
17 60 9 35
62 65 52 25
27 98 50 5
5 94 92 83
26 51 50 20
52 96 99 76
44 94 97 71
33 40 72 84
66 96 69 48
36 68 32 29
82 83 72 53
14 96 34 22
13 29 98 15
77 79 66 21
63 93 57 27
13 97 4 51
33 79 1 63
16 50 15 84
8 62 18 68
21 38 18 4
45 51 51 73
19 48 80 19
33 48 79 57
13 90 49 57
27 70 12 20
42 55 48 61
1 31 85 59
83 85 48 74
34 96 47 76
73 87 96 55
4 64 23 85
24 42 40 6
25 68 85 79
51 57 64 52
30 72 25 22
3 66 58 28
53 62 27 15
26 66 71 62
70 91 35 37
15 70 54 94
27 67 97 75
55 87 71 63
55 59 36 48
2 5 20 83
13 14 37 47
59 78 83 67
1 93 4 52
7 42 10 25
24 71 89 59
13 42 78 59
45 99 37 93
32 60 24 86
38 68 54 71
6 29 96 89
3 75 8 26
75 99 49 76
38 97 26 66
22 69 17 7
6 30 82 4
29 65 28 10
8 56 20 49
8 75 20 49
16 90 68 47
61 77 12 50
54 74 1 84
49 60 75 80
2 94 85 46
41 63 19 10
23 96 54 19
11 12 41 24
11 62 68 77
27 90 40 97
37 55 96 55
58 98 50 88
56 60 98 87
3 26 19 49
7 22 42 28
5 33 12 13
19 37 17 41
44 93 100 38
92 95 35 68
27 42 55 59
39 46 83 73
14 66 9 65
11 26 6 32
10 41 41 96
87 90 44 40
32 53 18 64
2 49 81 54
23 89 98 83
5 18 69 50
81 82 48 65
64 86 25 19
64 75 8 33
24 31 27 1
47 77 57 50
24 60 98 21
16 27 53 15
12 81 92 52
44 91 24 97
53 63 55 5
2 23 39 57
35 55 13 100
42 63 65 19
51 68 18 5
31 68 69 60
30 39 63 17
56 80 28 54
24 39 44 94
19 57 94 62
43 51 42 77
77 80 27 66
12 28 78 21
86 88 2 21
26 97 39 86
86 99 66 53
45 49 75 26
39 62 4 60
44 57 39 1
58 61 70 63
69 78 92 24
6 10 61 9
27 30 13 34
61 95 25 25
21 95 13 83
23 47 98 75
37 63 5 25
18 60 57 71
77 100 20 54
14 17 2 2
74 93 74 41
42 61 27 12
81 85 13 33
21 96 55 40
69 83 51 80
60 92 13 1
29 82 23 94
33 95 26 45
32 93 1 28
2 87 24 41
16 56 17 38
10 73 20 81
18 63 66 89
81 83 3 75
12 67 82 54
12 15 77 81
14 33 68 77
12 75 49 82
55 61 25 81
56 85 7 72
62 80 14 65
66 97 54 46
46 72 26 84
52 70 44 96
9 23 9 82
6 99 45 83
38 44 98 56
3 50 54 48
18 45 9 59
46 86 16 90
66 67 91 89
15 89 65 64
67 98 95 25
7 67 11 66
13 81 88 93
92 97 23 8
82 89 26 94
14 78 11 15
16 64 13 38
5 13 54 18
79 95 24 21
11 13 38 22
42 46 42 83
29 53 40 78
8 93 1 80
7 88 60 90
5 28 64 18
20 33 13 44
30 41 80 47
86 93 19 2
76 91 42 40
21 64 17 27
95 96 5 35
32 63 32 65
5 90 67 21
37 52 17 30
17 26 33 76
46 100 22 82
81 94 77 60
73 93 67 53
7 76 5 79
29 80 53 17
37 48 90 74
14 29 53 6
69 100 86 65
1 65 31 100
24 72 13 36
27 87 95 90
24 100 48 16
19 63 70 71
78 87 7 29
21 83 97 81
2 24 86 51
5 14 34 54
6 31 72 50
42 93 3 39
74 84 47 67
58 95 69 19
51 91 36 99
32 51 49 56
25 67 93 78
13 70 58 43
10 95 34 11
14 30 46 31
26 54 92 74
3 71 58 16
33 78 52 78
62 85 16 6
51 64 34 51
66 74 88 31
35 45 26 87
43 59 46 13
15 21 45 60
33 53 12 62
47 64 84 59
31 97 27 42
17 88 48 55
10 28 34 95
33 38 68 24
23 49 96 83
29 59 58 40
70 79 64 26
46 91 49 5
17 35 96 47
4 66 79 15
25 51 71 2
58 94 33 27
9 27 3 79
12 69 96 99
11 38 48 68
20 34 64 26
21 80 76 72
29 41 95 24
30 80 66 72
66 81 91 55
19 24 78 15
40 52 26 42
23 33 25 88
41 73 65 97
28 88 89 62
18 90 48 31
14 77 88 90
73 96 81 60
26 80 57 92
50 80 51 48
20 70 98 67
55 100 29 52
56 57 68 49
89 96 74 57
25 33 89 72
22 68 6 76
67 91 44 61
22 47 41 43
21 71 14 51
39 44 14 68
2 45 60 22
63 74 98 70
28 40 49 90
8 81 92 96
11 22 38 8
1 74 50 9
4 92 64 100
44 53 89 86
40 44 66 50
17 42 26 42
26 89 26 9
43 67 92 1
23 68 82 55
51 63 77 89
9 52 45 25
21 35 51 58
57 83 48 74
6 19 5 88
50 88 4 66
4 88 2 12
71 98 58 95
48 70 80 9
48 62 3 68
6 76 51 96
16 33 17 82
22 98 63 38
19 80 58 24
27 52 76 91
31 65 66 64
90 98 9 81
6 45 19 1
18 83 25 70
19 35 27 34
73 84 52 57
15 85 60 81
54 75 85 64
56 74 15 80
58 88 41 69
63 91 47 24
33 76 73 67
38 52 3 17
4 93 35 36
46 68 20 57
30 64 22 56
18 92 34 85
66 70 18 45
38 49 3 62
47 60 5 32
24 27 2 98
38 82 54 54
32 75 92 20
74 87 47 79
53 64 31 46
21 93 3 68
24 35 77 95
41 97 75 15
70 86 7 97
40 42 38 57
69 81 49 77
6 17 48 82
59 70 4 61
17 98 53 5
82 95 2 10
57 100 34 34
1 100 46 25
1 69 13 32
28 55 76 99
55 69 71 49
36 56 84 81
44 68 99 22
14 93 99 19
49 57 57 23
59 95 91 50
63 67 55 44
41 74 54 2
32 87 36 63
43 99 88 49
22 66 42 10
21 32 24 27
23 51 3 89
6 44 83 12
1 51 63 60
54 71 89 84
52 92 84 17
61 71 78 100
7 73 76 36
16 58 34 94
54 55 12 11
70 90 25 87
80 90 17 51
17 69 35 56
1 57 37 40
11 63 32 39
40 83 77 33
15 24 32 29
48 64 6 80
20 85 1 33
15 63 2 1
42 88 73 94
15 74 71 36
55 82 81 68
36 70 77 13
22 62 44 91
6 91 1 14
78 81 51 48
31 78 62 24
10 57 77 45
20 62 9 75
12 97 72 56
2 46 37 70
91 92 91 19
68 95 74 53
9 24 55 19
18 61 76 5
26 68 66 26
8 31 28 52
7 32 100 96
54 98 47 23
58 81 72 63
24 61 58 43
14 44 50 26
6 34 48 5
55 74 65 33
40 73 40 57
28 81 58 27
39 85 84 12
20 57 38 46
11 94 49 74
55 64 71 44
22 63 35 77
17 25 55 84
5 86 99 34
60 84 48 18
50 96 31 4
37 39 22 19
21 27 73 81
43 69 66 49
42 64 76 35
45 62 56 15
2 3 65 85
36 99 74 71
57 81 35 41
4 21 36 44
34 67 72 59
63 98 36 36
47 90 3 70
69 70 25 2
20 86 24 23
27 95 31 82
10 76 79 35
36 59 94 49
5 99 66 67
24 38 46 64
42 60 33 36
32 68 46 66
23 80 27 7
45 63 42 69
50 90 58 3
42 97 13 87
6 66 96 65
18 74 44 82
8 100 38 80
75 95 48 33
18 94 72 46
87 94 29 19
64 83 16 2
23 53 53 13
28 80 35 15
51 53 94 77
35 42 67 29
2 14 16 45
34 100 84 34
14 99 42 66
35 36 41 92
1 25 70 36
47 49 65 28
39 90 87 75
49 75 13 16
1 12 46 55
10 64 65 63
12 20 50 27
57 59 8 92
41 44 61 17
90 94 11 68
66 71 25 42
40 86 24 44
28 45 88 29
76 77 24 85
14 87 15 51
52 97 23 20
23 86 83 35
22 39 25 62
47 56 27 52
55 92 99 26
29 63 57 6
20 87 22 11
10 63 82 78
36 92 63 81
97 100 73 86
39 51 71 54
74 82 41 99
41 100 2 92
26 87 100 76
29 94 58 63
53 70 10 6
13 20 30 71
29 66 43 57
30 44 54 46
23 67 90 19
3 17 94 99
52 79 12 72
17 45 75 27
1 78 35 29
4 41 67 59
72 75 65 82
26 83 26 99
49 59 92 50
26 72 84 34
37 78 29 24
42 70 86 70
1 58 61 67
32 57 5 70
61 70 81 100
61 67 96 81
34 92 2 83
69 77 5 95
29 49 94 45
21 74 16 70
3 7 49 55
29 51 3 11
55 58 40 41
3 14 18 59
48 59 85 64
41 57 96 34
5 53 63 47
35 98 33 1
31 46 55 75
22 48 44 8
23 88 96 79
54 99 90 77
7 82 85 72
60 69 65 98
11 18 33 11
22 57 63 85
9 54 77 66
3 90 4 24
18 68 91 11
86 92 33 51
4 95 42 52
14 74 51 90
46 97 14 3
92 96 20 56
2 29 28 19
3 21 12 8
63 83 86 23
37 64 9 14
8 61 100 13
5 22 10 52
39 91 57 92
8 73 43 56
16 52 25 89
38 46 21 93
5 60 16 50
56 75 92 74
50 75 58 12
20 80 31 78
12 50 4 99
30 94 53 95
72 95 80 10
44 97 65 29
40 67 44 84
7 13 93 93
23 70 95 32
17 57 89 47
2 80 7 21
3 64 42 50
6 46 8 88
22 26 44 92
47 66 50 45
7 96 22 45
64 73 64 32
52 77 74 78
24 37 100 34
30 73 48 31
59 91 95 86
2 27 76 37
32 67 73 34
20 28 5 28
5 96 52 74
32 76 60 49
8 94 56 65
18 66 29 77
48 63 37 75
18 43 49 60
26 75 38 29
32 79 64 13
55 78 32 6
12 52 80 64
15 37 38 96
11 48 94 55
22 52 52 13
4 70 24 76
37 46 14 30
7 71 96 79
72 81 10 17
13 85 67 17
39 45 90 88
80 81 44 86
13 100 51 30
71 77 4 74
50 78 84 27
68 97 92 78
65 77 85 13
31 34 38 64
48 72 38 40
7 94 1 18
83 99 75 76
26 60 89 66
17 18 81 26
60 70 5 68
78 86 89 25
9 71 35 85
82 99 79 6
12 22 43 13
90 93 94 42
54 72 16 38
51 94 42 45
17 50 23 31
34 72 40 70
21 55 75 49
29 83 75 98
13 79 47 70
65 84 85 5
7 26 79 77
3 24 4 46
56 65 18 46
18 72 82 55
55 94 81 57
65 100 63 35
7 81 75 91
71 97 33 81
26 69 35 39
18 86 28 81
50 52 14 83
28 54 17 50
25 40 62 13
6 43 29 83
15 56 45 9
5 84 97 45
34 46 98 39
25 86 63 58
13 24 78 96
17 43 6 90
22 89 20 65
9 93 2 89
59 98 82 51
23 60 21 11
11 16 83 95
5 36 27 86
87 88 76 38
55 86 84 11
15 65 18 19
75 80 25 90
37 89 1 39
48 56 17 40
33 35 68 18
14 27 59 39
7 30 26 18
23 100 90 35
20 36 63 73
30 100 31 4
44 67 36 71
19 73 81 96
74 92 75 38
41 80 56 70
17 29 25 98
17 51 35 4
30 79 43 20
15 39 17 42
3 89 14 75
41 85 81 47
14 63 45 78
9 14 83 5
13 32 34 47
20 27 3 10
75 94 13 94
2 99 85 23
30 78 56 81
77 86 40 62
8 85 50 22
65 93 61 37
11 50 56 70
13 33 17 70
35 78 82 4
65 88 55 42
56 81 57 48
32 97 37 85
31 53 83 6
55 56 58 96
30 32 88 83
36 57 21 32
14 83 2 98
3 34 81 36
21 45 3 42
74 88 48 76
89 91 71 11
26 62 42 14
14 43 58 68
27 36 21 100
32 100 76 41
46 76 71 73
37 93 73 86
11 78 26 74
42 56 76 78
34 59 13 1
7 40 70 80
8 51 66 100
70 87 68 84
12 19 45 98
18 73 32 37
2 74 49 43
65 99 90 62
46 51 56 62
75 78 74 86
57 93 27 13
8 91 90 37
43 79 89 79
40 87 18 44
28 35 80 60
52 89 80 49
34 91 40 86
21 47 96 5
8 74 96 100
85 87 69 49
59 63 6 75
10 80 14 16
29 87 46 11
69 92 94 35
85 93 2 25
48 52 12 58
10 83 78 21
40 75 11 69
1 40 95 33
53 76 44 59
1 64 24 73
15 92 41 11
19 94 53 77
58 66 18 43
20 97 73 100
82 86 1 48
1 82 98 59
67 71 99 19
49 70 3 22
17 39 86 43
27 85 46 42
26 32 56 29
40 65 21 75
66 90 11 57
8 48 36 75
59 83 46 28
9 55 35 56
25 74 20 97
20 60 78 82
30 93 36 65
38 64 91 69
11 98 71 73
83 96 43 73
30 34 87 89
59 77 78 70
8 60 62 58
3 68 24 16
27 48 5 53
30 67 51 43
42 59 42 39
10 37 51 6
49 56 49 99
34 85 38 55
12 84 27 21
8 35 48 42
6 84 46 61
48 96 5 83
7 14 43 41
56 99 79 60
81 93 36 96
15 23 83 32
32 59 9 92
7 9 29 40
9 17 53 19
39 67 90 95
84 90 95 43
94 95 82 73
36 65 99 4
41 62 52 61
37 43 93 75
14 56 93 44
80 94 74 40
49 58 60 74
14 76 22 14
24 76 99 84
73 77 45 86
33 65 23 10
44 52 58 72
14 50 53 36
17 40 8 14
87 93 39 69
63 96 43 92
27 68 32 89
66 79 61 11
30 55 68 20
33 49 2 80
19 32 80 13
60 83 89 74
44 78 10 63
32 70 88 4
58 79 26 29
42 67 97 20
66 85 26 58
42 58 86 29
80 93 10 19
64 71 27 88
9 81 1 57
15 77 51 55
52 91 93 42
35 83 13 42
62 67 24 86
29 76 91 99
28 91 67 99
31 90 84 95
46 82 57 11
1 7 5 97
1 98 58 96
20 66 82 46
37 67 41 66
40 59 22 84
29 69 89 43
53 60 98 56
51 72 21 66
21 63 73 50
54 56 67 52
64 68 81 8
12 70 89 39
49 99 9 94
35 71 45 43
83 84 12 48
5 52 35 70
20 23 20 59
37 69 76 69
9 87 29 76
69 94 69 98
35 89 85 35
9 43 16 82
3 16 91 65
54 85 67 7
32 56 32 82
59 75 98 53
52 80 68 95
24 36 68 5
11 59 6 47
1 60 22 27
65 95 88 28
50 82 74 42
20 59 17 2
35 61 48 24
14 51 75 38
11 17 37 85
35 96 28 25
39 69 7 12
16 31 61 90
11 82 56 23
60 74 19 3
36 67 79 88
34 43 79 54
7 37 60 98
38 92 26 74
80 87 30 13
14 41 65 86
17 28 8 23
10 96 44 83
18 80 49 54
22 97 58 40
72 83 80 51
48 89 37 68
33 59 23 38
36 81 24 54
39 93 6 55
12 42 85 60
2 15 100 74
44 80 49 83
10 31 15 86
8 44 13 19
7 50 64 45
29 98 15 74
71 95 32 11
1 42 16 18
4 72 97 5
75 100 73 25
31 96 47 36
19 85 6 35
28 49 13 54
90 99 85 77
49 84 9 80
11 61 17 2
60 75 15 8
15 83 84 32
39 87 9 34
20 30 12 37
31 70 77 10
21 77 32 68
24 79 17 94
39 61 1 49
9 20 42 74
63 92 31 55
35 100 29 44
77 90 73 60
10 58 68 33
31 44 16 100
31 55 4 50
13 83 78 58
34 62 100 86
45 83 92 71
15 55 40 30
15 95 29 30
36 74 41 24
14 24 34 77
5 55 63 11
4 79 77 72
23 39 81 8
4 54 54 1
37 61 95 30
12 64 94 21
32 80 89 66
45 75 45 43
15 66 11 92
68 75 21 1
45 78 25 67
14 98 34 99
47 59 26 7
16 40 73 27
20 49 21 20
39 40 97 40
4 11 69 99
68 90 75 32
20 94 19 75
25 95 5 20
16 25 57 69
56 91 28 69
15 20 41 53
20 21 87 8
4 12 100 100
31 48 56 69
59 82 12 95
46 96 78 82
18 98 16 30
40 62 78 64
53 80 12 61
75 98 25 3
34 40 91 76
45 81 85 29
41 87 46 67
57 72 30 64
38 73 12 9
40 47 24 20
55 96 28 31
46 49 56 60
73 97 38 10
80 100 83 74
16 47 79 52
10 14 55 24
1 62 93 6
33 62 80 63
18 20 17 72
76 79 94 85
51 70 54 25
25 87 75 87
27 88 40 44
29 79 56 33
28 62 39 54
63 80 54 54
58 92 35 59
63 89 94 70
56 92 86 60
17 97 24 96
45 50 48 70
13 22 63 85
85 97 26 74
38 78 92 16
13 94 76 79
56 62 85 24
41 84 38 16
40 96 74 4
37 76 72 16
67 86 48 9
56 72 13 5
36 77 72 2
38 93 35 2
45 67 48 45
13 30 11 52
18 57 71 33
43 49 88 79
36 73 4 52
47 97 35 28
21 86 31 45
29 81 63 87
44 92 58 44
33 45 31 3
47 63 94 71
26 53 87 39
18 50 36 85
4 100 20 2
4 42 91 50
16 41 86 79
48 80 38 77
35 73 99 20
40 49 5 68
44 65 44 95
41 99 63 73
60 88 93 65
20 44 32 83
26 55 25 54
8 12 67 90
45 84 37 1
13 52 46 79
84 99 34 62
1 80 100 3
67 96 28 95
49 69 11 90
1 90 47 60
84 85 84 59
67 88 8 60
73 80 76 9
30 88 49 60
7 15 71 40
45 55 100 14
6 15 15 22
8 83 73 69
29 93 81 12
50 53 43 27
59 89 86 36
73 74 94 48
14 38 79 87
12 74 6 46
51 98 43 21
68 83 14 55
19 45 20 67
60 91 5 17
2 95 26 5
62 97 83 9
62 70 2 17
13 68 18 88
6 78 68 3
19 21 78 94
77 99 22 63
25 79 58 33
9 88 67 29
24 82 76 39
44 76 17 71
33 68 74 10
57 58 44 93
50 84 30 86
4 85 90 15
29 89 40 93
28 65 87 28
29 55 31 74
25 32 56 1
44 75 24 17
46 63 18 72
11 79 72 68
32 77 21 48
50 99 98 10
28 50 41 68
1 34 80 73
58 64 74 81
87 89 89 82
23 25 66 36
6 48 10 14
74 91 34 8
45 90 11 100
22 30 81 84
41 56 20 91
10 44 62 60
57 86 85 87
6 50 8 55
23 27 23 7
4 87 30 45
52 54 27 23
45 60 39 90
69 91 97 18
81 97 79 40
14 58 55 21
18 36 98 89
10 43 50 33
2 89 94 63
6 96 5 18
30 97 21 37
18 27 21 55
37 56 23 27
3 67 46 86
46 61 61 76
21 50 20 5
4 47 27 57
69 73 65 43
34 48 58 76
36 43 29 74
4 89 72 31
22 60 60 51
7 47 38 63
7 86 69 40
67 85 44 21
25 94 17 30
3 82 62 83
32 37 16 98
68 78 39 36
15 57 92 61
37 86 74 18
47 81 66 53
51 65 26 97
50 83 62 57
24 69 90 87
46 80 1 99
4 76 56 51
51 79 70 1
33 69 23 17
41 53 18 20
50 81 4 81
51 77 84 76
61 87 41 39
26 99 48 28
30 45 27 78
24 49 89 64
57 84 14 13
19 26 95 60
41 60 100 40
10 93 31 91
51 78 83 45
10 72 93 15
22 77 26 90
27 31 84 39
22 64 89 29
11 54 62 21
31 39 57 97
39 73 19 83
80 82 64 34
56 95 97 86
44 55 10 36
11 85 82 79
39 83 83 47
68 82 7 12
36 66 91 21
11 27 63 21
4 82 57 94
47 55 73 99
31 32 87 7
45 57 37 53
14 92 94 11
4 50 49 6
17 85 34 45
1 39 90 42
49 86 39 53
4 55 41 79
50 70 7 67
48 92 76 46
10 92 26 67
72 73 28 66
50 68 4 20
36 84 84 30
55 65 70 38
21 56 1 61
28 77 55 28
69 87 86 12
71 91 64 11
20 88 76 13
40 89 52 87
77 81 5 12
11 35 95 46
65 94 48 95
48 84 40 41
85 92 35 64
10 16 1 44
14 91 59 51
21 31 5 71
57 70 58 7
7 93 43 88
65 66 67 13
54 82 82 76
19 62 55 73
37 97 18 24
12 77 29 90
36 60 24 58
45 79 1 47
9 22 84 27
16 92 23 63
17 65 13 19
29 56 65 58
12 14 27 33
9 41 58 25
39 58 51 53
14 49 19 99
16 76 40 77
73 79 98 34
16 74 75 9
82 87 36 69
27 78 92 17
9 59 34 100
88 89 79 92
45 76 78 39
9 28 53 64
34 54 19 5
33 89 68 37
57 92 45 55
58 96 89 72
1 8 8 55
30 68 86 1
18 64 3 32
10 98 33 74
39 98 77 18
52 76 10 32
30 53 35 50
28 69 10 68
63 84 100 97
64 67 23 8
11 23 12 51
42 81 11 89
56 86 64 32
9 67 46 72
79 81 77 72
3 86 26 37
44 61 87 3
17 59 18 28
27 49 40 28
54 97 96 18
86 97 13 55
59 90 88 71
13 57 25 63
41 45 88 68
26 37 56 88
23 29 62 79
28 30 60 63
17 67 46 58
11 20 88 41
9 77 12 60
37 90 1 60
67 97 95 100
76 82 28 89
6 59 10 31
48 67 49 85
21 99 97 2
18 89 20 37
75 81 37 3
43 88 93 34
18 41 20 70
62 78 83 75
10 13 59 31
26 56 60 58
19 20 25 38
33 81 16 67
32 92 96 5
26 91 39 85
34 64 2 29
50 58 3 20
25 54 18 36
2 58 23 22
38 56 23 92
21 58 72 10
1 11 18 97
77 88 41 45
8 53 98 51
64 66 93 9
58 62 3 27
43 58 6 29
58 77 5 25
18 100 20 78
26 35 30 82
19 59 25 41
8 46 20 28
3 18 67 89
25 53 82 49
75 82 77 88
70 95 51 80
42 99 92 97
39 41 68 26
59 61 93 23
48 93 75 33
2 16 13 77
35 41 21 4
23 66 16 94
25 76 19 71
22 33 21 100
40 48 44 92
13 63 73 59
8 34 64 1
53 81 3 98
67 83 91 23
64 76 59 87
57 68 93 2
24 92 68 94
16 36 34 92
6 57 70 97
83 86 89 87
12 92 34 93
21 22 78 32
43 74 57 96
59 68 86 57
1 70 15 66
38 91 5 96
47 96 37 91
65 72 99 56
44 48 35 44
32 95 78 75
6 38 41 89
64 90 36 41
20 39 84 31
13 69 44 67
18 59 67 42
35 80 94 92
46 70 23 60
13 73 28 59
35 84 30 19
12 62 78 43
64 79 67 77
12 25 37 59
15 81 37 4
78 79 24 92
45 97 22 32
30 90 53 67
67 75 42 73
26 81 24 80
77 85 71 42
5 11 22 79
4 27 31 5
61 78 63 86
33 84 76 38
14 70 94 14
18 26 27 46
29 99 95 34
7 80 93 74
12 23 42 68
21 57 45 85
48 75 46 12
14 79 16 59
5 85 66 74
7 55 29 53
4 81 14 55
13 28 56 94
4 36 22 29
15 43 95 66
20 37 78 42
28 51 15 20
48 50 96 6
18 55 17 55
51 74 69 17
47 98 63 63
6 64 24 11
43 72 69 18
22 34 6 82
2 55 63 62
41 79 73 40
20 100 10 8
6 85 12 46
1 79 74 79
11 70 2 10
23 93 70 100
16 55 27 27
3 32 55 2
35 63 91 8
25 97 40 96
14 64 40 2
56 66 84 92
69 96 2 44
24 64 61 100
2 11 38 20
77 78 19 55
55 91 52 65
31 54 36 1
5 72 38 96
25 29 55 88
11 66 22 50
13 58 10 24
44 71 88 20
64 95 91 42
33 92 35 68
64 93 74 37
78 96 58 65
14 20 18 53
15 46 32 58
51 69 42 43
8 92 49 71
34 86 63 15
45 96 15 31
28 66 26 60
95 98 52 6
13 47 63 25
29 44 63 13
17 78 28 38
86 96 9 5
64 78 15 74
22 40 65 49
75 79 16 51
69 74 78 99
9 48 9 75
31 52 63 93
25 77 43 28
95 100 41 76
38 80 66 69
21 59 83 89
42 75 74 89
38 45 33 32
33 44 100 66
16 45 72 93
35 38 50 57
34 58 21 8
72 92 16 13
46 88 65 38
43 90 64 88
30 84 41 36
22 78 10 24
19 33 98 82
24 84 94 42
10 90 72 4
15 54 20 4
68 92 43 36
25 64 51 98
11 72 44 35
8 87 31 17
65 92 85 9
29 88 72 74
7 56 100 37
51 55 36 80
38 59 21 82
55 63 9 20
24 97 76 11
72 99 40 84
50 98 68 6
51 52 31 61
17 63 91 12
32 61 55 50
79 94 46 66
3 45 42 53
61 90 37 36
10 35 99 38
64 100 18 91
3 9 83 84
46 99 74 50
4 52 31 13
85 98 98 12
5 39 56 98
25 84 74 91
79 84 15 94
37 58 54 22
31 86 60 6
14 86 80 80
7 69 35 60
39 78 46 14
10 65 82 58
6 95 97 5
15 28 97 90
41 95 32 58
29 77 12 53
9 19 72 8
35 77 41 75
59 71 52 90
26 78 73 43
65 97 100 90
82 93 64 1
39 52 48 54
39 76 66 59
30 49 58 80
55 85 95 95
20 25 56 5
68 93 65 93
3 42 1 62
4 71 24 12
20 55 96 32
89 98 61 25
28 99 16 33
35 64 94 69
30 83 28 48
79 80 57 78
11 97 68 62
41 70 87 49
15 27 15 91
20 99 87 41
41 71 74 30
8 10 72 32
13 95 62 65
35 74 23 81
44 89 92 61
3 37 5 54
19 99 96 97
33 90 89 28
78 95 16 42
3 70 97 92
69 75 48 98
33 64 29 89
3 33 55 11
41 93 96 66
2 18 4 50
66 76 73 33
23 54 62 82
7 83 44 85
7 36 99 8
30 43 56 38
2 68 88 30
49 67 59 100
31 61 97 10
28 48 89 5
11 92 65 62
63 86 67 66
40 71 60 98
27 47 73 65
49 64 38 85
3 29 77 23
31 95 45 34
23 95 95 19
2 61 54 50
92 94 97 10
9 16 85 43
42 68 91 28
28 57 40 61
20 42 51 17
61 74 87 92
67 99 43 52
24 99 8 39
4 29 15 46
64 80 2 58
35 69 65 67
9 97 94 43
24 83 100 65
28 78 81 43
12 31 39 11
1 53 9 28
47 87 84 83
23 72 22 63
13 59 26 91
9 50 17 6
14 57 17 23
53 96 73 78
57 71 36 30
9 80 83 42
8 89 8 51
7 43 91 79
51 95 34 9
66 86 87 78
42 98 86 22
24 62 84 30
13 91 18 17
11 93 96 98
67 69 79 50
14 55 10 82
3 27 50 51
28 33 44 13
43 73 43 12
11 49 51 75
56 96 11 77
3 55 92 46
33 97 5 68
16 81 93 30
16 87 29 56
25 47 24 8
31 93 16 5
22 81 14 8
5 47 82 46
27 72 46 25
20 84 93 62
35 72 10 9
10 40 20 79
26 84 60 66
13 82 100 47
2 39 49 56
14 31 60 79
25 35 92 70
29 84 94 66
52 98 80 32
24 26 97 51
4 6 57 68
29 31 99 20
6 100 29 43
59 62 74 87
4 22 98 75
66 99 36 38
29 37 97 35
50 61 28 48
1 45 68 94
49 81 29 27
17 34 17 21
11 89 71 47
47 100 52 16
34 89 10 78
31 73 92 91
27 40 54 1
27 71 34 59
8 42 93 4
58 82 47 21
17 31 51 50
46 77 56 61
18 33 16 38
52 65 26 26
38 55 99 20
32 89 65 60
38 60 75 41
19 77 71 90
48 100 33 78
65 78 60 19
61 97 16 84
37 87 80 46
40 74 59 33
13 19 74 45
41 75 46 23
4 94 51 33
13 51 97 7
5 31 65 90
53 75 14 39
3 20 61 46
17 53 43 81
52 78 73 92
33 37 20 32
17 91 98 70
34 55 40 43
89 99 97 8
4 15 12 30
6 97 3 80
15 25 55 43
57 95 73 64
13 40 54 84
13 61 28 77
48 60 68 86
56 100 20 72
12 61 38 36
14 65 94 35
66 75 17 27
10 18 9 58
5 77 12 54
4 91 8 3
5 91 49 96
28 32 9 75
38 84 73 82
46 75 16 94
10 19 69 53
20 67 19 51
3 8 98 30
59 88 100 46
38 99 16 89
13 89 55 88
10 51 26 65
41 90 6 41
8 52 84 41
12 35 95 64
6 81 35 87
43 68 42 19
39 50 36 48
24 30 58 87
4 44 57 54
71 82 47 62
22 96 7 50
9 61 94 29
1 86 75 15
5 15 10 36
21 53 45 16
32 85 35 39
6 53 25 44
4 37 45 54
62 83 65 5
65 96 99 100
2 32 16 8
5 82 44 31
26 33 3 6
22 79 85 96
76 86 80 33
8 29 76 89
77 95 5 57
48 90 14 33
42 82 91 18
57 60 64 20
61 84 60 26
53 67 60 12
13 99 3 52
6 8 12 88
35 40 100 65
12 30 56 5
59 97 37 4
16 57 88 15
17 71 75 56
3 58 2 93
4 5 35 7
4 61 24 96
47 86 78 81
46 48 14 15
42 79 12 37
52 56 96 55
2 78 38 52
16 86 50 62
67 76 95 11
80 92 71 25
52 87 95 57
8 21 52 35
44 85 65 81
21 29 75 86
9 64 42 23
61 72 85 3
40 69 93 59
4 48 42 82
24 70 4 72
55 77 79 74
2 88 36 33
35 60 54 49
75 96 30 33
53 88 73 89
24 40 54 41
63 94 63 31
60 94 25 42
81 87 38 18
27 45 42 32
9 12 44 77
26 47 54 93
3 77 93 61
73 81 85 24
54 93 32 84
2 41 72 68
68 98 72 80
13 50 35 68
7 97 61 12
25 70 60 32
25 41 96 95
8 14 66 3
4 63 98 37
54 95 44 59
8 15 83 16
26 41 58 89
5 12 68 100
53 93 89 78
34 76 16 97
27 79 71 42
6 82 64 46
10 68 89 45
25 75 20 83
27 84 7 80
25 63 78 25
93 98 76 51
40 46 85 43
25 46 66 79
15 78 45 2
13 96 74 5
21 51 52 28
38 65 45 46
19 93 39 36
43 86 98 79
28 96 22 55
85 89 19 32
58 73 85 30
26 46 46 40
23 57 67 78
74 98 98 50
26 34 60 18
1 26 38 34
73 100 21 88
12 56 29 88
26 30 48 26
43 53 75 52
24 68 20 41
10 46 79 63
63 100 65 7
21 28 100 19
48 77 81 63
4 49 62 32
32 47 58 16
18 24 42 45
44 90 40 94
19 70 76 7
13 77 13 93
32 74 52 64
39 86 64 63
56 70 85 76
93 95 59 17
4 28 30 60
13 37 43 45
39 80 5 35
49 93 80 23
25 61 60 60
26 28 2 98
16 80 50 65
18 76 99 66
25 98 60 66
19 29 61 88
67 70 31 51
32 49 1 63
43 96 52 84
7 19 84 57
11 58 52 58
55 72 6 43
56 71 12 16
98 100 35 88
6 49 80 54
33 93 83 77
5 93 81 10
12 63 43 46
3 41 21 46
10 54 80 55
23 42 72 71
47 79 70 30
11 57 44 44
7 23 99 38
43 61 100 25
73 94 21 82
2 10 68 89
35 62 84 13
17 37 99 9
65 69 7 85
52 59 17 75
13 27 22 53
21 54 92 86
72 85 89 6
54 67 41 29
22 43 39 54
49 68 21 18
52 81 6 60
1 97 70 2
28 83 6 8
71 88 85 24
67 95 6 58
8 55 23 20
13 31 19 48
20 83 86 76
57 73 43 93
4 17 27 76
1 81 65 63
18 47 66 9
84 95 82 55
92 99 19 26
3 53 70 44
10 53 6 60
19 69 12 100
24 44 78 50
25 72 28 32
38 100 26 31
13 80 36 46
9 79 15 100
63 75 4 28
43 65 45 50
26 71 21 29
19 50 41 30
10 48 3 94
84 97 14 47
72 86 6 52
12 48 71 59
73 83 77 74
11 86 13 20
3 93 84 11
45 80 23 56
10 62 68 15
17 89 14 5
1 61 20 46
40 60 24 2
64 72 81 88
1 23 41 42
2 8 39 45
41 51 20 23
1 85 66 36
25 88 80 62
48 98 65 38
74 95 40 69
78 84 100 63
66 80 62 33
69 90 36 57
88 94 38 16
56 93 1 40
17 80 39 68
18 67 19 63
90 100 95 65
66 69 62 80
4 30 3 88
14 26 26 37
14 19 97 84
71 73 82 3
10 77 39 46
29 70 68 96
44 47 30 79
6 40 62 93
32 94 75 24
51 82 88 43
61 65 54 93
31 83 17 88
30 95 52 56
11 88 99 79
82 84 91 33
36 62 92 24
8 18 24 54
23 32 7 51
35 97 65 11
52 90 18 72
11 87 20 80
80 95 66 49
21 88 25 81
4 34 81 78
27 66 27 60
59 80 7 97
30 85 85 77
28 85 85 80
22 49 67 41
39 66 39 11
68 72 89 95
40 85 48 94
34 99 52 34
23 98 1 14
42 77 89 44
21 91 91 16
14 59 71 38
29 60 63 35
23 56 6 53
48 81 93 17
53 79 97 86
15 45 44 9
40 79 52 94
36 90 33 37
64 77 86 49
8 28 44 65
15 71 7 48
80 97 97 5
61 96 15 8
15 16 63 41
14 48 33 46
12 53 43 20
47 75 48 20
37 60 11 33
6 67 76 30
2 65 37 98
51 86 91 26
3 39 10 86
6 41 58 76
45 53 96 76
10 78 92 30
11 77 14 47
39 84 56 4
21 62 67 87
70 81 58 7
33 72 20 47
1 5 28 74
17 95 50 11
25 37 81 81
11 76 18 12
65 68 67 54
57 62 80 4
15 68 77 49
54 73 62 21
43 92 92 52
5 78 74 93
4 23 22 89
46 93 89 28
2 43 92 35
8 17 73 2
45 70 53 46
24 47 53 4
47 91 66 23
10 71 86 26
80 96 73 39
21 33 67 47
43 82 40 9
27 69 65 25
10 45 98 65
43 75 82 75
45 58 57 17
7 48 4 18
12 76 82 26
60 98 56 37
22 35 37 47
28 60 4 75
3 19 1 98
16 61 93 33
40 56 3 26
61 92 89 17
36 94 75 94
6 27 18 97
41 91 90 39
63 85 43 43
31 88 67 39
21 24 13 4
71 86 95 96
39 94 97 98
3 85 28 12
16 77 3 44
28 46 18 66
57 61 9 59
30 61 27 97
11 41 16 90
53 54 53 13
29 97 72 97
78 91 55 44
34 87 31 74
2 67 24 44
22 55 37 52
40 61 95 70
15 61 60 78
40 51 27 100
7 60 20 56
17 32 11 30
58 72 62 76
27 57 79 10
37 81 85 54
88 90 34 68
86 98 9 4
4 26 74 26
92 98 38 34
36 45 25 72
53 91 71 4
74 97 48 12
16 54 87 80
9 25 65 63
46 47 9 23
3 46 98 26
28 44 63 27
37 98 69 52
3 13 92 21
12 79 80 12
62 73 72 12
82 98 14 62
23 91 86 24
10 12 81 65
32 43 100 63
9 47 55 42
10 39 23 74
8 80 22 55
16 88 41 77
25 55 32 25
77 94 56 34
6 28 25 12
11 64 73 16
20 90 86 3
23 63 25 92
75 90 96 46
12 45 82 32
72 74 64 29
24 63 34 76
42 73 55 80
26 86 72 37
39 48 86 50
17 86 30 27
15 67 12 90
10 70 66 55
39 92 34 49
30 47 22 97
10 86 60 68
43 89 44 74
21 41 3 92
65 91 60 91
79 93 73 72
30 82 25 53
22 46 43 48
64 81 33 88
33 70 84 23
20 56 56 58
93 100 38 3
14 60 26 75
63 79 6 36
73 75 87 62
52 60 21 61
58 60 15 63
64 87 31 84
53 90 16 100
31 42 49 42
9 46 33 57
1 55 40 1
80 86 47 100
54 66 63 85
51 56 85 92
62 81 37 4
91 100 7 12
26 45 10 57
31 36 29 97
6 58 12 74
47 78 23 83
79 87 64 23
60 73 19 43
47 84 23 94
59 86 31 88
29 32 11 63
61 73 78 16
30 46 81 62
8 16 63 35
15 86 42 55
16 43 87 50
7 12 72 50
13 46 75 19
23 41 13 42
19 86 62 95
8 13 60 28
21 48 31 18
44 98 29 55
22 75 83 45
27 41 55 64
68 86 41 58
76 98 47 11
48 85 73 94
24 28 9 55
12 18 9 47
6 60 22 27
72 88 75 71
49 89 11 1
8 76 15 3
42 86 68 72
9 83 36 59
73 90 19 57
7 28 54 43
59 99 18 21
78 88 38 74
34 90 52 92
11 67 92 48
35 50 75 37
19 31 56 47
25 49 81 24
27 32 68 9
37 47 40 32
1 49 38 71
12 49 72 21
85 94 20 37
27 75 82 70
10 23 1 70
63 82 46 22
46 87 71 61
51 73 43 87
28 95 94 66
46 73 95 24
38 86 27 1
19 47 73 86
21 44 99 36
23 37 6 2
63 99 2 38
2 33 75 82
1 17 51 61
20 71 59 45
26 29 19 29
1 56 90 70
74 79 62 20
58 71 87 16
8 49 18 42
25 71 89 97
65 75 52 88
16 98 69 19
27 39 24 98
24 53 65 24
7 17 22 49
66 93 2 65
1 94 1 87
28 67 58 78
31 74 81 99
6 71 12 38
10 17 66 42
26 79 55 43
30 51 16 23
12 71 99 82
35 56 44 60
17 82 84 28
8 59 90 29
19 97 14 21
1 54 46 15
3 6 10 54
52 57 87 2
10 15 77 71
45 98 100 90
12 96 8 76
34 69 41 14
18 51 45 100
48 54 62 94
1 59 84 76
24 41 4 29
32 96 15 86
68 96 2 46
8 25 19 56
7 64 68 24
6 42 48 26
57 75 16 66
35 43 3 63
74 80 15 16
8 24 13 96
9 45 63 47
53 99 43 98
3 43 50 64
21 69 13 90
34 77 74 43
46 79 72 9
50 74 73 97
23 65 89 58
5 87 73 84
65 80 4 51
22 86 1 25
15 64 92 86
7 98 25 35
41 52 96 46
4 31 23 32
36 88 74 38
8 77 9 28
37 62 30 54
11 37 57 1
33 52 89 60
47 76 53 5
79 99 73 27
41 72 77 17
63 77 10 60
36 42 47 24
2 56 81 51
69 93 61 78
21 90 79 2
28 58 73 88
19 83 32 28
9 68 1 78
8 70 49 4
52 95 41 73
24 73 97 90
61 79 88 28
3 56 13 82
72 84 28 1
12 99 13 94
71 92 81 79
71 72 74 26
41 86 36 26
13 18 73 17
56 87 44 54
40 57 32 41
17 93 97 89
10 74 71 89
23 84 96 66
6 13 23 81
50 57 30 29
31 100 99 89
2 34 70 65
63 64 11 15
28 79 78 53
16 48 15 77
34 37 1 10
54 60 62 69
74 89 55 12
24 81 39 90
4 74 91 100
24 98 68 46
2 76 91 96
50 62 13 9
11 33 71 36
1 37 25 83
41 54 34 41
11 25 87 60
17 44 26 57
59 72 68 89
53 97 83 39
1 2 99 82
38 96 26 32
18 95 89 21
26 31 48 76
36 100 82 20
17 68 59 52
27 83 72 64
32 90 46 39
15 32 83 74
47 83 33 71
26 95 86 33
17 36 15 27
2 9 21 50
28 73 81 81
39 64 7 86
67 82 96 1
44 70 49 84
7 53 29 65
22 85 96 95
53 86 16 83
61 99 69 73
26 44 14 16
28 68 40 87
58 78 100 51
30 59 58 2
48 86 77 1
43 71 28 30
4 77 36 88
2 75 95 82
49 52 81 24
44 69 14 99
48 51 84 29
5 74 25 96
70 84 31 49
37 50 29 86
68 77 17 37
32 42 60 33
54 94 35 8
57 67 13 45
64 88 7 41
67 87 8 86
1 92 67 51
22 31 35 74
3 28 36 39
12 91 54 39
23 87 81 75
24 80 22 33
2 22 28 14
31 50 16 47
9 21 9 89
81 99 46 7
33 47 18 93
26 88 17 44
47 51 43 46
50 86 58 95
68 87 57 42
10 82 32 95
11 68 80 85
19 53 27 44
75 76 73 30
69 88 72 53
2 31 99 59
15 59 87 1
55 93 97 33
84 93 96 17
57 89 15 55
37 83 35 13
62 87 8 33
56 94 76 61
9 53 58 20
30 56 35 9
44 79 12 76
28 52 53 81
16 51 1 4
8 45 57 80
1 10 18 99
11 28 42 12
40 43 95 77
51 62 72 49
31 40 39 84
40 82 78 51
11 39 73 18
13 93 92 38
45 46 58 96
57 66 75 87
43 81 6 55
23 69 27 72
26 67 19 21
26 93 74 11
44 74 34 57
9 31 69 17
19 98 60 34
20 50 20 85
37 80 6 68
25 27 1 94
28 72 62 84
52 69 96 35
22 92 60 28
22 38 82 30
22 90 54 53
1 84 34 11
96 100 3 93
12 83 69 75
34 68 74 47
79 85 55 28
34 80 27 74
75 91 34 52
26 64 44 12
48 87 97 46
26 96 69 12
39 55 20 3
23 48 70 40
22 56 44 88
35 68 82 59
57 87 67 36
9 99 32 42
1 46 49 70
30 54 7 32
46 53 14 31
77 87 36 31
12 65 54 20
9 69 98 74
51 90 46 3
26 73 68 84
16 37 35 60
35 58 97 91
15 98 95 90
6 88 51 71
5 83 43 11
11 55 39 26
29 72 23 17
71 93 79 5
12 89 61 28
60 67 57 39
47 88 7 5
4 51 64 91
72 91 8 91
7 16 96 90
25 30 41 48
66 82 44 28
4 46 97 100
57 85 99 93
8 9 17 12
54 78 71 14
34 49 83 90
96 97 14 94
30 36 94 61
23 31 95 66
43 80 77 67
10 29 3 37
62 82 9 21
46 89 60 69
68 70 29 6
32 38 43 71
55 84 25 56
66 100 100 66
70 80 65 61
50 60 33 51
23 64 96 31
94 99 8 92
27 34 98 29
42 94 58 50
2 13 43 67
2 17 13 31
64 99 72 15
2 53 15 8
72 82 50 66
22 74 26 28
31 38 52 30
21 98 21 64
51 76 39 53
54 57 15 81
18 28 88 19
32 99 31 22
29 68 98 84
11 31 63 84
39 97 59 52
32 71 100 59
12 86 24 31
85 95 57 64
12 59 87 30
3 31 47 55
38 90 86 4
64 89 93 88
23 78 57 48
23 24 25 16
45 59 34 66
46 78 23 99
43 70 9 20
31 69 19 69
71 74 35 90
4 45 97 10
24 51 69 17
9 56 77 25
76 89 15 19
32 54 71 65
31 99 54 55
35 93 13 47
52 84 71 91
67 80 63 12
25 73 42 48
59 92 64 62
18 37 31 91
21 100 6 8
14 39 50 50
40 90 52 96
88 93 86 98
58 93 17 26
3 83 45 90
19 58 12 17
41 55 34 74
15 97 34 43
14 34 8 65
30 96 10 23
20 73 22 83
75 92 19 39
37 54 60 20
40 66 5 24
34 53 50 1
50 73 27 68
82 100 98 8
5 50 26 94
56 76 19 54
17 47 4 20
60 64 10 11
43 48 98 22
32 98 35 35
5 35 36 75
47 70 48 54
6 68 40 13
46 66 44 70
3 57 49 58
11 75 1 56
10 89 50 20
47 72 58 62
4 69 88 10
14 53 46 63
57 99 53 30
50 66 63 97
2 37 74 13
57 69 10 37
49 73 84 88
29 67 43 70
65 85 40 67
25 60 42 35
23 34 72 43
9 15 89 43
84 86 69 57
6 90 68 89
26 27 89 85
50 94 98 75
33 73 76 68
51 97 20 95
62 68 37 68
5 29 32 50
53 55 71 78
34 50 37 75
13 65 63 60
42 66 27 72
18 22 51 68
20 69 89 98
40 63 77 25
22 99 62 83
23 61 42 95
42 72 9 20
39 43 68 29
20 47 60 80
3 59 69 81
16 22 63 82
38 41 57 36
62 90 60 86
3 62 10 87
3 54 24 14
2 28 97 6
13 44 88 54
25 85 2 80
49 79 89 64
12 26 44 49
39 71 3 11
4 75 56 91
12 58 74 96
20 79 2 40
74 99 64 23
48 53 7 47
39 59 24 83
43 46 99 35
78 93 36 88
29 42 78 65
33 55 42 24
27 86 97 17
52 93 73 6
11 32 73 21
20 24 47 94
14 88 27 53
13 25 84 47
25 65 13 85
63 81 8 87
47 99 34 84
17 22 60 90
79 88 50 27
54 80 71 48
12 40 96 27
63 69 61 35
34 78 67 85
6 73 30 94
62 89 46 22
28 70 35 56
7 46 1 64
27 74 12 4
4 73 91 36
74 75 83 2
70 78 51 37
55 90 58 73
33 86 48 44
25 78 70 98
1 67 81 9
79 82 18 34
59 93 77 73
35 54 27 22
68 79 96 20
24 66 45 21
11 53 75 83
58 84 69 51
29 75 26 98
60 93 63 48
22 44 35 27
36 46 6 89
44 88 81 7
65 70 64 64
2 38 83 6
45 89 34 93
12 17 100 98
87 96 66 4
57 94 64 18
15 44 66 76
20 29 12 74
21 70 97 51
15 76 67 20
49 80 13 63
8 84 32 2
52 94 42 51
47 80 25 26
82 90 11 49
21 81 6 51
1 63 100 56
42 43 97 31
28 89 16 30
25 44 36 75
18 25 47 92
5 38 100 93
46 71 58 39
61 93 43 42
7 51 23 99
10 75 26 80
15 72 36 98
2 6 96 66
30 48 29 80
31 77 34 49
52 85 5 97
28 84 94 2
44 49 55 7
53 57 38 36
57 88 34 95
60 79 91 54
64 69 79 78
60 97 6 18
43 87 20 8
9 10 67 76
19 76 86 23
50 93 66 50
8 22 61 40
14 40 67 68
67 93 73 81
7 100 36 27
52 55 21 43
26 40 72 29
21 46 6 16
49 96 95 84
19 64 46 55
25 91 46 79
21 72 90 83
50 72 1 83
18 69 95 25
16 73 64 11
22 23 25 95
67 81 6 48
37 99 37 42
72 79 45 98
48 83 64 10
97 99 23 55
13 39 53 1
34 95 14 23
43 93 33 12
94 98 49 42
18 38 81 92
19 75 25 39
79 86 24 82
89 93 90 15
1 22 98 85
16 28 13 91
36 79 82 68
14 16 14 32
28 36 61 52
15 51 9 44
24 48 73 86
55 81 17 43
85 90 69 9
70 88 41 26
58 89 79 49
38 74 69 46
37 38 87 81
67 73 86 61
66 83 9 10
40 45 57 18
6 61 91 92
15 30 88 84
70 75 16 60
52 99 84 58
7 52 13 97
31 92 42 85
41 88 79 65
63 76 58 25
44 73 15 6
48 61 70 67
49 88 54 35
40 88 90 63
16 30 49 7
88 92 12 1
20 65 70 66
54 70 25 68
61 83 10 90
11 34 49 70
92 100 79 7
89 94 53 60
6 52 9 16
19 84 24 64
93 94 57 68
34 75 55 85
54 62 60 61
77 84 92 37
61 63 67 42
38 72 40 27
85 96 23 47
13 17 68 42
71 76 88 6
38 89 67 9
14 25 41 81
35 87 26 19
45 73 73 58
24 55 39 30
34 52 76 77
30 69 25 73
73 86 62 12
30 77 75 26
36 72 43 41
68 85 38 48
5 17 33 50
31 85 36 62
35 44 74 89
82 91 87 2
69 71 100 25
18 96 89 42
28 47 49 35
5 70 67 3
34 63 88 59
5 79 76 68
17 75 2 57
11 40 69 56
5 43 74 24
33 88 41 63
40 77 18 78
89 95 68 30
62 99 24 58
48 74 20 22
13 15 28 14
37 68 66 71
14 89 75 5
28 53 62 82
23 52 57 51
66 84 31 94
18 42 41 23
54 77 60 22
28 29 79 98
30 57 13 87
37 92 87 5
50 95 7 14
25 58 74 56
35 75 51 56
19 61 20 29
17 83 30 65
20 58 14 24
67 72 24 43
49 61 4 72
2 90 77 100
13 48 26 4
15 35 69 17
36 85 95 22
43 77 27 91
5 95 53 81
18 93 38 98
75 93 71 74
43 83 25 16
46 85 6 6
24 46 47 86
58 59 22 72
81 95 18 28
34 51 27 39
2 36 49 80
60 61 97 41
27 46 8 37
62 75 69 21
6 16 19 26
1 68 90 6
47 65 26 20
28 76 23 50
12 57 69 36
15 87 85 97
6 21 29 88
10 91 76 65
46 59 72 37
38 47 20 39
54 91 89 7
41 81 76 23
12 68 31 58
55 66 33 24
31 75 91 40
36 44 59 17
21 65 98 42
33 94 36 11
17 66 41 34
53 74 46 51
53 73 47 34
1 52 9 69
66 95 23 72
56 89 18 37
11 96 87 47
17 48 21 100
62 79 33 18
46 64 82 53
37 44 9 83
14 68 20 24
16 32 17 11
27 59 72 96
40 64 85 40
9 58 67 78
50 91 43 70
30 63 99 37
7 89 9 25
17 81 96 53
76 100 81 86
18 53 94 27
3 63 26 75
77 91 37 38
27 43 8 40
20 89 87 12
77 96 46 28
19 88 92 82
27 33 22 18
13 87 8 80
14 15 11 47
10 32 13 41
27 76 73 37
23 26 24 23
38 83 76 97
6 9 78 75
16 84 77 79
27 82 55 81
44 84 28 50
76 93 53 34
47 73 68 24
30 58 62 18
91 96 57 67
15 40 66 59
36 93 60 92
38 67 41 5
47 95 59 67
33 56 71 92
40 41 63 96
54 65 4 65
46 69 82 76
17 73 80 36
22 95 64 28
5 61 57 68
28 90 19 7
22 61 11 96
50 87 25 35
25 31 99 72
15 90 6 17
19 72 83 9
45 95 22 38
89 90 35 65
8 41 32 24
42 74 70 71
51 84 63 77
23 85 53 5
8 69 72 56
27 28 61 63
47 48 97 55
22 93 84 52
21 84 20 44
24 58 50 52
17 20 95 50
78 100 14 49
34 81 53 58
84 96 13 17
34 71 78 57
69 79 89 63
58 67 72 5
76 81 50 2
41 68 40 91
57 77 93 19
22 37 51 33
50 59 55 80
36 97 2 71
18 97 44 100
54 84 37 21
40 91 33 93
17 72 86 9
63 87 34 73
13 76 13 81
29 36 52 2
34 44 91 50
42 95 55 74
16 71 34 35
56 90 97 75
23 82 40 44
9 66 81 2
71 79 39 7
42 96 100 99
38 75 94 59
43 98 12 82
10 47 93 100
39 53 79 87
1 3 17 67
58 99 17 8
41 76 79 66
6 69 26 88
10 97 29 29
71 85 10 16
62 66 86 62
29 62 49 92
49 66 86 39
2 40 93 42
17 58 24 89
35 92 17 12
32 83 58 83
14 23 42 71
10 34 29 6
7 72 12 15
2 100 9 61
92 93 43 54
