2000
1040134097
872398571
905719783
939343853
972910263
838811335
1040056237
1073622681
1073639157
1040084695
973058007
905883605
838741931
838659971
838643421
972930951
872185595
1073643407
1006464685
939290563
1006534365
1039986653
1006612153
838664073
838692861
872230843
1073725419
838778561
905785069
872201903
939425515
872382193
1040182971
1073627103
872230789
872333203
972947163
838627033
905785237
972996529
1006579351
1006546581
838647775
838676175
1039990511
1040039921
973025179
972930961
972959711
1073659573
939310807
939274119
1040121839
838680501
872296377
1073491641
1006579663
838807219
872398761
872218249
972926609
872415211
838840309
1006546591
1040039659
1040170921
1040170941
1040134129
1006579617
838664117
838696909
1006481095
872332945
1006419883
973074379
905854969
939441905
838708965
1006616489
905801415
939470825
905736167
872251265
838844107
1073655733
939310783
838823577
1040150405
838660041
1073671881
872234897
872284127
838692841
939388803
1006403567
872185537
1073708965
905871323
1073741443
973029271
1073622783
872312461
1073577661
1073496021
973045447
872218587
972980149
972943035
838647793
1006382811
872279731
872329139
973041291
872345583
838840283
838795257
1073561259
972947375
939360245
972844677
973008871
838856337
1040068319
1073725347
872247255
1039957633
905965567
1040072697
939306695
939458469
838709179
1073491665
838746091
1073639413
973008819
838614757
1073704639
905883627
1006514061
838709209
972845013
838790833
972943063
1073725065
838778873
973078425
1073512327
939343577
1006632931
1073577665
972992429
939376271
972865457
939278267
939356139
972877451
1006415791
905822199
939294605
939343495
872202185
939491051
939491261
838741909
972865157
939458303
872316629
1039937261
1073659787
1039974141
905916117
1040052211
1006546605
1040056239
973061789
905772963
1073540861
1006464911
872198055
1039937421
1006464913
905773051
1006534297
872382429
1073577693
1040056209
1073577861
905768957
838615011
939310743
1006419895
1073512385
939278319
973078263
1006546619
1073704591
1006612131
1006399161
1073708729
838746027
939523793
872218349
905866947
1073737371
972914401
1040137937
838762419
1039937523
1006382807
939356137
972844715
1006534285
1073671899
973029013
1040068301
872263407
838807251
1006464727
1040072327
1006567315
972877719
1006432205
905752195
972947383
838729431
939438075
905785003
872169091
872394735
1073557423
972881617
838762477
905817753
1039953571
939409367
872415109
838807293
838794995
972898005
939405289
1040150153
972992501
1040002765
1040121515
939474917
838774491
939339723
939507361
1073688295
1073692611
939376579
972963529
972930795
939491025
1040072421
1073741779
939441883
905899655
1073557471
838712965
905789129
1006431979
905965521
905805517
905854901
838676211
1006616467
973041401
872267513
872218525
972897937
1073659553
1006386843
872312523
838844291
1006546649
905969543
939474835
905785033
905801437
905768699
1006628821
838745843
838663905
872214469
972926957
1039990409
1073590233
1006513813
838610901
1039937529
1073491663
1073557499
939404943
1073659631
1006399383
1040182917
838643693
838811367
939290295
905867167
1006546685
838762173
872185785
838795235
972979927
872169193
939376537
972881841
1073643145
939339759
939441819
1006567111
1073737673
1040101327
905752501
905785083
1039937227
1006485241
838745999
872230849
905838299
905834405
1040051905
939290515
1073708969
1039986377
1073561581
838807271
939273911
939310817
1073528745
972930805
972942987
1006563311
838610579
939274145
905719763
972975765
838659817
872394393
838827697
872169203
1040117747
905805539
972992439
838827925
1040051945
1006432209
972898029
838708889
1006501787
1040006789
838664183
972914657
1006432215
1073655457
838762187
838860425
872165337
972848861
905969369
973029031
1073541057
1073524631
1040100997
905789367
872181443
939327141
939519967
905871099
838795193
939474573
872279989
905899913
905752197
1039937153
838823831
1006546637
1006632919
1073606533
939274189
838713305
905756331
838696633
1006419599
1073524361
838610855
972930719
939486955
1073643193
905752249
1073659545
1006419861
1040039647
939507413
838696843
973029339
972848889
838696845
972832693
1006599895
905772763
1006497457
838778555
838663855
972930801
1073659603
1073508017
1073708777
1006534391
1073561513
905736145
1006563251
1006419863
1040039573
1006616471
973025175
838610561
872181449
872263589
973012889
872230819
872333213
872267697
973024905
939441903
973041611
939519917
939392987
872218573
972926851
905887653
1040084955
1006599819
872394629
1073593985
905752541
1073725149
1073622933
905756415
1073610639
1039957937
973057677
939311097
939372263
872398783
905801443
838643419
1040150493
1006469053
1040068545
973012627
1006546671
872378031
838827747
905850835
1073594053
1040105345
838823657
973057947
1073508309
872345343
1040166901
872251295
1006583471
1040072349
1073491709
973008885
1039970017
1073704859
1006546883
905969627
1073512391
972996225
838823553
872365811
872181489
1073725355
939458521
1006452479
838627313
972848833
1039990509
1006534629
972926593
939278269
1039937503
939442055
905932799
1040052153
1073606393
1040089039
1040088991
872198049
1006632643
838774427
1006517909
973012969
1073528779
1073639131
972914311
905773037
1073610741
838631305
905887725
872267481
1006436059
972979917
838791093
939343749
838729445
905768645
939409357
1073672153
972898271
939441877
939376591
838663869
905789355
1006616239
905838225
973012887
905756617
972975747
838774765
1040134071
872377999
939470539
905735933
1073737373
972914667
838778817
838627063
872230585
905952981
1006468831
973029119
838823651
838614745
939306723
1073557123
939442051
872267393
1040138131
939392641
1073544923
973029065
905736081
838680527
1040084925
972979943
1006387155
1006382725
972832425
1073589971
939290345
973074147
838725293
872398465
1006387089
1040150177
972963583
1006387125
1039974341
972976009
905801645
905904039
872263317
838758035
939277957
872230609
1040105393
939376609
939392937
1040089073
1040007101
973061857
872378057
1006465007
872198063
1073610667
838839983
905801607
939438025
872333307
905723535
872345233
1073512149
1006628805
872263331
972832429
939343549
1006513845
905932771
838631113
872283839
905834409
1006546877
1006383069
1040105449
872329105
973012735
872169205
905969601
1040023243
872214527
939491043
1006497765
872329215
905932429
973057995
972894173
972849135
872410855
1073627095
1040039931
1039986415
838692801
939294681
905768927
939425507
1040035529
939503235
939486881
1073627091
905785037
838713333
1073545089
905948851
838762175
1073741557
939507391
1006383057
1073737465
972926869
939327143
905834139
972996585
838713021
1040105117
872267761
939474857
838663875
838827703
1073692321
939273979
972865521
1006518229
1006501581
1040117465
1039941347
1040101025
838758319
1006415861
905789381
939388827
972881843
1073590223
1039953625
838614673
838762239
1006534301
1040084871
838762203
1040137935
939470475
1040039875
872279773
939524017
1073561261
939388569
1006518269
973074411
973078203
1006583481
939356051
1073590165
1040101099
973029329
1006403315
1006468781
905805483
838827915
838790801
838860421
1006469075
1040052147
1039957729
1073512179
939343753
872251099
939490977
1039937509
972898039
838663841
939454393
905867165
905920483
838663819
1006563217
1073495775
939290335
973078229
1006563207
1006583763
1073709001
972877531
973008825
939454111
1040006907
972877725
872197809
872414925
1073606573
905948853
872284051
1040166621
1039953877
1039986615
1039941623
838840233
1006469067
1006546943
1006632647
905920233
1073725123
939409339
939523797
972963511
972910583
1006452465
1040187123
1006546881
972947145
838692559
972926713
973041617
1073623019
1006595731
905949171
973024959
1073639097
972947107
1040154281
905850565
1006419949
1006567069
905756597
1006563315
939343769
939523789
1006583723
905887387
939523817
1006530273
1006595775
872365981
1040154501
939409375
1040084973
939519881
905903761
973074395
972848803
1040052123
1073573511
972947335
838774657
905817785
1040170951
838664169
939306705
872234695
973078197
1073688545
1006436319
1040137891
1040137953
972996543
972898191
939507373
1040105097
872296153
1073594077
1073528803
972828355
872332983
939454185
905916119
872333189
872284101
1073622781
1006567125
838794931
872169349
939421313
1006415795
972881619
838856375
1073626783
838794903
872300255
1040039555
905932507
1040052195
1073692659
972844941
1006534343
972877549
838778547
872411023
1040068519
1073639071
838709173
1039970261
1006464735
939294359
838614963
905719507
972828567
973024929
838659779
872185499
1040182945
1073545215
905883349
838614779
972832657
972894187
1006448573
972881621
905723525
838823895
1006501577
939306731
1040084875
939458193
939409125
905756585
1006530289
972979931
972898295
872296419
1006595831
1073688255
905916301
905719463
1073561243
972910499
905768909
1039941357
1006485229
872333295
838823813
1040101047
1006415851
1073557201
905904077
1073491623
838860429
872279715
838741659
1073491591
972910519
972963781
939277985
939274139
939376305
872349373
939274155
973078407
1073643465
872267397
939355885
838840049
939323273
972926937
1040051925
838811369
838676099
872284135
1006583433
973024977
1073688299
939388811
1040100995
1040170669
838659815
905920141
1006399399
872411029
838746017
1006419647
939503261
838811605
838725283
1040101093
939392901
972844799
1040182959
1039990415
838713341
939290609
973045459
872214401
972931017
1040056283
1040166599
939355781
872185505
905719743
1073639409
1073671919
1039941275
905756643
1039937255
905822081
1006436315
939372491
872300419
838758123
905723581
1039937251
872349595
838725611
1073643439
838795217
872198121
1006530301
905834181
1006513847
905904009
1073626755
1040056315
972980177
1073557211
1039953647
838643597
905969283
1006546643
838692759
872361683
973024945
838692833
939372477
939274147
939458251
1073495787
1039974061
939327207
1006595753
939388863
872300209
872349343
838746093
972865191
838758375
1040088777
1073708775
838725289
973057777
872218597
905723785
973029053
1040072599
1006485469
1073659641
939490973
1040117681
1073512123
1073528489
872378321
1073655497
838647477
838610889
905784995
905772973
939294397
838631395
1073643255
1006612429
838709123
939474839
1073688497
1040133791
905920441
872181739
1040088971
1073495683
972894081
939474907
1040137967
1039986385
972861317
838647547
838860775
1073540821
939323369
972828405
905887661
905916113
872246927
972942979
1006497535
1006415815
939487159
1040137889
872312715
1006534339
1040039661
838823673
1073495961
972861423
939486949
872382381
1006612103
872283829
1039969955
872345575
973045733
1006481037
1006469117
872214461
939519897
972877775
1039986399
1073741773
838643673
905739939
972931009
905903799
972996549
939491273
1073512401
939491305
1040023267
939470789
905838259
1073561279
838811321
905953011
1073659617
1073676221
872234903
872267463
872279689
838696903
972996279
1073725153
838696927
838643403
872230633
939327461
972926893
1006501585
973058015
1073725391
939405273
939310813
1006567317
872267399
838692743
1006501595
1006616555
1073610707
872328873
1073708767
1040134109
905735899
872235003
1040170639
972848843
939311027
939274209
872267507
1006583721
872329177
1073545109
905735919
972963467
1040170699
1073512397
872197885
1040039823
1039937511
1006501621
838741701
1073528813
1006595971
905789167
872284093
905920153
973041301
1073594109
973024953
939327375
939454365
872394419
872394711
1073528831
872316559
872251381
972992185
838840305
838823877
872218583
872382129
1040072689
1006485207
872361637
1039990431
1006628841
1006403325
872394715
905850873
1006481367
1040187387
905871299
1006632685
872214481
838676383
872283863
838631147
1039986627
939327415
1039941517
939372529
1006464705
872345511
972931045
1073675935
905789181
1006464683
1040084619
838709207
939355797
1040138161
972996255
905821853
872283903
1006518159
838741999
872185791
1040154269
872300511
872202147
1073639127
1073496059
905883587
973045687
1006481125
939356041
1073725081
1073741765
939339701
872365993
972865211
939405297
972828649
905773003
1073708699
972926663
972877477
972980165
872411041
1006600087
1073512097
872185765
939310823
939273929
1073659903
1040084629
905805783
872218301
1040154609
973029257
905735829
1073643247
1073524633
1006419659
872415121
838856699
872398819
905916123
973012721
973074139
838791079
973008627
872218283
872198097
1073639315
1073590249
872394483
1006501801
1006583709
872181499
939503345
939437759
972828303
1040039861
939425735
905818011
1040007075
939278021
838827687
973045441
939278277
939278025
939524093
838839975
972910505
939360169
939360139
973008835
939458221
905850783
939470813
1006436063
972979847
973008895
1040084731
838790807
1040006835
905866911
939376541
838741965
1006485137
838729651
972943003
905953245
872218603
872165077
972979895
972963557
872169207
905854703
1073692645
973029055
838692547
1073590145
838807199
905953001
872181685
1006628839
939290593
905752475
1073626781
972828409
1006567303
1040089085
838708985
1073639099
1040039851
939376593
872247035
972992497
939458497
972832493
1006567367
972828545
1039974305
1006436307
973029093
1040187333
905916081
838659981
838762471
872382383
838811523
972910539
872214169
1039969951
905822175
939327367
939519661
872329135
838860739
872398553
939491249
872218611
972980193
872349641
1006501777
1006518199
838610657
1006530497
838680247
872414889
1073704849
1006403279
905723879
973025279
905916059
1040137963
838627005
838659823
1040154303
972877795
972930701
973061817
872218299
872165107
1073544947
905948897
1073639333
872382125
939503569
838647715
972976073
939474593
1006579411
872283799
939425517
1039974129
905785247
972975773
1073528743
1040084725
1006583793
1006583539
905850821
905785271
972828635
1073741475
1073577697
1039957901
1040088721
1040101105
838856325
1039970255
1073643153
972976023
972832507
1006530261
1073606579
1040072603
838676479
905887403
905818041
1006501877
905949143
838807457
939388605
972980191
1073643243
1006387189
905756549
838794939
939376327
838758315
872411111
972959439
838713325
939273975
872169129
1073725439
838745777
1073528767
1073643183
872214261
1040023255
1040051911
905854609
872296069
872169467
838860715
872410759
905768615
1006448283
1006399197
1040023483
1073721009
905817757
905719455
1006600185
1006546873
838758059
973074137
905739921
905818039
1006616505
838778583
905822149
838778607
1073491921
838713033
1073725131
939273949
905818037
838778793
973041397
905936557
1006632679
1006464917
1040166889
1040101095
872312823
1040154363
872280033
872185517
939503607
972963835
1040039557
905838247
1006403209
1073561511
939290299
838614999
939376581
972947197
905805745
838725273
1006517995
1006485177
973024967
1040121731
838680467
972910209
973058011
1006514097
1073508051
939273861
939524065
1006468763
1040170713
939486969
972861433
939376317
872267403
939438077
872415113
1006468739
838659715
1040089079
1006595799
973074067
1073589993
1073491695
1039941529
1039974397
939273941
939372173
838631371
905723609
1006468847
1006497525
1073626843
838712967
1006399195
1006415843
838860763
838811629
838696693
872411009
1006517993
838741703
872349695
1006382841
972996589
1073639143
1073561299
1006550755
1006448615
1039990665
972926667
905916377
838807253
872296115
1073495777
872197879
1073672133
1040182975
905949115
872283819
973008539
838794923
838840201
1040023235
1073594291
939421371
1040121785
972898019
1006579441
1040150211
905736065
1040183039
905854863
939376613
939470527
905801369
939404949
872165071
973012975
972898001
972881595
1040182919
972849033
1073561523
1006501601
972848793
838758365
1073737427
972943081
972914573
973057681
1040187067
1006403261
872169191
872267675
972910327
838631327
939519651
1040007103
838758379
838725593
905752281
1073610749
872218353
872263373
1040117391
905723555
973061879
939507351
872283885
872280035
1040183213
972947419
872283827
905948869
1039957723
972914653
1006579639
838795251
1006419881
1006595837
1039986579
872394673
905850871
939425787
1073491871
939487161
838610573
1073495975
972930765
1006550931
1040133855
872333305
872263353
905916125
1006399127
939486951
972861421
939421581
1006399481
1006517937
905949087
939310831
1006415569
905756333
972897931
1006518271
872349411
1040035547
1040056215
905948813
872181439
1073671931
872185529
972947083
905801361
872316667
1039970033
973012973
1040007085
1073557159
939405255
872316545
1006415797
905723643
1006436053
872345599
838709149
872201933
838631093
905867185
905723847
972865213
973078187
838840303
939339455
1039986309
872316653
1073643181
905756655
838778549
972930991
1073573585
939294403
1040051965
872279979
973074145
872366017
1073528829
905932729
1040035513
905969565
972844967
1073709029
1040101315
1039974383
905932433
1006431933
905785017
838647779
1073643169
1073725097
1073655527
1006382729
1073659577
838794921
1073643225
838708897
972914635
1040138237
905932459
838844369
972943341
872284113
1006432135
905920177
872332987
1006595805
972914337
972914349
939470795
1006579593
1073610471
972844687
838709195
838844053
905952929
1073544959
1006530219
972963563
905789323
838807217
905887703
1040150237
1040002745
1006518239
972828615
838713311
939392951
972861427
973008795
1073495757
1006600089
1006497461
972992247
973062113
1006497665
1073577707
838631107
939372179
1039953891
1040101073
872312755
872333215
972975849
939323111
1040117669
905817787
905887683
1073671809
838827653
939294431
872345565
838643435
939273945
872230601
1006464985
1073491857
1006596089
872394647
1006567417
939421599
905752563
1073557475
905866927
905789429
972881899
1073561525
1073725375
972865269
872316831
838709141
939327391
1006415493
905969599
939503605
1006567379
905936535
905752291
1039974025
939507611
838774505
872414937
939409373
1073741513
1006403203
1073737715
872283817
1006612121
905801617
1006431877
1040072663
872414943
1006403225
905932745
838791149
838791065
1040035545
1073659539
1006436045
1040002711
872333023
972865413
838696869
1039986345
1039957713
838643423
838860445
972877547
1040183179
939360181
905920429
1073622973
905756303
939327215
838774713
1039937269
1006567049
1073524441
905969655
972992143
1073590219
1073610641
1006518267
1073528785
939393001
972881895
1073671909
872382185
972992481
838860477
1073655693
905719727
1006530279
1006546825
939339409
1006579341
1006514055
939486903
905920479
939274219
838790819
872411093
939359923
1040121543
1039941509
1040121545
1006399183
972976101
939278335
1073622927
872263395
1040134117
939327187
972828629
1006567395
872328949
939491315
905871319
838729385
939437723
972894201
939290503
1040117437
939310819
972865271
1006468851
872333299
1006530433
905723527
905932435
973028999
1073561281
872296065
838643379
1073639081
838680565
905785301
973057961
939507627
1006501533
1073541069
1040183021
972849113
972914339
905887433
1006595755
1039970295
905965281
939425485
1006599885
1073528493
972947411
939409147
1073524669
1040150513
1073577629
939491021
1073622965
1073528507
1006595769
838823669
872333271
1040088997
939306651
1006485169
1073512183
939519625
1073692325
972865427
838692529
972926643
872251385
905883591
1073544833
939310977
973078149
1073524681
838614913
838610879
1006514107
838610667
872415169
905740225
939360177
939503547
838631339
1006562983
1006452453
838778527
1073557213
905916053
1006399367
1006632667
1006431965
939454431
905871011
872329207
939519923
872185787
1073528715
838664155
1006485189
1073528521
872263581
905887483
1006497757
1040072609
939523969
939474685
939437979
1073491637
1040084667
905817735
872312493
1040150433
1006599873
1039990779
905838263
939356045
1040019197
1006546575
939311001
1073639403
1073672113
872316593
1039974039
838627029
838680477
872296159
1073512171
905785263
1073573877
872345581
1073708939
1073508335
872300533
1040101253
872267401
905756607
1073573781
838823929
905723841
838860707
1073610685
972930965
838627275
872198069
972980133
1006595759
972877797
1073491877
1039990447
939421629
1040117717
838696955
972914639
973062039
838696857
1039969925
972893915
972894129
1040051963
872361675
1073688557
939359925
905952993
939327361
939437953
1073737399
1006550969
1039953905
1040183245
905768685
1073626855
973078255
838696935
1006599923
838856589
973012911
972943291
1006436067
905948845
905801653
1040035717
872284105
939503603
1040068567
973078405
1073512329
905719681
1040002989
872169201
973078175
905768911
872214211
838844341
905953211
939458249
1040035509
1006501573
939519739
838647481
939421639
838643337
939458181
905817729
939323017
872316817
905740167
972865499
838758137
838610617
1040084877
872234961
1073606339
972861111
905817811
972844947
905870997
872251123
972910291
1073627135
838614685
972930967
939404977
838758281
905936633
872185789
1073561501
1006596091
838729351
1006517897
1073643483
972926695
