100
543658219
1070070443
962043180
808817738
76407163
26600605
194893714
199209632
998610676
558759454
1071498225
582320324
155553773
187021102
259509788
948940377
750096807
640675738
1041087833
819966332
558879261
1072557135
520597237
484435912
955227665
155056575
640130518
146274536
898992422
515365370
1007526460
517857038
861774478
112052626
630566733
750254214
937813138
716035058
424116429
83862657
630560950
903204705
686654372
809337532
883940167
347990905
391090333
974510337
527289857
125169261
637923047
144556926
347597262
482318711
943556229
651553751
334334842
238943615
65518395
581282745
899665679
390974097
872265321
283498342
549834215
765458504
438690510
346017030
570415109
917871470
832406894
520590019
1042283510
973062819
902660342
310358003
389913149
703567004
578262789
627436583
19789185
303013563
534746156
119386926
301960261
1002962340
1000311340
266179886
984463271
356890945
839241723
316134296
809495440
256374110
895868948
348618810
983949311
258322657
59106486
761642597
