500
802683615
765951967
801111805
1039040479
802586335
797343453
803699455
798490589
764869629
804192221
766508797
1037564639
770669533
802619133
764869343
798949085
770669567
1066303453
1065844735
1073151711
1035993055
1039596287
1067351039
804159229
805272543
1035893759
1069547517
1032747741
1032781533
805273341
1066302429
801046239
1069481727
771129053
1035992031
799440605
1033895677
801111775
1038089213
797900541
1033371615
770703101
1033305855
1065778143
771227647
1035893727
798391295
765950941
1038088925
770636799
1035960029
1068990429
1071021821
802159359
1032224479
767557597
797408255
802094847
1067909085
803110621
804192253
1071054845
804257535
1034878687
802684637
802619389
797408989
804190941
764313341
1032813309
769621983
770669311
802586623
1034910431
800030463
768080863
799014879
1069513725
1035959293
1037040381
797408253
800587485
801078271
1069546493
800488159
1039105023
1073118973
1033862877
1040154591
766508765
1037533183
1033862109
1035370463
764313309
797441789
1065778909
1036942333
766934751
804715487
803207933
1073642239
766410493
1069546207
1038516189
1033861885
769587967
1067908861
798981853
1071611613
1040120575
1036483583
771750879
769032157
797899773
798490333
764903167
764836575
1036976125
803732221
1073216477
800029405
769031903
766967773
1036484351
763887359
768604895
803109631
1065877245
1065810653
768605181
800553983
764312575
1037532159
771161853
1071053535
797343487
1070530301
1032224767
1073740511
800029695
1067909087
797966079
770702077
767033055
1072069375
1073119229
803634143
802127869
771718879
1069480957
801635325
799439837
1039040221
769130239
802651103
1070530559
1073184511
765393661
805207007
800062207
797343709
763853823
801078013
1036483551
1032321757
805273311
769064925
803699421
800063197
768047869
1038057469
800587519
1071021055
1068990207
803634909
1034943231
771226367
1038614269
1039630301
799963871
1035927551
769588959
800586493
797966047
769556479
1033273341
769588991
769620959
768540669
804782045
1065876477
765951965
800062173
1066303229
1035402239
1068433149
770080765
765951743
802651135
1065777885
800587773
1032749053
1067351805
1069022173
800063453
771161823
802585565
768506879
800553951
769097727
770637567
797375485
1032289021
1037008639
800063231
769129215
763853821
766935037
764410877
769588221
1073674975
769032159
765951711
770113535
801077981
1039630077
1066401757
1033304797
763788287
802093823
805272285
804747997
766443231
764379103
1034419965
769097695
805306077
1036516317
1071546109
1038089951
771652607
1070070525
763887583
801078237
1067351007
766933981
1039563773
767523581
1039563519
1034944509
769129469
1033862141
1032747775
770637789
765919229
1069480669
765460445
797408991
769032191
1038023647
1071610879
766999295
1033305053
805239773
1073740509
1038515935
799014877
1034353373
797932509
770603741
1068990205
767459293
1072660221
1038056191
1068923903
1039563517
802619101
1066924765
1068399359
803699679
1070039007
766509055
800586463
770079743
1072102143
1073217245
1038548733
769064703
1072103421
803700701
1035927293
1034877951
767459327
769096703
766934783
801570559
1039564511
1068498685
1073184477
764902399
799505151
804748029
1039630333
1066400479
1037041373
804191997
801569535
771750909
800554719
802684671
1033370367
771193565
1032748797
805207037
1073642495
771129311
770080477
764836863
1033863135
1035467485
803634911
800030685
1038581501
1039071997
1033338879
1039137791
1067974653
801046495
804748255
805272541
802127615
797343711
1070496511
765951709
1070004989
768605917
1067876093
1069448957
763886559
764345085
1040087773
797866719
1040121821
800062461
1036517375
1039137501
1069972477
771718141
769587933
1071644381
1072103135
800063455
1067450365
1068957695
1069480927
1037041407
1071643645
801078269
1032847357
770177789
1037991679
1067908829
1033862111
798981855
1032846079
1066925791
763887615
768540671
799014655
763787997
770637565
766476029
1039629277
802062303
802061055
1039106015
797407965
770703327
763853791
1072102141
1038548957
1073675999
1035468511
1067416285
1071119069
1035369437
1035992029
1073150685
803635197
1035959263
770178013
767000575
770080735
1072070653
764410847
765983487
1073184509
1066334975
1070563293
765886205
798457823
1070496733
1072660223
1035991805
802651101
1036975071
802062333
1070562045
797343455
802160605
1033861853
763886333
799013853
1066859517
1032289247
798457565
1036451807
1035894495
765393917
1067876349
1065810911
769063935
1035369215
1072594655
765361887
1068465917
1070595839
798981117
766967805
1039105759
1067417599
1035402237
1065778141
1066893311
803175165
803732447
770177759
764346079
1066401789
800488445
1032814335
769130205
1033796607
1067941853
763820767
764935133
800522205
1071021789
771653599
1034320637
1065844703
770604029
764410621
768506845
1070070781
1040186079
799506141
765394909
771719165
1035370205
1065844445
1072660479
1036517085
1038089981
1034418941
800030461
1039597309
1071546335
1070562269
802159615
1073150973
1039597279
769063677
1065778941
1034387453
798489309
770603743
1036451551
1073118207
1072135167
764313343
804682493
798456799
1072135133
1037500415
798392319
1035926525
768572157
1072167645
801570525
1070563295
1065811965
1066303455
765886207
801012735
765885439
1034911743
1039663103
804158173
1071022077
