1500
1040894033
562290098
155201856
58561737
69027198
936289756
507288118
836201312
990692013
877564660
212294335
227298032
894430953
598160838
316799097
107027654
180367397
425279482
351892822
324100586
528752102
678357513
758947974
1007612961
979132860
262365226
744176783
1007954467
203952281
889922950
90873818
417793835
734055501
848489340
554536711
764655251
782882738
1013407264
366189668
677407592
109691588
91209560
976572136
929044341
373593605
225201445
407521171
546256799
920297946
533532551
412113114
116170015
1017783772
363816055
207667513
593827028
467739013
44996972
1009234275
124086697
955051474
108832251
294567367
857498220
220694722
188455277
733543211
899227121
1054698015
355081520
245254971
668761535
52352482
1028400577
360000009
395193632
922959954
992006850
874188966
214675738
668515036
477116842
119484095
90647438
348166534
540156030
10375820
577635452
627516277
381847895
998271341
118646485
206156747
296197501
809584112
696429758
876655427
326547801
525817072
792483779
47667073
611895963
38735887
1072575079
65498387
759742797
293161159
842623871
277850755
846787621
144471198
783369606
64994849
303368951
256764897
274045311
997807308
80091701
18312195
43274315
764899915
973456514
949468850
241818738
410370872
575166671
430256179
543950860
612906428
788341240
1009411613
345618300
1050830351
488372209
363885904
210574558
18206670
456304252
258216938
1000868772
951058111
811714392
496725410
208425279
285892679
322805868
867373026
12152256
152916297
1068891851
944183753
337137597
436606733
45429322
161556988
620097479
319584387
906478977
563258829
770836939
663112573
989799950
682976227
49449078
304049948
318265550
228743502
140999881
42503810
1027464140
944266499
576376292
758143036
129722908
304965201
839437332
369140531
473336292
211538494
286544917
1067821779
970075440
652850530
662528448
775569317
325283383
695629676
192150189
736273148
295315854
384787207
563691264
764436845
1036589834
358258022
564282760
458643805
1001526421
850560232
865928646
511274203
236722808
1031289300
57709815
912280751
1046463298
106893504
143129545
956428419
484122345
475961588
133236638
834675989
73028460
175734297
1034620779
292834105
684618905
272549355
550849764
726760264
1007972557
825479000
101304882
332132201
448023234
807776037
375699678
564740701
350730101
853922729
999083508
353735034
672596061
155058487
791553094
782197587
143933818
405589436
705331087
772094055
46790382
157140135
649167111
16916994
158126089
189858854
165636108
917623036
338862663
86275789
923361553
685018004
797439073
780080559
450645550
573941715
375416178
222277103
482806391
205170205
785629391
580973180
447232021
338300892
510027662
943032536
498195631
131496001
504696806
472400814
402122287
985311064
44969778
1003766468
42240479
67670141
38646640
154462688
498801312
712033891
736551909
102482604
621775681
800306688
286088852
348338026
513973806
49552533
506050594
340815295
95413500
627472040
633902937
991212927
572533090
651316083
294832626
476591794
480645087
486669479
245358861
665976792
237996941
145691715
1046909975
246210281
295177954
886044826
600771403
611035043
270019649
225138817
410305075
346559401
55649321
303190850
1063130606
254856273
236383858
599012660
597597396
455652293
45532208
621235698
19268384
460739072
199515403
418902525
965390225
36164273
13880562
922470956
413536976
806054514
575347142
3469436
458007736
732216143
155731582
883271537
540517700
617673817
1055416591
377352996
210681363
778760493
631813791
1056204110
894810679
81683496
674339453
534711614
343129158
75893932
328352576
552418302
265329091
41646206
11555982
534002428
727645130
815983597
76712629
135229195
728171444
412034461
265003342
720041084
415044925
1036387598
130837706
908514781
1040724514
100971163
704539115
269374699
996480741
965346643
723068411
733275530
44023928
332517973
562183454
1065429800
419426748
630530032
26365252
619450785
667326124
1050944469
680762021
793011774
660159800
206871695
171057198
316777511
346885269
472359457
358943169
629807442
916885810
519535131
332160505
358241689
672507280
403029636
802367522
701139922
49255520
607000201
321574772
225729729
705174707
901247809
977608173
968263636
103578572
621506705
439338750
373423943
94698572
781406224
778731597
423451466
806334658
858901963
312243601
183625107
48367967
950873978
723070075
924995614
674199175
1034390563
286028040
934434745
983438292
913023182
373470227
844105129
166452032
41215577
965665870
597316458
313686841
576731461
316940826
868745467
1003095200
523197194
704854511
733147307
386442424
673632811
882193323
513138915
473573663
1020378188
1015323775
107466466
628474751
168563363
201099710
142241319
430062639
256115566
389022125
220846865
38827535
464730122
998528182
530482355
829072788
72769870
515101273
199084747
894785663
847320204
541679363
1070198383
499298158
823180318
535418291
656386708
14536716
617512945
285449247
369385749
977960424
499755339
244914370
778066205
773549790
741991300
29217665
761410299
782517307
63971042
491041509
729615393
337389065
361232144
678945266
262953339
821042525
1051264460
602278126
157175705
276528020
844409786
75871928
1019122969
390546724
475468571
691067829
422113083
944774073
423353469
355412674
1056270724
257736831
178325934
270851996
807886486
843748766
523754718
866677127
990744364
582340974
547970499
383917147
816682301
567779596
770296189
112127356
521709481
952241049
921435317
861084901
494608653
106077104
923036570
91223074
537539984
442043604
642798988
20132204
453852069
819482835
377042898
868654647
150700754
294551390
218365020
900901176
666416351
148762794
674265868
789366141
923866086
504832243
350155832
751721620
784582549
607591530
935684525
693350282
192773296
642231453
717691031
804092346
59221688
1006541579
224653442
1050615684
726644047
46847874
759942917
900829261
678868647
806133570
617534912
995723829
892365982
518031971
205077988
200333425
272175731
728798376
914957140
870107447
118793897
452697699
338732864
131382767
170927043
274818614
458978462
475408423
941062501
2670965
288194794
561826178
468120752
700797711
805216750
478036081
861358217
80159320
247587234
662496301
781073582
1045994533
968489544
250744342
655175828
739300868
1020082326
137907488
297369096
73713072
247506728
178583472
832059605
617920798
876014443
201966521
673697035
641793515
787305811
55774230
921303020
931104138
864382635
822032193
93904585
620762991
293560695
809732492
871131950
372321803
499044431
590059245
224821072
215216507
428254863
38312103
623074494
557821624
154943677
885152368
936119268
569247295
283444209
551830073
884928349
250679677
18255939
43222239
1026803974
129981875
984330610
452260034
968068406
1052372523
119362840
896438805
817992609
75320653
634761307
857006384
811684567
545260549
345136844
385244547
85931428
81305249
748903466
26977127
1059089783
61101211
893603207
982117992
1063549966
591294826
820241889
213312941
802956782
410122113
816384182
546443546
457627141
370356993
997024868
723234215
186780204
549726193
439839807
895715852
394314406
1057709325
177233263
459878716
732962803
372039428
213753050
361843741
994786314
434951673
596305832
156056898
13351277
916645799
16006097
302889139
373507752
105962173
739524458
200951235
253891020
359397835
79942708
694038814
287788529
538581049
190878278
189936180
492196602
646715231
313745898
698113519
778824467
657163852
29332188
810315100
78420263
250880543
41393006
464045708
74754799
747122350
175035749
9085267
1032567902
396306979
597137552
1066793065
983012541
339410104
556750443
407312219
971907164
495528271
379989642
386401270
254653091
1035798939
587885929
201522393
575390256
20835670
994399013
971452941
725377204
580234423
601036843
166368267
126001482
851381446
400096712
928739451
359273017
829706097
236299620
773989744
795174825
254148306
882551510
396532106
865493543
208201576
707779244
411290812
116680650
141769160
34133158
336041701
203712736
1054247745
390926541
531048869
777208465
412263439
486637860
407400229
210160136
194468857
878682339
393796434
896519263
508887745
989468248
495191467
675510173
192728071
120222574
374436596
369425370
389239462
866929982
851206058
462354891
1013873030
1039495699
115433600
449525353
498026432
170110182
375734588
375310690
13505444
754563904
787563629
901798606
25058613
24676915
24444774
529374272
485873056
863094227
80682700
324674289
254815512
34150621
906398538
125782106
147291485
763942351
419285322
1036136454
157163497
802030018
880233261
633618951
905965386
98102795
439863453
373625816
388292459
732277380
49628121
293993350
550719706
264929899
30943206
59130236
1069319392
772575981
172217982
645870392
1065118182
240632034
1008060844
268075523
417520342
259451557
567782954
924726552
506109455
942019912
845643394
998117339
967425184
453760484
721593802
224013961
1031390162
903727787
22228809
303428739
737863166
433350129
36037388
181611825
34920095
278363015
471977804
835859547
231393328
744025356
18202968
330464797
543806762
531488610
719805485
198663319
343814176
137062720
767148569
751178747
332299039
970463708
495982031
125921511
625773991
140007526
805749786
336483193
354927641
84583273
751503698
673363589
794856798
474319362
53677932
599607498
302906752
12369371
845837556
240394070
782452716
183362844
104639264
277023698
74256838
141012453
651628163
510159910
62456695
342269814
131332598
419312864
376784246
204042615
670638039
417364439
496725900
381280499
400408860
979207600
735430989
1028739238
483238482
220119008
301534297
307532203
334129956
1042736650
638218379
1064584235
657826624
437076349
735589972
283270679
532857237
478108009
17295555
781317311
1010536263
306509217
982726753
951820973
597509696
604480521
461268187
791335750
934326875
867741849
31298595
931687167
1047346570
105061378
147605485
189429187
100818559
660636590
22254656
1036858194
126973755
769604599
249310093
644043082
930855840
12705179
454201071
867443085
673895312
188777508
730405438
759713080
666114708
1057752727
411238784
708260475
819192859
229812857
678641978
647725177
198162289
433412754
291366945
844905728
584882246
305330777
314289059
1063490230
724979299
584542052
1009073068
474338350
363012398
20918830
770574471
633668203
626556903
556001960
368464629
680269761
3151639
423288031
560665905
747232802
1037595060
705683498
258073739
952224358
535658803
365461404
439636216
86810851
166739958
48532141
313158630
686211521
727004863
253199824
34480506
755543494
301211977
991585717
337831080
712436966
910274220
691471655
804491330
793951012
201039386
878879588
404120805
585054792
645678964
295534389
520755356
685723386
193297749
276842401
384600128
360943679
485783281
723292096
277227301
228002156
352036517
516355032
451677233
592522985
853464918
256567675
751793294
411136049
801162304
49137669
549538593
629796671
232340691
197864030
873604721
997935264
498022692
587789098
309169469
968688140
256076874
118613940
744510360
803961521
599924036
1059332917
685244172
279044908
489064915
244393529
740359750
926956520
514810598
718504110
256704245
885698330
1053881620
958380558
722235902
101221560
604111689
750747266
117313273
563066851
464878248
879543704
576124829
758295303
446070259
229863849
54248651
684654868
55782733
225499665
247946619
1009108925
19692207
772127790
774347121
200567670
815791444
518197591
1014412092
382252559
521291477
359366349
834836643
103909129
777455810
8753385
442880627
196052851
1028737110
169227283
912336876
864024006
760548585
178919540
795683112
61698023
700687301
58853631
164775651
82561366
753373092
92844991
916891982
553078910
2203669
757958945
250072717
734125328
406234847
571223388
611094869
113295246
148586749
310252299
809033305
540029437
382951527
1023468572
100910471
637510759
781095806
57100424
45064960
764479936
290292397
945615025
818857685
844791173
376478785
948762752
535296479
521696389
575657709
162414126
625210058
746877664
309325081
223389789
1019536986
710424710
68495797
461287347
102341085
335706455
201584844
251609163
413381501
533787185
480463280
126375979
117875224
14347568
144747094
793362277
56221320
759621673
780957395
661500694
300368088
841772523
1005660048
350430991
92875777
299565951
77802865
530313531
640283509
683641260
228448356
902729608
559688792
1038762406
365986002
97058839
246724453
779607635
392507595
504233892
316167727
869277244
226512760
410672153
997554224
818186555
545227472
497745156
545088378
333652160
528760963
66862483
75158788
55864536
36703108
882844305
559699532
863686639
1058436491
541974786
1068588505
107127353
566416315
427712763
999243320
722133958
280393384
533488061
209187608
142984624
191802537
665595051
389397550
906431637
704525788
650530040
180931188
658656225
393999534
207865838
784962445
622530009
895643270
514802427
241674708
949656344
481307103
951059112
376036306
124917298
27855885
381653571
66178077
180288802
413916237
424050413
377600280
257625934
790812917
273257641
71108203
927909948
507277158
737534418
898126623
560760161
147512001
646082738
624310684
859038286
100841035
891711051
243351021
1061891815
972298433
41197566
200536540
908941649
77280052
17822633
604225944
711328070
48719888
487159007
954048460
538300839
468810535
108242021
295645170
999870651
342670153
561333157
302836780
258469531
669342406
507122744
639454650
468322850
115756326
148078081
115955531
552921588
620220766
750734417
668206028
178784597
886177159
326264721
313123753
928900648
523415540
244741610
442857344
546286262
319022913
13693569
161492009
649217747
183607693
921270019
866932489
864249197
69577753
21052578
722600777
798967942
714896512
201029014
102899588
28948658
544316830
631844898
438731913
728058104
584503267
184277440
428272512
352445650
514717674
592093529
42928479
625766314
637351232
298302674
539073590
881654337
241848064
898109632
558618278
211056805
946787368
577141495
758593953
934404652
558152335
1503466
140173249
267137709
581832145
984500740
342936574
479952775
823192245
751608872
421029588
648014952
802504676
417839384
138237135
1007138695
1023268627
496358304
822490066
809591922
547654827
910842114
28303919
187455790
771043517
903028679
947788965
527547637
823945128
231667252
246720664
596119728
386134716
386501105
829352760
839807914
570206438
765235361
56164362
609157423
100202192
558962483
425713458
255493990
239588287
494594461
188411939
40034623
468437290
950913908
809294271
1035307790
356842122
365443327
551552680
613041140
860492695
993295025
819459104
993206116
906956311
736596040
783079060
474182036
267222010
1019886073
471438560
592247990
704428446
612154787
747478267
486302009
937534569
379988020
742518817
1035162815
786723128
414939636
845567090
844137330
488631323
571007492
167582336
21177065
1060462762
778125265
602792836
639137317
306197351
1005469887
645228811
702683792
405577108
724182494
177913905
872821546
239708633
66673122
290928989
842715668
1063360364
791532533
795227022
1008384764
822504334
838678040
81129767
331437581
521646993
295108820
663879075
27288466
305284101
584325075
421299570
496428495
35710849
866957074
697235522
619621320
898731829
