2000
980128667
1063780243
1063901905
469612287
1003878391
476298139
1064800989
1022097047
947256057
963108799
427154329
971216563
1071382263
1013421011
978556633
501723867
460177365
509457403
536190879
468311995
409319413
432118427
945001151
535401425
964033497
1031001855
519279541
1061551067
442497975
407355293
520068755
432536287
409837501
1062466517
971101913
519034803
1046977177
971897789
474070747
979091093
436065021
1036638867
424252147
1021833911
963106771
994172819
419430107
432783255
519043069
1002567423
1046192017
1031402451
1054317493
1048313841
980532979
432912281
458332923
475510775
460438207
986169073
1013301151
972149753
997963679
434355161
492557203
410104467
407486397
458857147
416675575
962445015
535559869
509196955
1029938901
460559065
1045036723
441441979
1061917687
449032889
987872241
491371477
474217399
465687263
1005960115
1048311517
1054448637
433559485
1021295293
1002698455
526243801
1011332085
945011349
1071758303
1002699699
500408021
1055913875
970036121
994693783
474873785
1020393459
518913777
433034137
1046853265
1070725117
528203479
954186453
410122167
1054972917
980522709
417323667
1056814773
1031378933
987234037
1003862975
451657691
433714103
1037949911
1070576603
491108019
502250197
1055913655
1047524313
474470111
442872819
1005188085
969146357
533576669
980415379
508551161
1006220241
1029020567
996786069
972149725
1070175157
511046331
509337529
535548881
969923321
1069929173
1028258741
501733371
511703799
435134393
994566043
468161489
979867547
1005976313
459251383
994573299
526119577
1011458035
475124723
1055497105
970044125
500685717
501323511
1022867191
944085657
996801279
508534417
1011323795
469630901
988518353
1031667359
987091633
474854047
517471127
988520413
1048417279
1012897523
440924859
451395293
1028772817
962704119
1031525337
502661051
963892183
475527859
962983637
997716957
1012519641
499487637
979762161
1037803423
417333139
409714389
944758455
980392659
1063778967
1071764209
946197175
520091355
1029568183
963754681
408550391
1019714549
500021233
457293469
468580019
1046978295
1045411795
475258579
996276927
434631409
1055241875
988665787
1002543035
476951227
997315575
986567355
1028772593
979098329
986683099
956159985
961917591
536606463
511295189
536466391
449286901
1013046971
1072028571
988124819
418771963
1013038067
527039485
969012921
969536471
536736401
1028510385
964026335
964671225
427030487
1064564637
1004910527
1044640731
1012519611
963353593
534492823
1022489245
995727033
501454583
980146929
1023391703
452041721
1038736347
1054470907
424646387
943963803
425318361
997957371
1063385075
493223583
434749151
501594875
1055243965
1047509719
449421305
511695763
434348025
457414553
469745307
954964629
535671445
410894265
1036508849
483515037
962450105
441450205
989329395
452697011
1014103957
1022992055
424653529
442094321
1045796541
460583895
444331697
1071502323
969662195
475632311
988017311
1031258107
960870385
988151539
1054056407
1029832401
417330173
1021555379
485735353
1056152535
995865567
493861809
1048035033
1027986327
426112735
427423711
1004780511
527810523
1045289653
460324565
451411645
1061927897
509195959
1010956275
943829969
1063639035
1014862745
440918013
1072035731
1005426577
946338487
502526901
960995025
442235643
492945111
440505237
996524029
955113151
1062575769
417052567
511178751
465934267
1002560149
960617469
532779735
1070709683
407216059
408681375
517054419
1045418961
469098133
432258713
1055260351
491386617
978704371
987486931
996005563
1019862943
533454587
1014628305
483374037
1013440503
1064024795
474206899
494387123
1054080669
1028497139
996389875
1030092507
434885339
457433009
468712145
971888369
443939797
436073177
1022473951
442620665
952482779
410514171
519821271
1028905655
1054184407
491108279
1073201141
535950295
450351871
1028259743
946861969
978686897
956019383
979886079
1072021145
460714973
526627507
953914009
1054316279
972807131
1071116989
1047108563
989715417
962198485
1061679773
435671773
499629051
532805309
443528095
1014363033
426360533
1011873499
977919699
1005042395
970822291
1053266611
534763219
1069800415
1028898769
460847031
1073738651
469365723
1003216893
1047919517
962722815
518378239
451779509
492568273
417185531
997848031
474456027
407474839
508031679
952483771
409859027
1053409183
436049811
474987189
483383257
1071643291
500154105
508688081
955496349
491107285
483630005
1038324381
1037818769
443793303
492935163
406978555
516275925
492158719
441299925
467779475
952219611
466476763
433954487
947753727
408794033
1006368409
1028627197
1019730941
996147189
483245047
1036768191
520083187
1029674965
944765623
517329649
968987321
1071100605
491626397
944870399
534886043
980942519
534773459
1048420021
1045019293
474069941
502773435
1070200763
1071226875
416668407
1036505823
510523097
536213209
988674011
426759059
441449399
977533947
1013956569
960747421
1073454839
435280891
979345367
1048182457
460701397
410254041
482719441
1056546513
1062582261
964400115
415864567
978432699
509596307
416923537
458225561
1038218129
535796405
1022866105
416151285
452458227
1014743037
977531601
1012661181
1071765203
1045009301
474722963
1073608633
1062851223
944094169
482448087
442630141
527678163
468047795
477205463
1038718685
1053948923
452181915
525834903
518771423
416397053
485856179
1004011197
476036851
1053815709
484701843
997053341
474872725
1036779445
996144083
491648725
1072682933
1047376895
972921567
1071888093
465957779
1011611287
943979159
953939635
1055113113
525449111
415612927
532804539
510252983
491511799
963097525
460693239
1073471129
527563413
1045289873
1031666577
450229909
1061403605
1031657213
426891997
986166203
417043153
486399993
457684979
1027733439
528472027
953792149
964280063
408132595
407220925
425851895
1022857917
423999381
502780923
525574079
486277041
954725305
534622897
432536473
962568149
963621809
1039505047
947642355
434607039
484024275
425563031
426237877
1072404373
1056964319
995095541
474993341
972021435
457703121
449287095
970167995
533067703
418634485
1014734737
1011473111
518512275
956143571
972141459
458086141
944747507
1062838195
526234611
1044877981
996274901
518381489
452195321
452458483
511170549
1011741695
978294427
986700505
998244279
1038333937
1073717145
491503259
460714899
407107321
978565787
1012661171
997965811
441825265
510238423
460429277
979097525
970850039
996129491
1047108569
493204375
426243729
962960091
427278227
516280985
416937725
491248281
1038717873
424392407
1038332851
410099665
945814235
408812509
972930041
1071239865
988533433
467523227
1002822617
467383959
492150489
1029167793
962583455
502397663
443931539
536065685
449180377
955096829
486407901
1023261689
1071487679
1004002995
510254837
443020281
1053662935
511311537
1048166075
1012790003
450229207
997429943
492173041
426365593
494514865
969391091
1036385211
1072029689
486267833
501461753
1071111155
989172667
509730739
1019974557
978432763
507624435
466342613
1062834867
1030732793
971633365
964541339
517708723
443276959
952341429
1036771285
1071231963
491901687
535934967
508425169
493599383
426242743
1021689591
485349363
507763351
519028663
525057013
416013271
987992831
415488921
500430585
485072859
1036498839
1036892819
494401203
535950271
1006229207
1061658353
474734233
508812957
485071611
433454805
483914673
1038745591
424132597
517469137
476968593
963641073
978318231
1046082231
450729681
466981819
989836181
526643903
450868949
485610421
536598225
1029944211
1012134589
509082577
476314617
1023392415
1003869913
516815867
418370301
440505303
971365013
955767793
962050037
499227357
1070699153
519813081
451387281
1031798425
441184947
996669113
524539861
450494461
1062065817
978451357
944487357
449959869
952481435
960861141
535166969
1028234233
1036227547
518363057
1048575673
952483839
1013825215
450746361
1064432569
508279543
1071248381
491240381
945551323
952883155
534755985
1022097393
466073553
415871921
1002673811
477738675
516398749
444054259
434999965
443678457
1044763545
417071005
501070577
409336819
1012659133
956028569
997842929
1030854577
985764857
969143965
1028257681
1029298175
998102969
526506973
987476891
955372283
500431825
533314521
1002559153
493729757
1019460305
424252087
517190589
432927675
961929113
486249393
1021555411
442757849
1046206461
475912917
972421881
1038204661
534492057
443530161
440652503
947773365
440925143
482990073
409965465
501987315
457962453
469103283
956035775
499497939
970711039
443528913
440638359
1031508723
987076311
1013825233
502526609
1037546137
459251451
955514611
484677563
1071223511
511416061
1073339121
1062837151
1011331997
425459605
997193653
1045427155
971242425
518649845
409728945
501978109
534642591
476822423
1039135487
519952021
432773023
534099703
1038071709
451256221
1004245939
954203131
408288211
492952499
533314517
477477631
1053660893
533173141
1062598289
426360831
1005305557
509842335
1010938613
1020523161
961396701
1020769275
425704337
502898423
1022350269
424386483
408525469
944496305
536449693
1062191001
469628915
434100885
444322525
417202065
524931829
1014863569
485217277
526900957
979096471
1020641275
1063886577
1038867103
1036385171
961802897
441958137
1064541905
475652087
516928471
970842075
443660181
995080889
988667799
510121945
1044750011
1065072531
449565659
510112767
493344405
486013617
946716563
416922361
535945169
1022221049
998110873
1005582239
1014086395
945799065
945674975
536075259
1036907229
1020384947
534222513
1014611641
971757469
517602263
491764733
426505915
997309139
418632659
947387327
459527865
1010956179
460575737
511417297
1011343095
533959611
963894175
962564761
1021957783
955244531
947256989
944092153
407747281
978318303
1029960347
426112721
1073214099
467386265
1013970579
985782161
525572055
526488471
476953567
494788595
1019975647
424935167
1073476543
509736895
502780599
519943129
467516305
1005844209
1056043997
476698333
409976499
469627869
508942009
969268979
518912945
452055737
1053155283
525186769
441826293
1054859193
501855167
1073075191
525196185
519942867
407879633
441825945
434608883
980278231
449950397
525843103
419165845
1003337727
1014996633
483393427
946330295
1019844241
458218167
955225751
444446653
1064433649
978975447
492674961
1039520731
533698227
1056964509
1064942303
1031396305
408813207
997572599
527562481
507895539
526907327
973062099
484293375
516395677
417461907
1028511647
1070306265
970046399
444178139
1006354109
1037039287
1047655155
418615963
994950101
1045673693
1063375807
1031118833
1031378679
425058205
408934353
434895805
978948851
986709689
995219381
1046470613
977788605
1063500507
1006082811
435417747
410489555
1054316533
499365873
533962483
491360927
964556465
442365877
977646577
468041373
477746867
964287189
1073601201
417595381
477229821
503037937
442744475
987470513
955642513
1021310685
516423417
432930491
426753717
484940755
1064810207
450862745
1063097309
528062107
1005695635
442888891
449159167
945412849
1071487899
1070052023
406967963
947778487
536067795
467662749
970323931
952497843
427794161
1021312657
485070775
980785879
410097651
450859999
1012257527
1003992793
971749311
511023769
416790169
508425137
518517465
1012659897
425048765
1038466713
518896309
526228145
502240957
952349653
1005559729
1069781685
433314717
424402909
952341499
409205401
457282237
434484891
961650355
501350135
1022882781
1023131641
491623327
418774013
509080219
427794137
442603513
449025689
418879377
443136761
449559451
988673975
491911163
1056152223
419428027
1070055357
509997759
1054728125
987601621
947650481
944231319
963247839
407617233
1021033139
1023006461
1056571127
989829781
518249465
427155411
944110231
978186897
468442015
467246005
476566227
518519775
443938453
508426201
985904095
1013947353
536843999
1046729727
1062854297
449707679
476436447
502766229
970954673
1036230331
995613629
953941973
425040791
1039899639
1031001779
458087089
1073600185
476838581
432250873
1021573085
425309079
954048505
1002681279
1028510653
425327349
1046339519
493214707
1040168895
1021572053
418357183
476443605
450623443
1027709845
1021048533
451147735
507770549
952220411
535141273
988919771
1063500471
1046205137
971241213
500692927
460576403
1005836255
1027735185
516266685
1028232145
1038463991
980271003
434618035
1056961435
1061933977
468179967
500544413
977648373
440901619
449550291
1061409789
1011088317
1031787455
945944249
427276247
944757399
441178803
1030731741
483367825
1072674553
526251927
433045141
410122135
945543095
980541113
449951679
418640859
499233467
533962709
989839065
452318111
417726431
500932351
1056297973
476033783
944755445
536345277
418099871
947255005
450623477
449812411
1002697685
528342003
1063491229
450231263
1048302481
987083735
1013568177
1073610743
1055118009
452703953
988413691
476444407
995352223
525844147
1054331793
509598367
427815641
502526939
1003462581
536205983
434214623
477598687
1046476433
509082291
1012913853
483786649
979762911
978581457
410113685
1056177843
978843293
945289105
460569495
1030207191
415342235
945010655
468972511
511679483
952368063
1071364819
484700925
415363795
484177553
500670453
962058995
482579129
459010779
468712375
1045167039
1045141211
1022336765
1019977461
1036245727
510498555
466221041
945411059
517576443
424803223
1005830079
419411889
535024635
451533567
478019513
502905533
945672917
986184671
985766801
1031771829
1073591255
971241111
1014887391
1070455741
432791281
961527513
1020237759
409459633
426367633
997195699
953127889
457440219
1047502781
475127537
944633855
443545531
998096541
985774079
994680505
1028783805
945264573
978960083
1030863835
1011340981
961797823
988927929
994948023
468178643
525202365
484031481
415735793
416389821
1071767193
511153151
416388851
1071093495
955356915
1012381367
427294361
527037331
436050871
425571257
962704019
997578715
484415481
444463835
1065205431
434634449
962327441
978950903
1011847921
517332923
1061812983
1029300121
517593017
956281755
425697203
424122043
981455829
493608665
972668667
1064942267
476298131
509342359
417593049
1045167835
465810363
1005050809
466211537
946330587
945012665
474070713
486011901
452042741
461091481
491765683
998110961
452711323
988911541
452721365
1061920729
433707765
1030985457
947640245
518118335
1036105361
536845305
1012785113
459267007
516423325
1070832275
969261049
979631863
433831835
518757041
452178619
1002806205
492017593
964163515
415601567
427791357
1039242961
1003346609
494244561
997054197
460316375
1037294519
416153531
952868563
500273811
961805983
1072804857
457569213
1003067129
433716949
457415419
944608927
516946649
477216753
944633755
483512979
524794879
1030601629
500823795
500692723
1053816509
466350747
978427577
502904767
535944919
508926615
491098847
1011212283
427163315
517446359
1029035671
426365881
460698611
1064419029
961403645
432250845
459143929
416781053
518641339
1061925781
1011064469
519568055
511440637
1046205147
1005312763
458725075
1045946003
509583065
1045544635
1005174481
418355933
969120721
989069205
457431709
1031265169
459529973
971485849
525439639
476157687
427267031
517201885
476438233
964687833
484286207
477748925
527405755
491492019
977900535
508289011
1062861777
1038850813
492690073
517856179
1006221247
947239573
979497717
416789143
1022738399
979474361
526095285
527143891
1003591391
449688505
1013421721
483261085
457429941
971372241
954332087
947624915
1020656563
1023147953
477100787
484307671
410890965
536721043
526229439
996783093
524400369
469751771
1003616159
442604283
467383031
442350289
435663579
989049501
952613597
1006629527
501470905
451795637
954709657
1022080991
989174523
475519931
1054867391
452828057
988929937
1048556445
1064433591
416527315
1070447251
458988465
519166653
526488313
516002489
474206875
1072037525
451408567
418764533
467140287
492026843
1054055317
977664915
526635771
528457715
953810911
533176061
477624275
406976439
427270099
962714517
417725439
533045245
424909465
409188091
408534741
1011334865
970192601
955635643
442488819
452713147
964268989
501454489
1037810427
499634933
1036508127
1069782969
432133077
962575347
484285433
451261087
466858719
482851583
407099135
485332727
500675513
501201819
511701685
418116281
449959833
1005820631
491885553
527692475
534100927
970962645
533844627
1028249237
426750937
494115731
1019599773
425440219
427291319
986560191
1044633331
1031798459
1020769267
485085905
469622673
964288179
1036359643
1070848721
492278453
535550971
1047895037
407755711
502374331
1061550833
969144221
1036107743
425041591
407894679
519420853
477625297
1054208667
989050613
1029422745
996381691
436198387
534107801
1047114419
1029939153
406969233
1012765401
980128437
475370227
996774879
452311007
491647997
1006484379
484299739
501331929
1046860755
476962743
1072403417
1048158173
1070962577
510507701
526758643
978575345
1056701437
465810167
485340893
980809663
527670971
516553375
449967031
969775859
980148177
1046984445
997571289
1054995345
970169311
1037557463
461084309
416659195
486265787
519043775
1044615901
468581373
962187965
501215991
483367837
508670687
1047646969
953015193
1003879423
476697331
502266839
490970039
458471381
435409913
1072291793
943846365
415340247
1072018399
466991827
435810999
969785303
482464755
1070307007
995744501
988912569
432660473
433716977
511426201
961541113
987092637
1062990749
1019453341
426245853
427291569
1046188791
944234199
980278167
980793041
452173751
418886615
1037933499
989592499
500561649
1020107705
1062311925
432379839
535157491
1029421045
460977055
986829501
510386165
494272155
978318335
1011996345
1030200051
998216435
1012776913
460715005
528080859
1021311733
518242207
988394395
491640539
509999799
1013289621
534380543
451662591
452039323
1046478495
434093751
944741051
962846395
972265369
1030985631
964157181
459931291
435534741
1056161785
433452791
510236575
425957333
407886549
1072676787
1069791927
519806651
469475025
525196979
466335645
492411803
534616979
526243579
435264157
482729945
1021679579
947361683
1053677567
997564153
509206203
1039250423
960863227
516003571
1071101887
1053145043
508155795
442089213
970314655
433691539
1023007383
458596273
1029167057
997955483
435683249
981193681
1056177117
528216795
969266843
979761113
440524439
475774717
944217787
474592211
1038874335
996529073
493197209
996783065
469603035
486258393
408271611
535150551
466336471
1037293239
533069557
1013554075
980794331
1064555227
987740057
946469557
517600981
526106355
1038858911
1064811411
508548763
1046058685
535821245
979082169
435286719
444061685
1063648979
528465843
493597621
494008019
484155103
981327601
502267605
946074619
979096535
525196241
1005564825
1047378655
493345759
1006084061
424278709
1022214129
1036229333
1037686489
1003354869
459781879
994810813
475649689
985896851
416395923
440786871
478147541
1040184063
510394291
510121885
460690387
410236663
534771667
492164059
998103801
1073340413
474995445
426750705
520085395
476306357
440644595
449420279
418100983
1056289727
458733245
509329083
491771871
426481555
1005573105
1045561077
526619639
527947421
953794265
500152317
1021440977
1054056187
416150427
980023005
502257657
443003579
971372287
980262643
997047025
468164509
525578899
433583775
1048026775
465934001
533436157
527414233
1002682075
526891743
1064817303
469106611
433452017
526251767
484286367
1056307925
955380373
1070579711
1064802291
1030345689
1038980757
458995711
435272383
519566013
450739155
418633367
1046601367
971349721
518512309
1046075359
1046478585
501980095
442235583
1046330357
1006214079
955250385
979876759
1012653975
491626169
499766203
519943857
524932087
972003031
459136731
484441843
477876891
1073348499
491385597
944363187
1072149235
970562203
460979091
1065210623
502398705
510776049
1029553149
443268863
953930675
1028633531
1040161715
962435035
517206937
953660155
510262265
533459953
408551321
1047648923
432913299
998101653
953940957
981203935
1011850903
1054201855
1047134195
477100785
483522203
519173853
499511985
442750651
1006088851
492041911
1053151927
501201875
1020253877
1072159387
1028906899
536345271
465688287
1014619121
517340057
458865403
483382207
1038586527
970176407
1064548275
979622579
436057753
955904985
978704021
494401499
1063900053
469098461
476969885
1072414609
1014086363
1039006609
1019459257
425449151
502772381
510900887
954964947
946837149
1070314427
1027971993
962171545
528220081
1005829787
1027996383
986561207
526228475
451656637
508819135
476705781
943978199
1023399579
533967539
1027986167
483496663
518111189
533059475
962591669
961532661
979220181
1063894749
475634399
501874357
418763761
1069659065
961671893
409203455
502781589
409057275
465696501
964154271
998095831
953145237
457552893
988123899
1013309375
483627707
409329597
977909407
527808435
468710391
409319069
424932061
1073608371
1027987355
