2000
1031797555
1039760235
964262827
1065212859
1064295351
1038973731
971890539
1072519991
1030709051
964656931
996900715
971987767
963510259
964557799
996761515
972684219
1073479607
1005320999
1072685039
963476327
964550455
1005148963
1030749171
996768751
1006328695
1031502755
1031527275
998113271
1040179063
1031397223
1038998391
1072397111
1072660451
964688763
971767603
963239911
996892591
1072290743
1064008695
1065319211
1031503799
1039097843
963345395
997153651
1064263475
1038703539
1039883107
998079415
1005453223
1030447035
997161831
1005149099
1006493631
964688887
997162787
971636531
1072683819
1030716339
1038875431
1065090867
1006198651
971766695
1072430071
997162803
1030486975
998103995
963214191
971725695
1038974823
964263799
1064917887
971997091
997972911
1006328767
1031527359
1040178099
996794343
1072683883
1072398251
1064263671
1065188151
1005157371
1063869235
963509183
964688879
963509167
964263787
1064000311
1065181099
1064927015
1031626555
1030454271
964288503
1039891307
1064139683
1063870455
1063870379
1030716331
1038973879
963214123
1031372647
998103911
997064619
1031494503
996899755
972644339
963632051
1073339243
1065188335
1006467967
971726711
1073470335
1030586299
1039752115
964516719
964657123
1005312995
1005157303
997842731
1072398119
1031405415
1030315943
972020523
1064262655
972913663
1065221031
972028791
1072552767
1073347495
1038704435
997030903
971890547
964688815
1072389047
1006469027
1065179947
1006500711
1065049067
964426547
1031756799
1072659255
963631907
1039753007
997195707
998072307
1030447079
1039105915
1040022335
963207103
1064172543
1006591991
972021619
963468267
964681527
963600183
963501859
963640319
998244271
1065311163
1040153383
1039096687
963369971
997195751
1064262631
1006239599
973036407
997949363
1039794083
997023595
1039891319
1072693231
997031851
1065090999
1030445923
1039792947
971595559
1040047031
996768743
1030445939
963378151
1038737379
1038737387
1039883187
1006362411
971636587
1030609715
972644143
1030585131
997194687
1072422703
1072430959
1006459751
971898799
1072652283
997154619
1005452275
1039137571
1065081699
1031798647
1006369655
1064034275
1064033075
1005313827
972806967
996793191
972684151
964287331
963205935
963502063
1072521131
1030717363
996932479
1072651071
1039925235
1006238527
1038843683
998071223
1064917943
972808187
1038736379
964681647
964656051
1005181743
973069167
1038868455
963239791
1039892411
963641151
1073569783
1005280231
1039924023
1040023527
996900851
1005550515
971988919
1064164139
1005444907
1030486951
1072528315
1031757667
996793327
1030609851
971766635
1040145403
1073347391
1031494647
973036519
998236067
1030347619
998203187
1030356987
963501027
1039883195
1072290595
963500835
1039753075
964550519
1039129463
964255727
1073471471
1072291747
1031495671
963379195
1065311035
1064132535
1063869355
1005182975
972676079
1064008507
1005312879
997841707
1063870451
1031789539
1073699647
1005542391
1006230375
971889523
964262831
1040056167
996892655
972677035
1040179199
1039891299
964557811
998234939
1073577911
1031797539
1030618931
963599287
964524987
1040186295
997162943
971602879
1064008555
1072552947
1006599083
1030356771
1073699687
1065312115
1063902079
1039752107
964681515
1031405351
963214255
1072692223
1038711791
997064611
1039751979
1040187235
1038966647
997941223
1005149095
996900735
1063903147
972644351
971766699
964648955
963206003
997163003
973045731
964524927
1064958759
1006336819
1006467879
1031667559
998112063
1073315683
971726639
1073348455
1005584355
1006206779
1072299823
1006624559
998071159
1005583295
972021743
1040146239
1006329783
971767615
1039925095
1072685055
971636715
997948283
1005574967
996932399
1063903011
971602915
964549499
971759587
1031765879
1005542395
1030445951
1072267063
972643199
1072552811
1006205747
971857711
973077427
964295595
1030316031
964656119
997982207
997186363
1065057059
997981119
1005190951
1065311019
964385783
1040145407
996794239
1072397183
963608431
1039891367
997941163
1005313979
972807979
1064270639
963379131
996924215
1030585319
997031739
972939123
997949227
1005543347
1064131507
1005583291
1064132467
972774187
1039925051
1005411199
1006631779
973069115
1038744435
1006329831
1038868391
997850987
963632111
971595623
998243131
1073471275
1073577971
1006591983
1005281259
1065319331
1039137643
996924223
1039105895
1063911407
1039891371
997161983
1031527291
963246967
963640175
998236071
971758519
963369771
996925283
1065091071
1064262591
1005182819
1065188259
971603967
973036415
1031396151
963248119
1031658303
964254563
1006492583
1065345011
1030356899
1073315839
1006501867
1040186283
1073708027
1031764835
1039794103
1030324007
1039925179
963370935
1040153451
1039104871
997161835
1065353023
1030479799
1031626743
964419567
997064675
1006493623
972020655
997055459
1073306539
972775411
1038965743
1031797735
1072299835
972816295
1005443955
972643307
1065352099
997973999
1006632819
1065221099
1005453155
1031756771
1040186339
997153699
1072398247
1006361443
1031633891
972939119
1072553787
1064041459
1030348779
1038712631
1039785895
1039760383
997841895
996932459
1030446907
997973795
971767595
1065180083
963500859
1030314943
1064139707
1030446883
964295671
1038842863
1040154431
971734835
963468275
997818171
1006238567
1031625727
1073741799
963641147
971758515
972020651
1031634739
963607543
1038875511
1065212843
1006336935
1005411115
972029807
963378087
964688743
997982119
1031789567
1038876647
1030487971
1072651251
1038867391
1006329779
972775415
971627323
1072684847
963500979
1064959987
971898787
1031667503
998235939
971987955
1039925031
996925295
971857899
963608379
997948351
1073340339
1031363443
1073438695
963370999
996801399
1006329659
996793187
1005281255
963337127
973077435
963476271
1073314671
1064165231
1005452071
1030446015
964427567
963476263
964393971
1073347387
972914611
1040056107
1072421815
1065189223
1006632759
1006231403
964394871
1039785843
964287475
1073733487
1065089959
963238699
963346407
1031405431
997187367
1005551611
1030708199
1065188207
1065212903
1031503863
1073347519
972939255
1072693055
1005158323
971734823
1038736383
1030487979
996892643
1073609699
1039104831
1038875447
1073732607
997161767
973045543
964255615
972644327
1006230371
1005444919
972939263
1005150191
964254591
1040046963
1064303591
972807091
998080295
1006231483
1064165375
971735023
1038868267
963345263
998071291
971595751
963510183
998243187
998104931
964557731
996760419
1073602495
1031666479
1006632803
964385599
997055343
1030445995
1005289399
972815359
996802471
1063870307
1006632891
1031626687
998244343
972684211
1073470439
973044651
972807023
997973811
1064173423
1064304563
1031790391
1038868327
1073479599
1065181031
1065344811
1006370679
1031634795
1039761271
1031364395
998243263
1006362607
1030708135
963468287
997187495
972808115
1065212779
1005574971
1064262439
972644215
1038842739
1064262527
1006459707
1030323043
1072267051
973070327
964525987
1040178107
1038712823
997818347
1005158327
1065312243
1030708131
963469287
1030446051
1005419455
1005281211
1030577975
1072398115
1065320299
1039916851
1072421687
1030347751
971627491
1073306483
1005157171
1031535471
1038966651
964394927
1072258863
1030742007
1072692067
1039924031
971726775
1073339259
1073314687
1064001339
1038712751
1030741807
1038999547
963633059
1073610739
1065082879
996932535
964254643
1039916963
1038736231
997818299
1031790375
997940079
1031405363
1072266031
1005288231
1006590947
1005191139
964263915
964255655
996768611
1065048891
972914531
1065181159
1006632931
1005420455
963501031
1005288247
973037347
1031372643
1065213931
963345255
963607467
1006362415
964385579
997022507
1073314739
971897855
972651391
1006632887
1064041279
1072266175
964385591
963599275
1038868475
1040178151
1072562083
1072562087
996761511
1031756735
1039793147
1006198767
1039891327
1072299811
1065213943
963500983
997023599
1064165183
997940155
1064270647
997810031
1031503727
997055279
964262847
972675899
1006492519
1005150011
1005412275
1030740783
997842727
1065058235
1005314039
1005280127
1005543219
1065090855
1065089835
971725623
964656123
998236079
972774255
1030709055
1006239607
1073307455
1065057211
964647851
1073438703
1064917931
972939047
997194739
972021671
971628387
1030445947
964647743
1064000503
1038973931
998243199
1031364583
1040187375
964419519
1072422699
1065212911
1064927215
1064008611
1064033135
1073740727
971987831
1064950719
1006198631
1065188215
972783523
1072692075
996933439
973077283
1072397307
1030586239
964254567
963215159
964427695
964647723
1030486971
964516791
1073602427
1030741815
963247915
1005575159
1005420351
1064950647
1040178031
1039892387
971996963
998211439
972643131
1039097711
1005550463
1064296371
1073348595
1038999459
997940199
997817131
1031658415
1038842675
971997107
1072298795
1040048035
1065058295
1063910323
1006469047
1064165307
1005584171
1072421863
971733999
1064271667
1005158395
1006369651
1040153379
997973859
1030348603
996769579
1073700707
1005551595
1064165223
1030609723
1005289467
972783599
1038966755
1040055207
996891495
964526071
1031659503
1072388987
971856763
1072553903
1030610855
997817191
971595643
1073709039
963215231
963510263
1006329655
1030618927
1072267175
1065343983
972946339
972815143
964647783
1039129595
1040023347
1073438711
1063910243
1073740659
1064140715
1006197755
973077303
997842867
1065353151
1064131367
1005157231
1031363503
998244331
1065311139
1005182759
1030479651
1072290791
996891575
971767803
997055271
1030618043
1072692211
1040022395
964680503
997981115
1039915835
996801379
1031789367
1072660471
1005322107
1006238635
971733795
964558699
963206131
963607347
1064263607
1005420471
1065213863
972020667
997030695
1038711611
1073733563
1065180095
1031535479
1073306495
963509055
1039891435
964517807
971987967
1038745531
972021695
1031404331
1031536555
1038712743
1030749183
1039917035
1030610935
997195767
1005191039
1065189183
1005280111
1072529267
971997159
1073576827
1064296443
1031626539
998113131
1006500735
963477487
964655999
964287335
1072562151
1031666671
998104055
972774315
963477359
998235963
1006239611
1064034295
973044655
963378163
1031626723
1005419503
997031911
972946235
1073709043
1005412331
1064165351
1006198783
1030479847
1064041323
1030717295
963607531
997195619
972815211
1072520123
971636523
1072398259
971628535
996892543
1073314595
1006631923
1005543351
1030716211
963509039
1073348599
1064132579
1073602467
972020595
1065081655
997851107
1006632951
1072298935
1005158187
1065344879
997810155
1073610551
1031404327
998236147
997023607
1005453287
1006501747
1031494519
1063902127
1030741799
1030486835
964255671
964295467
997056311
971594739
963632123
1072528379
973078323
1072266239
998112119
1005453295
971898663
1039761199
963238767
997842915
1031797743
998080511
1005148983
1065344995
1065180987
971890595
1039006563
1072298943
1006336803
964295463
998113127
1064139695
971897663
971766575
971759459
964427703
997949367
1005412339
1030445875
1073609719
1072561075
1005551603
1005189943
1073568695
1006336879
1064033083
971602795
1073306419
971734975
1039096675
1073347503
972946359
963502003
964254711
1039793059
964427623
1031634879
972676027
1005419443
997194683
972644279
1073348451
971603759
997064547
1073339299
973044523
964550579
1073307623
972939071
997982143
972807975
997972915
1006591787
1073568767
963468259
1006590967
1005420415
1073315707
1006599031
1072693119
964295487
963501055
1073569715
1031502823
971995959
972939131
963640227
963476411
1039137659
997194723
1031757743
963607419
997161779
1064041471
971865959
963215167
972939195
1006336883
1030708143
964386747
964386599
964516731
971733991
1073732415
1073707947
1030355887
963337147
964418547
1065212907
1064919011
971726651
971857771
1039752039
997850111
964288367
996892651
1072529275
1073707943
1005543355
1031764851
998203179
1005182771
971602923
1064009707
1005182891
1064034291
1040178159
972652415
1038737315
1040047983
997817335
972021751
964418363
963378107
996933631
972684195
998079287
964689847
964516799
972782515
1072398327
1006459891
1073610615
1006197675
963338223
963477419
972939115
963469111
963214127
1065351983
1031626543
1039129391
996802535
1005321019
1064139703
971602723
964393955
997982203
1039785959
964689723
1072521139
1065221999
964386679
964657011
964427687
964288291
971725735
972684131
963468203
996760431
972643303
963346231
964550447
1031494443
997850047
1030748975
1073478527
1065179943
1030324219
964418531
996932471
1005543275
1006239595
1031527331
998203239
1005181931
1064172455
1031364603
1038711679
964394919
1072529387
997154623
1006370595
1064008491
1073347511
971627387
1073315699
1030324023
963632063
1073699775
998244203
1039925243
1039916915
996802543
1006468011
963599227
1065091047
1073348387
1005289267
997808995
1031757819
1072651127
971864895
1073609639
1006623735
1064263543
1005157355
1073601331
1064304495
1072683943
971635623
996761591
1038744483
1073479667
1030478715
1030356851
997940087
1039925231
1038973807
1030716219
963377967
1073340347
1005444023
1030618087
964263803
1031798627
1005288315
971897831
1073741735
1006624611
996933627
1065353187
1073601343
963469167
1031494515
963599339
1064951611
1006468927
1005181875
1031626531
963608363
1039785851
963215219
1072692143
1006500671
964516647
1031371699
964550511
1064271787
1064033255
973037479
1038835563
1039138811
964254695
1073609587
1039761207
963502011
1065213807
1006598975
1005444067
1031494635
971996131
1064262515
1030585207
1063911355
1072553827
1031633895
1073437491
1072562035
1030479675
997809151
1064173475
1065091063
1005313851
1006467883
972029823
997842919
1006590835
1065050023
1073733555
1005419515
1063870315
1040046911
972816359
1038973887
964262883
963640299
963468151
1039760183
998211579
1031372787
1064270827
1064262463
1064132387
1063869295
1064033263
1031666555
997187447
1006198699
964680631
1039794167
1072291755
972643327
964418471
963607539
1072651171
1031495651
1073741671
1031756671
998103851
1064009507
971856743
1073732479
997809011
1005453243
1005452287
1030455155
996794339
964288443
971627391
1073445691
1039785971
1039785787
963205943
1030455091
1040146411
1065188351
1031363447
964549495
997818239
1064000495
1031633851
997195711
1064263551
997186547
1065320359
1031756727
1072290675
1031756647
972938027
998105015
1031364451
998113139
963600235
1030479655
1040146215
1073699835
1064958951
997817215
1006624679
971758371
996761599
1072430079
1039916927
1030314979
963214319
1038842679
998203235
972675943
1039007527
998243251
1065089899
997841779
1005576191
1065319403
1031404323
964296495
1030740839
1072299883
1064008687
972914555
997818167
1005576051
1064271791
1065222119
972783591
1072529315
1073733415
1038868415
1072660351
972676071
997818235
973070335
971890495
1065353199
1006492647
998072183
998079471
1031798767
1065188287
1031790499
1006198639
1030455271
1031396131
1006468087
1030324003
996891431
1065188203
1064263679
1064951675
964680615
996924259
1031372671
998113071
1030585187
997194611
1038737207
972939251
971898803
1038998323
964296675
1039129383
964526011
996768703
1031659307
1038966639
963640187
1040047083
998112175
1005575995
1006590975
972914495
997809075
1031789431
997940031
1005148967
1064008559
1064950631
998112059
1005583351
1005542179
1006469043
1005288439
1031634875
1072290815
973037371
971995947
1073340195
1065212707
1064000511
972947259
1072389947
1038842807
963476335
1040179043
1039784943
1040023483
996761595
1073741667
972914679
997022695
973069243
1065353211
1040186351
972029755
963247083
1063870435
971725691
996794211
996900775
971726839
997941091
1072422771
1065351979
1030585275
971889451
964394795
1040178995
964648759
1072431023
1038842799
1072651063
1073602411
1063878451
971602943
1040046967
1064009591
971864999
1072652215
964427683
963378987
1038973867
964262695
998202147
1006623527
971627371
1064295291
1065081707
971864995
971725819
1072528175
1064927031
1005289451
1006632743
963369899
1031756719
1005148971
1040047027
973036475
998079267
972021547
1038842659
1073340287
1073609575
1065352999
1065082747
1031790503
996891447
1030315007
1040153403
1040153523
1039924215
998072231
1030610807
1005288359
998202291
972651371
964655995
1072299839
1006198779
1065081639
963247927
1064296239
972685155
963509051
1039753215
1063911295
998234923
1065319359
1063869291
1030610919
1006459699
963502067
1073609595
1064303535
1005420395
971627311
1039884283
1073577787
1064165371
997948223
1039883063
1073577767
996794223
1064918899
1031528315
997161971
1006337979
971759547
997023671
1006205795
971594543
973078447
971866083
1065181095
1040055075
1005281063
971758583
1038744547
1073576947
1005583203
1006591803
1038745591
1038842855
971733927
1039915891
997031923
1073569767
1005157351
1006460727
963600319
1040145395
1030348591
997055419
1006369643
1006336875
1072422715
972652479
997809147
971603887
998244135
1073708987
972028771
1039915939
1038973939
1073446771
1005543231
971865023
1039761343
1038737263
1065082687
1031397367
963510135
1064008503
1006369783
1031634811
964525999
1039916027
972807983
1072258999
997022631
1006369719
1040048103
1073478639
1064139647
971997163
1065312055
1064132451
1030315823
1072266231
972020531
1038744359
1072389991
1063910207
964263859
998244351
1065179955
1065058091
1040178983
963379051
1006370727
996933567
964656059
996924267
1064033143
1005313915
1005411195
1064918907
1005281143
964517871
1072389091
972807079
963247971
1073314795
1065222011
1005542183
1005550575
1031625699
971595647
1039760319
1031658279
998235967
1064131427
971595687
1039915899
964287287
998244199
971987827
997056379
1005288355
1064950587
972774247
1005149055
964549503
1072684975
1073569763
972651327
1072398127
972906343
1065188211
971865907
997810167
1006493547
1006631723
1064271795
1072652079
1005551551
1031757631
1039792935
1030323059
1039007727
963631991
997022563
1006197671
972652543
971890551
1072660403
964385763
1039097707
964517863
964558759
997818367
1065212791
997063587
997162851
972684091
1006198635
1030324195
1039892407
1031634859
1072552955
971898855
1072259043
998113187
1039752191
1038999531
1064296243
1073339183
1030578083
963509099
1073437487
1065181175
997056319
1005157299
1073740595
1030585267
1040055203
1031797611
1039129591
1006369791
996933543
1030708219
964558755
998235123
963476463
963215223
1072552867
1005150051
1005584175
1065312255
997162875
1038834603
964647919
963379175
971856699
1005419363
1030478831
998112171
1065213939
1064950767
1064000303
963239859
1073446891
997809015
1031535547
964647923
1006459703
971602799
1073479471
1040146431
1073741683
1064262639
1005444963
1065212839
972906279
998105023
964680675
971628407
1040056115
963510127
998235047
1039097847
963607487
964254707
997809063
1031658275
971595699
963248051
1006369591
964255527
1064164159
1065212855
1030324011
973070143
964647931
997842739
1005157307
1005288383
1064263675
1063911415
1005419431
1006493567
1006501739
1065081835
1005542263
998079283
1072552887
972782435
1005420515
1064296311
996794159
1065081719
1064959927
1031666675
1072660399
971857703
1031527411
997809143
1063870443
1065180159
972947383
996768759
1064304499
1038876475
1072528243
996892451
1039915823
971856703
997056491
1031633831
998202283
1072520047
997153771
1005543343
1031372735
1064304631
1063902003
1065049019
1072693183
1005583155
1031797623
1073733615
1072560995
1030619007
972651503
1073602359
1073602547
972029887
997030835
1030609719
997056367
971987899
964288355
1073339235
1006337955
964386623
964287487
1073610531
1030749095
997850103
1065353083
1030479851
1072258875
963337199
1040153511
1073576815
971889635
1063877611
1065189291
1005158399
1064001519
1038876467
997841723
1038712819
1040179067
1039794019
963214115
998105079
1040055147
963501879
1006501819
1065353143
963248127
972815343
1006337967
971602727
996794363
1073576867
1031363563
1005281151
964655931
996932591
1064270631
964263779
1073339175
971734895
997064571
1030454243
997818279
1030618047
963239739
997842787
1064304619
972906495
972782575
1038966719
963338023
963214327
972815351
972808191
1039924027
964524911
1072692003
1039785827
1038737327
1065049023
1065312099
996760563
1006631871
972905319
1065353075
1040187195
1073445823
1063902195
1006624635
1064041335
1030347555
1040154559
1073348607
1063870375
1064918963
963641323
996924395
971995963
1073470247
964648747
998210347
997949311
1031536447
971856815
1073306531
971627367
1065082751
971866019
1065312251
972914667
971603883
997063651
973069175
964680683
1065090023
1063877491
1031363507
964255659
972946211
1064304571
963509047
972783551
997023727
1039761319
964688747
997030719
1005321059
1030356903
998234991
1031397295
964255587
1039760295
1065221039
1006493551
1038998447
972947447
997941027
1005575099
1006239539
1031495483
1006631843
963607395
972905387
1073307627
1065048939
972808111
1065181111
1006623531
971635711
1072266103
996892539
1063870247
972028919
964427691
1064131379
1031536491
964657019
998071163
963500975
1031659447
1073306555
1031363427
1065057127
1030609771
1040178039
1039794043
1073340387
963640247
963370943
998210551
1064303587
996768639
1005583335
1073609703
963608483
963468215
963468159
1072259047
963608423
997981043
1064033195
1006590895
1064262647
971627303
1038711795
1073569727
964295611
1040047923
996769647
1073471295
1030716415
1072660463
1039925107
1065058103
972914599
996769779
1006600059
1064140651
