2000
769653487
367982211
557667075
761738855
189086447
894227075
995090099
118807227
430805719
355368571
995367639
998093351
964031135
125104791
755856995
789033959
968128175
728029087
188717035
656159639
1066892183
353892091
402551751
166043263
1027432295
289191907
185597555
433912363
362659707
523146155
1024266943
556162975
435650455
971456251
289716879
221732823
591305423
163404563
292819835
861280059
562378631
323787519
967237307
491101807
96754551
456503979
996973423
568636079
624762771
469046023
891196411
220607371
729249283
294633099
765958763
131546067
293477035
494305027
488561219
691386279
191757879
195991483
524074727
490501695
666161991
224818899
229457575
656767735
53245639
800863051
157775367
665697799
930922495
871276075
233272163
232240815
893361035
93598483
33004111
633811631
461165387
1024384823
960975775
535696939
97268691
329702231
531961515
970437227
899595235
95835879
1072512563
960306843
726056499
836696791
458216967
462688899
261370491
464977895
699249583
23533131
331723539
490140283
260921147
527785699
227366679
295154255
19234763
560339559
939397659
392092187
866457091
520951659
569693099
926842595
990680003
564649591
1061452659
830348959
666671067
161282823
429250123
499973763
422911607
128758759
258367299
658814667
865533587
92224415
802510807
196591267
27555723
901529211
689738555
57628311
925276895
228005767
956568383
133657099
160404175
904806223
22303363
1066914559
195327731
792713051
198096763
598062963
759144179
195008403
193444463
486891291
426677215
901527255
362774183
388461115
392444719
790519799
668809103
331816839
466597711
256786411
925291127
390050503
532594671
254181011
1005893447
355982975
399793959
567099091
24034243
324343347
295697339
563420935
1069421419
62879431
157794143
285537927
22009751
533517307
793179775
120887923
569890503
52387459
455932555
435581475
389821139
994472655
657978143
84384263
157618707
190602151
226342443
656266835
905851527
860280423
119929727
1057348471
266296255
198128231
294075275
525128515
492789743
365933515
324964883
226974415
960837355
727537603
1039121027
827757311
996105835
91193215
321861539
589805471
621680387
769399299
19292059
621805327
364762003
536289067
331781707
559685295
20192959
765745843
289856415
394540551
1006622539
528244647
595858343
464820035
487022291
597103339
33504023
190193631
760714207
663163431
923145007
522485695
968359623
688855791
799519323
435665863
400880579
86843331
859648563
732928527
291797891
495285799
588198851
165540699
799514583
792998523
490716987
19912507
425000515
89985959
1073504183
891034263
225350623
292846495
663540631
628087475
857576059
1002869331
198081303
125672095
467009387
296081111
153968179
57097743
866949871
621745899
458021547
966046271
594394839
897990471
704552479
666703367
353205835
225394431
129823635
1070905963
486873919
363158459
931978811
704452295
630143663
1070021167
1065341571
526816875
601839419
1064737295
595530387
454898583
298734231
90018631
157694923
890683155
265599723
758453931
53253955
868088551
167532263
501518911
365941263
933683055
929380051
1031222223
220085935
755465739
797294375
758543939
56999535
895440879
355767271
868064167
838138623
826227543
698184279
892141519
224910079
593297179
461684303
529953627
223763251
63813491
766440423
657341431
935181195
590246439
771046339
362682927
1071642115
428209151
267154015
792614707
430838719
133471191
160332523
1039932279
454916639
229972551
32906039
321191695
386913803
793564159
621761223
1057960899
66975259
434623383
495818403
88478439
1037007591
528463535
259374851
296516207
424941075
257694211
125172555
85840755
765942615
822926931
229046151
770022035
668457707
193796035
287832807
997695371
736385867
66516699
870650827
621623131
419937151
86358983
192393859
431955903
156621327
290223771
823449595
130847567
793212619
1026839099
262484495
426588675
488470319
117756683
389971967
731705955
55472959
763155991
926692135
99914399
688684027
423370703
694465151
903314375
422412243
556594015
627884011
535081883
354392835
1039113215
490117003
862354255
733958823
670325607
332812959
1063254763
59101931
761648759
559348423
164427431
191821615
188038839
925235871
536826651
488445659
822893291
232610807
156146515
63411763
164601503
419837703
725007927
893663755
1035884327
593795611
930976331
97450515
1029544711
822525943
868151867
392673875
354357767
1006501695
298218419
632037307
323302179
835549039
825226895
698152923
788805427
64968351
167039823
900567591
698145655
1025880667
500486779
969744251
824703631
959363851
252605955
297057975
51131343
19323851
152001411
424958511
126246611
333191075
90013651
556233479
291460831
221566843
695015255
296115927
232079015
430300827
363688811
532544319
333365115
523721411
353196895
700210823
556577691
200553139
658390883
567548855
459659963
1061026343
602380811
1059979119
66875915
630078375
397751851
232691683
18282323
1072504703
493237207
557842183
625235903
690338403
671006547
763149291
434575975
690847235
791100063
923123635
234813327
96254851
456440727
353329119
995024839
195515155
258250667
259494875
596390751
223237931
1066720927
967114447
286071535
858732199
534518427
196063807
757946299
1028560735
360979151
992231191
63249131
758518507
903338927
530903571
487543443
503151511
699351007
423492147
590257963
701456175
964596291
958880403
664656787
1057406739
1027971731
118952555
330127899
1028038635
524246867
268178291
893343263
90577627
858600983
534233015
119840655
461681207
966048563
129455771
453941127
830896019
232603387
57661263
868654683
592903163
801961703
435493843
128816691
428751419
689216503
667752079
600806191
188159743
51286907
66999859
155038419
397325859
528324403
391525367
698242759
27023955
17150607
1071062931
837588831
234699471
663573019
763122275
900641703
992893735
430854811
826800739
535646739
702348215
1032133563
531390131
996620043
124075739
334255659
524049119
972839883
420797203
184900359
66983671
1001265103
793155347
322336747
121511523
457489051
431445687
319618619
688388087
663048935
763238079
802428603
869760919
993522287
733944475
29791867
459216891
125801423
527783487
118348531
156153671
904771563
534115247
365788151
770609891
902287911
129432131
932550275
165608979
898528247
134141555
163362703
301307767
289339987
520895439
788905859
1031788543
994475619
365746163
591821415
902656583
998004607
533050319
253129279
67018539
1068471231
658944727
732215855
429873087
724884427
968285059
903131795
94664443
931929999
567277531
693000031
724038639
636768883
1071116971
600692243
456497079
30847607
1027022839
127799907
464453563
524565463
970964659
131035915
332306947
387200807
84262647
18325327
234795939
898441191
231609179
823998159
232733331
422935431
834638455
398285407
530338399
793064011
63422259
1058435999
117855831
835477195
400365551
397391735
465548131
597516211
622123991
152523363
286785219
553973415
28646127
420229695
394744363
536852327
831437695
151452475
904765127
559274555
627022691
461125147
659536823
1060518647
257390223
1062715155
229438327
659536871
1065229287
124704431
624850843
326480799
25982471
234681987
561263379
193779283
895234871
997653307
837653187
259363363
62365611
1028045499
722968407
392491831
993416747
536303463
397276975
222722035
822459963
456596323
1001226179
500603523
667795455
87383779
320863807
89978783
459243187
363098667
700268443
665769843
88355703
771636067
434445003
423542723
491012043
1035927083
489119299
690886631
795645783
59650767
702946243
665320247
564032043
932468383
822606431
393040699
1065129691
354410219
20275147
1057840723
252157471
790074119
838631379
230497051
1039119359
936319551
591214223
426243859
558134259
768406067
54951923
291454711
400341623
165524167
798785483
597162623
733920927
187580383
193388091
731845419
1025932043
426054275
825622207
633271083
156521463
891181795
632585191
194854639
1025930047
723931943
66477635
64412355
335509155
868048427
870750107
565042959
453907979
360559255
561370659
561504247
659839675
631618459
502700823
837097339
368476083
1001240395
219443843
419879887
459788923
499496803
964048815
861224615
998120179
1024366495
964435499
490511059
693998203
291386339
860864063
535582615
63438487
971896371
592797259
355958327
95212047
157693607
801487771
732822323
737501103
1027479327
90625975
1067408995
829183827
1072509755
132609547
389829199
1000846999
359011223
455004919
563044155
457989643
91527131
326382435
1001256591
523213551
965672719
117953403
222573139
1065336739
959838783
265581539
118233943
165608071
631756547
925808387
224147331
938318571
233222923
665687775
926242667
392542063
502128271
229407567
937947903
863942247
334249611
555569995
162918915
58144267
761552603
495932239
533075463
494771719
801577691
25539271
165500879
291371539
153515699
266712995
596426483
299660175
858149443
956609087
737574907
734452367
521475595
503256791
957666255
191173575
432313911
365697015
95237091
155507587
421802899
501602027
97286883
61816511
903192311
95826607
330716995
218518383
429372043
765319983
419717115
499923571
354237355
597522315
625344035
764198611
939349563
698094495
963515967
292838103
536238899
834985839
456588975
825128951
632561615
860675751
121102035
901576619
689748491
267768387
926710767
722247487
466049615
590852991
699170675
422461247
285589179
802444987
25057067
21492735
900046507
867669747
828650339
98039511
901135087
390938471
1063164911
897331767
633651187
590804835
193829887
894816891
226891287
191635091
730822551
1001765851
234321615
903224895
723876395
804691723
430735079
1037385667
293435311
224367363
723318351
623229695
1061549815
738138055
256827007
897515039
499569231
257692543
294649695
532593467
224739107
428726831
496270147
288792367
187660131
636869239
631159611
665295775
455958487
699759199
890092523
1071103975
657929043
523222619
353679967
858742651
654743255
658929439
329765811
253639491
424517251
959796043
498997119
666860331
223690379
667400823
466066235
27728815
199121735
291312639
229023631
1026318071
189085499
193221519
300211143
937792347
825611899
856104543
702337999
727120435
389857215
565638943
532673535
120500979
925253571
88604235
193435555
936836711
698865655
229462811
1033239119
834017811
532599375
969891459
132503415
430413631
838270495
862263151
329185947
925113955
354318979
98982731
24457875
468623123
894883751
227382887
19226351
625349355
769546927
290419303
663508911
321270439
866917335
565056235
863351471
868556647
564525743
230569655
62880355
658330179
31855199
502266575
730781463
468615023
252149311
331346719
224776723
156696087
332210155
132505483
464400999
755774183
60080111
1062024167
495328011
497324839
860164655
357980931
229036591
595006395
163845803
1034739603
252130083
1006507659
601626591
794581599
196458183
120445643
700256879
127718915
636861007
300210983
523695827
252606015
632666811
625341991
459191083
655842203
563445539
436075203
257169959
736893739
125304351
869768923
90092451
1066155759
496334735
499105335
459718299
727085931
890689099
520369867
835567207
1065801643
432902975
128333611
901773075
99499883
233224779
333714967
88874643
460781535
736434127
656381807
469554983
360086239
935599967
864818951
433927747
127179571
1061525007
794721207
468991759
257236735
61321779
625270715
593428299
330634147
567565071
395075475
397794831
228046347
496824839
957133515
958708511
559840183
463959567
1027874667
361045699
19272575
925217415
623655935
663658271
333274839
531043123
428110407
285636403
866089559
26620619
633240359
191143923
423432751
599661555
391479239
163451887
290455335
631601883
153451359
957102595
637279011
935105455
688872263
201127443
331136619
256261947
895393579
233747227
898546555
990296931
970970935
157055843
905715539
701308467
827798415
1004805079
702845463
434593571
969178979
856963815
392442543
87333695
935080659
733223787
939490843
363249591
570383091
932076275
688388891
297738063
939307971
734313343
190272199
660395575
224221883
55489423
622140255
400439091
761790019
287168295
323401719
1058289607
297180935
903231339
1005508183
356505527
1069349423
565100335
433345107
827176827
533713763
523549659
726104855
756527815
902578127
456031999
661126771
387391091
464871423
597556855
870161327
563934859
99990283
462258075
735025707
760160099
24417163
163897291
728087079
902159203
1035416167
869660295
722877263
24015527
162517831
1057889275
100480855
896925275
524270211
198155815
161995495
51156643
430374811
260848151
119951875
1064082427
894951227
457169415
656867147
568180307
559332151
158668359
263164803
655301559
598104931
330095463
26097527
319798863
558299003
693941055
261070839
892238479
390559387
25482939
100054999
192254771
324302571
1006550691
833574867
17661715
726605319
895915655
763695967
151500595
51822451
353228655
352720755
524712547
657824459
357021267
93092523
558710739
1066671851
64379447
456556243
195303303
90462827
287281691
229031715
433517315
54482479
420477943
588150667
330782719
569144235
557832091
670889751
327464743
532140611
970338855
495285159
665188031
187634547
767406615
22410235
1029618463
727030279
51837643
393146915
758397887
191815571
830929739
856117887
328620631
927825771
469081799
837718639
870773279
1002788447
265171879
294990583
722911027
659338227
66427715
432478119
129497875
1024212783
970421915
732282447
254590667
664564479
1073561259
263142923
331764619
557285339
694630991
935280427
728111095
1026333307
968843039
664220607
565991183
155456259
771658455
422515323
670372551
566107083
768907215
1065801603
356407259
558634867
398981683
689362795
153368151
463467443
368374503
320805715
394081255
760617867
660560679
1066195459
218436351
901741287
97866707
665190115
462199427
833049187
227302027
50762487
465010411
30211699
153023119
664204251
1006523167
430931535
356872923
95894467
903206639
99383199
425031643
596483619
17243715
758094539
933033667
90618395
158678967
800559903
187560659
791617147
659847811
330825619
599062343
923784067
219971335
19176103
761723519
287300523
935137967
525317875
199717803
26122787
900103983
701912583
805295907
1031632743
365229011
427810695
590321395
865932259
333316007
198154023
291256111
1070519151
597996163
426112619
732290699
625415095
326513415
730150475
290320919
691354603
1032707979
365411051
634149791
164475575
1039113771
186454939
899003991
130873255
188178095
57015859
931077107
699169747
727039595
62307927
521583107
299711483
389529571
258275007
201301623
294532751
92749723
771734275
495874651
368857751
221583083
429866683
1006540631
262599667
1030084487
664738407
164008623
797865659
903738227
827619299
969678419
130946931
632256287
460256771
61709167
871764563
832459443
871890755
524145427
301816791
964524887
969318019
97449839
632568387
1027874747
730618783
390936071
393507623
524189451
658994963
923555359
90447427
458594215
890642163
400457275
564624911
1027928867
969773671
253172711
1026986907
595040095
390394879
699881003
184923951
972878543
991261307
836563771
1065776883
253187871
793565135
199037567
833937275
536247895
598569851
657432379
468129295
960287671
958766907
603388431
200719307
665670491
936663751
595891843
937360999
334246851
90174015
629601871
934615931
360151927
397843359
1061467831
597586731
838825719
89420623
561478563
557707967
1070593803
1027407363
122049099
763854539
721788547
892837483
392442651
1002370619
65953351
1026824951
131897175
999078623
836198147
938382207
999208891
600768231
623901359
938917415
993893075
724369355
487530187
725431239
163444571
902216327
535141159
1025440323
959420935
958691987
51171911
335353427
758111767
900700707
289823615
866605767
461723375
793752163
255212403
357341895
154631115
332897151
354769863
98907831
426006131
230677475
33470403
466590667
693901147
804190047
223802071
667742843
26558147
721705475
789975695
354377695
869626719
30316175
938409655
29105727
666746511
1072971323
796285599
26064543
151460611
297220919
227406779
422867783
361577435
220590819
17129447
759469795
667751015
998693571
65804007
163323507
185499435
436016107
831389639
156169091
595401727
387880683
1064205087
661921699
166198099
423508903
97932955
453254687
755292683
803520439
967733871
398892007
1002429287
593893063
221101787
804560623
60282691
325949059
762591195
1069437699
738024447
61693667
65442487
934270499
623861431
993360855
737656747
30898103
794612731
654760735
771068903
1036844663
734502603
657896175
866106315
391937883
760566635
823525003
558715499
20256451
458019751
1000649691
356472519
557604807
857569959
333209591
698872627
290266979
399269691
563385103
23967415
764385927
185014227
662082287
697163587
898013155
154662799
804606703
462172859
125605435
466968279
965081947
321712931
266129935
288636851
865491671
223335091
57613215
894342671
734460663
20946547
21287767
530997135
925817755
1005008391
555728827
465377863
892097043
1033895915
966054727
903764843
87824191
157791203
801546015
797776507
352738223
536688267
966082451
721916831
455901107
355284811
460248779
837694339
528235519
628471383
162322007
55917263
25673563
696171387
1035739111
51345271
621269535
420919163
398774879
526137147
965107355
497390343
263659267
658903707
292917983
397293171
862797683
91543179
1073672979
259342191
332381815
387890035
86840875
398318383
1003811415
466417515
262656819
66523803
1067802519
124016407
387888039
30298963
154072711
132019875
562404979
167565851
131004935
152321023
960494407
21427931
159718175
266320819
802077499
253187615
968850347
588207803
697587599
53960427
621785831
997170059
1024340647
503206443
825121347
97817235
1033868031
822924943
158233555
635926111
930928259
494368515
824465171
234257115
156688351
792041291
804722195
831297287
391059263
1065300979
354399979
89027531
21479311
233100215
186430279
889700211
694129579
398909287
689427431
55416403
1060542999
736377779
789420971
905796367
262667211
187449247
294572723
670013107
326459095
528389859
1027503955
291773023
1066229327
120569475
1057870831
253057887
657962915
1003934531
738189059
603225687
602782587
1072100063
890729359
630576851
963547819
556784431
469210707
255654603
196932299
359928339
527883223
436146887
123548251
27653639
54500871
795770515
195828331
191141551
301399571
995540691
590846699
923604751
891795147
230629131
188078743
1035968459
54956819
301924247
220045215
192732127
259301171
902151835
998710807
125239099
1058994759
295162515
230102639
960795603
960280391
321830543
228580095
932623247
730152759
200751075
193871543
164549307
636812019
770176655
995604327
591254211
521002879
129268255
771202911
398752619
689437671
267681539
197620515
969816891
663124835
335509055
387956403
122606379
333223723
365854399
856576883
436207599
837227347
18816791
534633011
595391183
523532059
465517279
357539699
562470515
155153323
299204419
257374759
1058373627
827118307
460804747
363690983
533076943
600235755
656381611
757945319
726110843
199180175
61281179
160297715
666123179
757865463
666688491
88577775
763130743
534008343
535624631
488444459
364713547
558160703
52322199
932527859
160953203
295467991
554022527
17741683
939334315
28653275
666760979
17768015
453500547
733950719
762196715
287273811
386372099
601653227
167629579
960902727
559750859
189668095
288840475
91020127
861394571
531436507
567677603
159801019
420877099
267239379
567136931
634155567
592369255
904861387
992443083
826620539
400552563
763156195
1039449603
56054339
926284719
489452359
84843447
923243071
999677883
827134871
154647303
321829635
735419971
290913079
693451707
827676383
555056983
333214599
756365875
497401715
861329319
357308007
529906203
967112227
265731831
200144739
793132031
657904407
636853091
935679687
1063181951
659979123
869062203
758494939
587587199
165499875
1033756343
489078379
998202899
267278927
298267519
1005501427
733819567
657850359
29184939
1037925091
360495663
531529523
968849339
667367979
468054631
160257911
286621543
593443831
1034304451
827775951
401448943
1058455179
64795403
466362367
531102323
598056791
523033515
196016883
794574707
461714383
734844811
435131283
57573299
1072152407
255770131
390584271
732279763
1037505151
567112435
1065227003
972872355
958298723
493756059
723377763
60094435
1063172619
495235595
727675751
803492723
658354827
925865619
97785787
320863047
731356887
891641695
