2000
903610329
566163353
771471289
769390521
798750719
966522779
968622073
568049659
735772669
635353049
1004451775
668645277
765442047
798949309
1037826013
666894265
1067171807
738197497
597604313
671004603
700430301
901513177
698005439
734003161
1039906815
905707449
867891195
767295453
568000511
637450235
700170203
968538105
635156443
899676061
1039906749
1033877435
970651643
664780735
765132697
970717113
1033811967
903542683
704364447
632993753
1073725437
603701215
1073659901
568065947
633061275
932968381
973060031
1033633791
567984127
769327007
733984699
1004517339
570097657
1006303133
966506399
666810329
939243423
1069531069
905953213
570359705
568049599
939456409
1000339417
666877949
563804159
933216251
700184509
698335167
970719135
702461915
968540057
599783355
1002110905
1037828029
731625403
968605691
1000259517
972996511
935065533
966786975
700168155
805238745
1002370975
832239577
867876863
765392797
970899357
1035911165
903870425
798685151
966703033
731576313
599783417
737851359
1039908829
1002438655
1033828347
1002094495
832550873
702461885
1067188217
599719833
867940253
1073461213
731561979
603961309
872136607
966459325
666810333
939245531
633255929
733741051
937345023
1006567391
899678201
899397631
933150685
933148605
733984731
603633627
1071316957
599506873
635090847
832241593
933214111
937080831
637450203
1067431837
1073395673
1033549755
1033551807
968603645
731824057
1067171773
798996381
970897403
668991385
802881439
832552859
838531069
1006632895
1069283227
1002438621
668991453
935262171
704313343
939259903
899415965
633075675
801109917
1035728891
601798585
765376507
1069547421
901429145
700381113
1037811645
1002436507
670742525
899610617
564068283
972734459
1040170907
1067382687
1038090203
870236059
1073741723
798734301
899594169
1073659833
603895709
937097115
771751901
668663739
1067104191
1035911069
836419487
771684249
903608285
702527451
834664445
1006354361
1033566109
800849887
1071626203
1035730943
966770623
1071298521
664795099
702527391
1004468217
901431259
968882111
870053789
633077757
933167035
700184475
939524059
767539099
800784287
798736351
767213469
970653659
664731551
872331261
972734367
731643805
637534205
932902847
838516671
1067450267
798947325
731887545
632995801
869971867
932904891
700364699
564049851
698333177
731641819
601620477
700118969
836417501
870250493
630914975
968867835
670824413
567984025
570341275
872136601
939243451
765130683
832569339
1069479867
599719835
1004451835
805306297
1035712447
905691039
771686303
968554489
765179801
801093567
838858713
767213565
834664349
733741023
968882175
836433887
832225215
700104635
798752669
899397533
769308669
870236127
597686239
570144699
1071644635
1037811613
603652027
698023869
735754235
972797951
635158425
630980537
700430271
700102655
935245723
633255897
765460411
1033830361
670826393
769390491
731905949
601815001
631226265
601620377
1006303231
905707455
1004535707
700186591
801028057
635434937
973010907
700102559
905969659
601880479
771489759
933164985
767555577
832223129
838793149
1073463263
1039925181
737916825
633255935
637270009
771407773
603979675
702265307
1000013721
769570747
1037762525
671088573
700366841
1035665341
664532957
765132797
832239613
1069531071
733659135
603717597
700448703
801044381
597407645
704313337
733984767
1039908831
838793115
865794009
568047545
869973913
1069465499
1000062879
668925951
700381149
970964987
1040168927
1000060859
937342879
803127295
1038073785
832552957
570161151
804976541
731576217
700120985
664778687
698005499
599701439
868155355
834584509
899678105
735838141
838776765
568309691
804962205
771669981
668975035
867876827
1004191673
1039857627
798670813
733935547
668710905
1073723289
970719165
735772637
970897371
737851387
736083931
865861561
765181917
1002108857
563869659
635090843
932888507
568066015
637206459
1004535775
972814333
903804825
570425245
832290747
568309661
1035909083
1000011743
968605689
838596507
670758815
698333181
731840409
973060089
903853981
1073739705
903790493
637271963
702199705
603897853
767213471
935067545
1073461183
601864191
838795261
631158747
1004208125
939194299
769587101
901756827
1069283229
872415135
870234073
1004517309
731559867
905951229
765116383
901693433
1069547423
834404287
664534975
1002158015
666548159
901756921
903610361
935327705
836747257
702529503
666630077
1006614521
1004517369
666894237
563855359
563853307
1067186175
867874745
599439323
566228953
765460475
868220927
1000257467
968816603
899678171
899594201
771669947
771487707
836681629
731906045
1002110877
867893179
899413979
899334141
597669849
836435929
1004273593
972799935
838844381
1035712473
664467359
937099197
1002092441
738113531
664518623
767211481
633255869
767293407
735772665
832223165
1073479583
935051225
599441375
733738971
670744511
968619931
1004470269
738129823
934983609
937426841
666550233
1069203353
966719417
972734427
973062107
666550201
872134589
563806207
832241663
966459353
832567295
870318043
698005501
735819775
968619963
838844345
870252477
867942299
668647359
565968825
564133785
932902879
867942301
570359773
1004470233
733921273
603979773
737851293
666826715
1004517373
968867837
800765881
1039843261
937148349
1071364027
836761599
838582171
633075643
1002436537
767492095
637253529
972816381
737933245
597360543
767295385
700364703
568244155
700446651
568262617
700102619
867958779
704577467
771735483
901707677
1069266909
832485307
935327643
899678137
635437049
733741053
901494719
872136667
637253599
1000259583
597622719
1073414045
771733403
800765887
1035925499
1035911135
603912185
563871707
567998399
868153337
1069547517
1000341401
966721435
771422105
668991483
702478299
666632189
633077727
1071628251
566149023
869973979
702281695
972994557
866121693
767295485
798668699
566147065
1040185305
832567199
1069463547
905691131
635420603
635355131
702281627
939194271
698333085
668923837
631224223
599504893
570163103
901756925
939440025
932904859
771422111
565966813
872347641
630896537
966442969
666828701
603895737
1071626143
801046457
733724607
1038022591
799014811
735756251
939196319
563853311
1002354617
635090943
668727229
1071628191
599717785
972816287
702463967
664518585
939458459
564131837
631177145
769570813
801093593
735770555
870318011
932904927
867891103
937148413
771684285
832569245
664713215
803125183
901431291
568047551
1069463455
1067448249
901756857
704624539
939456509
736034745
599783321
1071366075
1002373023
872333279
603633625
966770621
801030075
1069285309
832503705
733724635
1037744093
635420669
800847775
899348479
903591869
937359291
970979263
738131871
737853375
970635231
700102555
1069201405
972799933
968605663
1035728863
570161081
903544767
1073412025
832503801
704641019
903526329
704575421
698089369
601800665
698071039
666892283
767211519
563871741
1069481947
973078425
803143647
666564509
1004206073
1073723387
1002420185
771735515
733919197
563871709
1037811705
1038071705
603701209
570079227
630913017
901707771
1067366365
563855353
637466623
933167037
970897339
903790527
698286013
834402203
570079129
704626685
970915743
805224411
838582173
1002436543
1037760507
899334073
932970393
866056189
933150619
767293435
798668735
903790589
1069529021
937361407
702281689
700446621
736034749
973062043
801028063
805306265
599769017
568049597
631242653
765376509
937344989
1000325113
1035925437
1035663327
905705433
568328091
935067609
899334077
568311711
1069266875
597424121
838778877
1033895901
597344189
733935611
597360571
872398751
1038006175
865779711
1002110975
905707423
1033895935
939259835
767213501
939458523
637190047
932886493
869990335
631226297
968538109
668989371
1000062877
870037497
637515705
670742495
1004271577
966508539
798996377
599719903
867891133
563871645
1067188157
1067433885
899348447
1000341471
937080731
901445567
903608313
568326079
838531033
901431197
601603993
905967519
1035991033
832241561
798685179
1040105375
767279067
1004189659
834650011
570357757
698073053
834322367
702265241
966719483
868138905
566149087
834320285
767277049
733659131
668647357
767491993
836435961
1067368445
800847807
834402269
1004206075
702478301
838778815
1071644601
901693339
568049663
805287899
968800153
666892287
968556511
899594237
704561049
668645375
868218815
836698047
767293369
1040170905
968884189
731576281
668661663
563787711
937162683
635436991
838516731
801095643
1067431867
899676123
731887517
968538047
668925945
872413083
1071562719
668909465
702216121
668710909
1067104185
869988285
872153081
698349471
836483039
570423195
805042137
836679579
635420639
805224351
1035909049
733738905
599441403
771489755
664469401
870055867
1039906747
666810267
1004517343
698335229
905639867
1000323067
666894235
702283771
966719485
798996383
702265339
970915807
1002176447
903806941
736016345
564051865
668647391
868202429
868139007
765376477
597622687
1006630877
903593917
1071380445
805287833
666615769
570406813
568244189
566212505
1069266911
664467449
1006632863
901496799
765443999
804976637
603914201
1000259515
1038073849
973076479
700448697
733738941
973010939
905887679
1071560699
599769051
570343321
632993789
698087387
872413151
603717529
568311771
767295487
903528351
836499417
769374139
1040121789
805222393
805238781
630912985
937344985
635174815
1069266843
798734237
872396765
935051261
872087519
664780733
901494687
637272059
570408889
1037762555
666875901
704313277
834584475
1067366297
866105337
937408411
601880537
868202461
565966843
765376411
597604345
1000079289
933165049
668925887
836679679
1069268957
972732379
832567261
803190777
738115485
966705049
899610559
867958745
1067368349
731822075
564068351
765378527
635172859
933150713
767227869
899596285
700446715
872331163
603961305
870037469
1069266905
603897787
872136637
834666393
937162715
805238749
901494749
999995293
968884159
838580123
966440891
838795167
767227897
666564605
568246173
567981979
635109343
704378783
670824347
866039801
664469501
805287901
731838429
664731581
1000077311
834648057
700184505
905689083
933148573
905885595
868136923
870234111
805304249
736018429
1004453881
836482975
637450141
872069087
872071099
899612573
702265341
633339805
603897753
1071300603
635369407
872153051
664797115
601814971
1067450301
903854077
769638393
832288731
769654719
769376185
832223229
798750683
838580127
666828797
564066299
664469437
872396761
1073412059
601800635
771667901
832569241
570144669
737935291
836681727
564117469
1069201305
702201753
802928639
1038006265
765198239
973076413
805306333
801028059
901511101
731627513
1037744025
866056157
970899417
803141597
1037826015
836696029
566214651
1006616473
1040187359
970653661
905951197
868153247
769570719
903526331
568000477
765442045
702267289
966506495
868218879
769325055
934985663
868138909
698349563
932970425
1073741817
1033879481
832487359
1073657817
972797949
832223231
1002371005
832223227
832307099
767492061
735754139
1040170943
733656991
633010077
1069285371
664731579
666613659
932970493
1073477533
735772607
1033631741
903804889
1039925147
966522811
834650107
603715515
865845151
700381151
603701245
1073739773
800849913
901431227
1069266879
804960223
966522843
968865759
800847769
972814329
901494783
565952411
1006352379
905707421
635353023
769654747
671020991
865777659
867956639
1035648953
970717115
872331165
704313305
731643801
1002108927
872085499
702529501
702529533
597620697
1033830299
798687135
899413951
865794015
970899423
1038024607
1067433981
731625433
765198333
599521181
633077721
1067188189
565968793
599717853
704380889
903608221
698005401
700184477
899610523
866107357
702265337
564049885
1002373055
1033828345
601618397
866056125
935311325
966440923
968554461
804978685
1037811615
870316031
1004191647
805238747
832567291
865845145
1002176413
666630143
1069463485
1006551033
698023931
838582169
866123737
631177147
637269977
731559897
970964959
570408959
866058235
939261853
736081883
801109951
798734265
603715581
1071560633
836433883
565884831
671086585
704626585
970964985
973078429
866121721
937426911
702545853
1033633789
637466585
733986813
603635641
1033828253
973060063
872398779
1069219837
903790555
733937659
838844411
599439359
1069479865
1002160063
601800671
1000079353
666615803
865843129
1000257433
736083933
597688287
570341337
771686395
568311743
698071037
901758909
769570779
767295451
939456415
1071576987
737916859
1006632861
666877887
738113503
1039923167
603633659
1002157977
666810335
767473561
735770621
668727227
769589145
668909567
1037744029
899399675
1073676255
803141595
566212509
731643871
836485021
570341369
670744473
637466521
866107321
872136639
1067186171
704298969
970700697
834322399
568063965
564051963
966719449
899348415
765460383
899612633
933214109
698269663
1035646941
836485019
1040119743
702201851
631160763
901758905
872413087
972799995
973078525
905951167
966440959
970913727
905887709
633323487
698021819
872331227
966508537
731641823
635355103
702216157
838793145
704577437
834336763
765460443
968556441
834582459
901773213
668925913
637452281
599701405
1002438557
905887673
566146971
935264157
769325051
972732409
905623517
771405759
738179067
901494747
630898621
1006286809
803143615
805044159
1073723293
966443003
670810009
872151035
1069268925
769572795
939523997
702267357
731561881
635172863
1004468155
872398783
704575453
838530975
702218235
903591837
765392861
664797113
937359263
1000339385
563789785
698286015
771471293
798930941
668727195
599701435
834404285
568309723
1033566207
968556509
968538013
801044475
570144761
704626619
903608319
563869629
836419485
935002111
564115391
868138907
935245823
1073725439
966506459
832225247
735772639
970913789
901445627
767490045
631242717
1039857657
1035663357
1069217693
1071380383
733738907
968882137
771422207
905705469
631224287
1067106271
565966841
905705405
765179903
603963391
630980573
1006352347
866105245
934983647
865845247
664795103
966459385
668907455
704624575
671006687
765132731
973076409
970899389
901511065
769308667
903591833
1040121851
735821785
1035712477
1035712505
735770617
899416025
805304219
832487385
798947321
836763643
933216253
899348411
1069201403
832487323
1067169785
568326105
934985695
700432315
803141563
568063903
868220921
1067448223
800784317
836417471
566163455
738115551
966459289
901511161
630896639
765378521
733673471
733937657
972748767
1067106269
834598911
769589211
970915771
803141529
1069545469
700186527
970637241
1037760505
570359707
970651583
664729529
566214587
633255839
769392543
1033828255
698021885
671023007
633339865
700366745
836417533
698005437
664467385
765196249
1035909023
1073397755
1035714493
668661691
630912957
769374171
834598811
738197469
666894299
939521945
868204511
933150653
769392569
671070109
637468635
870236121
1069219835
637253531
664532889
865859487
704626683
798930937
1035927515
1006565341
937359257
637188025
1069545433
838795193
836435867
704296927
771405757
801028091
832487387
1033877407
1038024605
1004208061
838531005
563855257
565950399
1006303135
603650041
635174813
867942399
1067186139
905967581
570146781
664731577
834387963
836681695
935002047
1002108893
901431195
1006567357
1071626235
1037826045
901707775
868220889
935002043
767295481
666564537
939177885
1040187385
836681663
700446681
801111961
1039908861
802881533
603715549
771686335
733919135
968554399
903872409
564066265
933214143
872085471
666613693
803141593
670826459
838533021
866056091
935245817
570146745
1006305209
970964893
836501433
1000275933
704362495
838778847
1006368765
731561883
905691097
939507609
1067122681
801046527
1037760409
1004519423
803127263
805042141
865845147
570095519
1002176441
968554393
800831449
666550267
872333273
565966809
738195417
734001051
734001053
1033879515
968800223
700381119
698269661
771686329
798932991
832569305
702545851
834338745
870301657
767490011
769392607
834584575
872347583
899596187
798752697
832225213
570097597
872415199
872136603
867876825
633272253
733937599
933230523
1006368701
597606395
637532123
735772605
670826399
867876765
769327097
637190141
702461913
798947323
666566651
1067384729
700364793
872085405
631240665
633012155
769325053
1037811679
834582429
905691067
939245499
570144701
1006551035
771487641
1037744059
736018329
664453021
565901241
800833439
838860797
769638303
933214205
869971935
704559001
702265279
838776797
1073477535
769589243
798752763
735819677
870250489
601601951
932886457
1038088121
799012857
566228925
568309659
870039513
765132729
631160829
635369403
937361307
704640955
1037760447
568047513
872085435
939456479
803190687
1035648989
800847833
736100317
937361373
633272223
798736383
738115579
937342943
803190715
1033615357
968621983
1071628217
635353021
905705465
939194363
872415229
767473627
635436957
966703103
1006614461
999995327
769570713
968800253
1033879453
1039923133
564115449
570081177
968605625
1038071739
903854041
905625563
767473625
1006550971
832550847
767492091
599766937
1069481913
664729533
937099195
937148409
630980605
698335197
765181949
666566585
1002160093
601814969
1069285273
733659097
564117499
937146363
566163355
1006567355
1000062943
1067171805
771489723
939177983
568328089
1002354621
671070173
966442939
700446713
1069531135
702543775
836483035
668712861
1006548959
832239547
568262589
836679675
939196415
1004470171
1037825979
838842303
1006352313
901445631
765116415
633323423
733675487
899397531
939259897
937082879
566212575
836419515
704640985
867891165
631177215
804978655
734001147
972799897
903790557
664453113
970964991
731641855
972996539
973076445
670758845
633339839
836747197
970651645
798734331
899414011
1037809593
565952509
935247839
637190137
870053849
939243487
630980603
630978559
704624637
1071300571
905969565
933232601
702283773
597344185
769572829
932954047
1071628287
633075711
1004273567
737869725
1033617407
802865147
737853371
901429149
603717629
872152987
635174911
802947003
901773215
564117501
637532061
700119001
1035730847
731889663
1033549789
939521977
802930589
597409725
1000273819
664715227
899350459
664516537
935313407
704298941
599521275
765394911
731822073
735772635
901691321
999997375
1040187353
733921277
700170233
733935609
970979325
599523257
867893147
633321405
805240799
968556537
1035974587
832503807
865777599
1033549791
733675455
1035976607
1067368377
735838207
666550235
1069547487
633255901
798734335
632995837
939521949
1040170911
899678207
599457759
1006614431
800849917
765179805
899612571
731824095
767213529
803143583
834598905
698089435
1040168893
771686399
601554939
664729501
1006286811
834338809
804962233
800831455
765394907
1033549721
670758813
939440061
1069203391
767276985
836435963
769376189
599521241
568246235
702267321
972994523
637204409
635107291
1037744091
1071314911
666894303
836681631
798687131
666826745
633075613
1067120571
736016349
832225181
1067169753
1038024639
903542747
836417499
903856089
1000011705
1073411999
836763645
1006368697
1038024669
735770585
601800603
1035974619
903806943
1067106265
1040105467
671070171
838793183
1071366077
905967609
769310621
765196281
1071380473
597358495
798687197
1073477593
597604285
1071628189
733935515
803143641
1073461145
802930623
737916827
668991417
563855321
903608219
869973915
801111993
597424127
1067104157
903804925
566149017
637190045
1006370809
966524827
973059999
570406909
603715547
865843101
870234075
935329787
700121053
1035665401
1037809563
836681723
1069285369
899348413
1004470205
603652061
966506393
836433817
700383227
568328125
769654745
1039843231
664778651
1067368447
869988281
1040168857
899350527
664469465
932904955
868218777
968867775
666810303
765114363
970702847
802946971
733921275
802879453
801046431
767279007
872071135
932952057
870055837
933230493
867940345
1000341403
704378877
666877919
872349659
599769053
1067120639
973059997
800833531
735770527
735754207
905951225
698269659
733921243
798685119
599504827
1038073791
568063933
767276953
731643803
736032701
765378493
836763579
939522045
937099231
935264249
570097565
1006632893
832487417
670824345
570081181
570081241
767229887
798736281
838596573
734001145
899416029
798668793
731641753
1035648955
670742489
637517757
635090845
798685115
731559933
671088635
1071642585
901513215
702527385
899594207
1073725433
899596281
932951967
932902843
570341279
899397599
1069547449
899596253
1037746139
834582425
767557597
664780731
599457693
765444089
801093561
903542715
664780797
733740985
1033566169
970651613
937164765
630915001
1002354651
599457691
630962109
630896571
635352985
567982047
870318079
1073414139
664713145
866121725
631158681
1073397753
836435899
570408955
769589245
1002092477
968816601
