1000 0 23
-115 -24
-856 982
537 137
501 669
-197 -832
519 213
-635 535
-714 581
248 -176
466 -477
-862 753
737 831
-734 92
-902 716
-402 240
-309 -908
322 329
695 562
99 217
577 -199
-381 -373
823 -289
482 678
-437 672
525 983
-565 947
-732 197
748 119
72 -616
996 1
-859 879
-755 863
834 -408
413 -149
611 138
583 7
579 607
-325 917
915 924
-788 944
-443 -239
802 -451
-220 -370
-94 378
235 871
998 -332
37 75
30 -556
-523 -696
560 929
-548 510
-746 869
-719 774
-283 -420
542 -455
401 -123
-575 139
-900 658
-852 -519
-724 479
-489 789
-796 -767
485 -901
353 -770
236 -823
-260 539
-990 690
-350 -363
941 397
531 -954
434 427
-57 37
399 -197
-940 122
510 -988
-887 -754
33 536
259 225
-633 146
31 379
-559 -520
-859 643
-506 -479
210 -443
631 -810
161 292
772 -458
890 -900
-525 128
862 740
-376 -546
-78 518
-451 647
448 580
471 -480
608 -419
-114 -463
-387 -992
-263 434
598 -217
293 842
-84 440
737 110
885 235
891 451
-233 60
680 427
505 955
-450 -284
-718 148
-180 17
-909 -576
-387 -744
-710 -74
-944 442
-484 -264
-409 -223
-402 992
-508 -431
-213 391
617 496
-773 523
636 -157
-943 615
-571 770
964 240
189 628
848 -691
19 473
418 628
165 -109
236 775
-271 -93
-144 -27
209 -216
718 657
-721 -388
-535 638
-905 721
573 -908
-245 -627
-130 -896
-660 447
578 921
929 109
-447 -55
-393 -780
-426 -986
329 783
-427 -329
728 -1
-723 -588
614 -588
-32 590
-503 214
333 426
-465 -240
336 -353
99 -6
-774 125
839 -504
-252 -868
-185 380
186 841
377 543
586 33
-79 174
128 559
94 15
31 353
776 -65
-128 -70
646 888
-469 887
-511 -705
568 -293
-752 -375
-284 640
-168 310
-670 -776
-178 -246
683 -683
-187 510
-488 -532
-176 303
-632 -258
351 -551
826 -393
718 -484
765 59
-174 -846
239 669
-782 428
180 -207
-836 -866
-524 -561
-489 -793
-713 -638
292 -156
-507 -692
-820 973
-566 813
59 -75
231 792
436 695
-781 -12
367 -345
210 279
506 -28
436 824
-141 532
-942 -928
281 -921
154 957
-192 -285
-441 -535
209 449
-532 363
27 -783
-801 -880
-231 -757
-551 -76
797 -660
166 -797
-582 -32
-220 -860
921 -18
348 -387
419 -358
-662 947
699 -290
-674 170
390 -97
807 -796
444 843
877 -634
806 -634
172 245
185 -611
389 -955
516 631
161 -7
174 939
-633 846
717 728
-664 -776
539 240
-370 606
685 -539
-902 -894
598 -733
329 -749
322 -54
-330 -791
-973 -497
874 -534
858 540
-698 427
590 -366
-407 787
440 928
-861 674
-258 -513
796 777
942 -318
644 -415
-466 432
560 -147
-258 -879
397 -251
-526 -367
62 221
-390 -678
-928 40
-782 888
567 564
-987 722
755 -667
-537 46
-447 -931
225 -618
-491 -27
-738 -371
-420 -116
198 437
-735 115
326 340
929 -91
949 357
-552 -455
-251 -919
-16 260
-628 -938
288 -562
705 841
459 81
-271 -30
-837 -955
944 11
387 -722
820 -970
772 906
204 336
867 -181
-715 722
449 -630
152 690
665 564
-401 -227
-32 -420
-623 -364
-497 907
-271 406
164 943
278 893
-555 -189
948 339
-240 -523
633 656
-716 -5
123 -342
768 -369
249 317
620 -945
819 167
817 78
-164 -245
-822 -520
-711 369
-949 11
271 549
-480 -612
-828 693
-364 -260
193 761
-926 -580
351 -295
618 -521
-586 287
-841 -456
-938 383
-927 777
333 -978
-450 -403
370 62
-857 -254
693 398
-950 -481
268 -218
219 -790
802 755
-116 -614
-292 704
369 -886
-567 -443
-164 -477
-103 996
-198 -211
-502 -60
788 494
551 942
925 -303
-818 -375
-716 -4
-545 -293
-102 697
657 504
752 -462
501 223
213 670
-453 789
706 601
-184 -515
-869 968
-156 230
-67 -583
249 91
-669 115
-652 845
-771 312
-401 -664
976 -186
-379 481
579 43
942 -486
313 28
984 479
753 -23
664 -789
877 364
251 -672
-456 461
-738 186
199 -989
-93 583
831 406
408 -831
-583 776
413 -470
-430 -613
654 323
-614 901
-709 -997
78 940
333 225
-31 -763
-570 486
242 -779
465 739
-519 548
62 -945
-9 836
-729 219
-810 175
-602 -640
-858 -673
-188 306
-339 -215
722 -830
-400 -537
488 86
899 805
-989 -737
817 467
-938 595
423 -545
176 -275
-264 879
908 -181
386 274
156 -694
241 -373
-324 -36
-696 830
-407 825
-994 -826
-290 -5
-936 -284
403 -954
623 -11
-347 425
-714 580
-852 -520
-259 -824
-195 885
726 -601
990 -582
-379 692
268 -83
-746 -267
-643 -421
-814 793
-154 388
-173 379
773 -839
676 538
-815 -803
364 693
844 679
325 679
-311 -123
-269 -635
627 -496
709 -147
-251 721
-780 -713
-625 607
169 -353
421 704
474 873
-175 -681
805 58
837 -874
-799 -462
-615 -403
530 -407
980 368
861 -30
398 587
-867 25
-948 -428
565 -685
-934 -181
-177 -860
23 -883
654 140
142 -480
-497 -578
-418 455
-469 -421
-326 -868
533 832
-792 463
373 526
-149 -454
-693 466
533 -57
408 268
946 215
347 -986
582 793
946 410
555 -681
-587 569
746 -499
166 134
-543 -282
-23 -849
783 -731
-769 -503
17 168
-438 69
424 -351
-328 22
-845 971
-241 722
-726 -255
-398 -855
-755 -765
823 -598
519 481
-606 -552
-921 256
-165 -661
-811 -27
-763 -197
-415 -631
382 -946
168 -500
-117 -415
706 752
274 -590
-789 942
310 -820
-63 -31
-236 -15
-817 -67
-359 -422
295 -713
568 -871
-98 23
-397 315
626 298
402 204
591 -378
957 -680
727 -19
801 865
-871 682
305 720
-376 140
-696 -33
-847 -898
615 377
-187 -53
-326 -587
743 -769
-150 627
380 448
-781 -164
110 -604
531 -828
-416 -483
-359 505
-285 -449
-676 113
-303 -473
-500 356
-537 -227
315 743
-638 187
-674 372
-871 -360
-841 347
-354 -878
-887 -385
411 392
610 -529
118 105
-529 732
-516 -878
-887 26
-281 -326
-563 -763
-56 239
-687 210
782 941
190 -293
-728 68
-73 -644
455 304
745 395
120 772
311 -747
-138 172
121 785
129 -442
531 63
-372 -311
998 362
86 47
799 923
-932 -347
-485 289
966 339
594 -770
-663 888
-435 783
119 -799
926 -765
-336 -628
-714 335
193 753
289 986
-346 -287
834 -359
155 832
180 992
444 290
-618 735
0 -150
-593 -188
-861 -151
372 704
-306 -292
-454 638
-216 688
942 8
-925 -351
337 -303
184 764
732 416
223 963
323 848
-577 -596
712 -32
-493 945
507 526
988 -135
-489 720
663 822
474 -933
63 934
-910 -610
-657 -767
173 0
-611 288
-977 893
-653 -270
980 -603
899 628
-582 -997
757 -371
-695 147
305 -302
665 467
756 -615
831 491
-35 -198
-710 924
829 -574
2 -267
-159 285
700 59
-744 637
349 315
-995 273
632 -939
-397 -654
-893 -272
578 146
-875 -471
576 -823
983 769
320 -699
-31 646
497 -229
856 709
614 170
777 919
908 -984
-743 -827
-673 199
609 739
-364 -713
-65 951
800 -114
-357 -496
-696 -664
217 538
-765 -26
222 586
7 -656
50 381
847 -842
533 645
-123 419
-802 876
-15 331
-698 496
-576 333
348 433
156 72
-4 -235
-576 -658
-279 713
-257 605
-560 233
-912 -382
27 -929
-355 -403
160 678
-26 300
17 249
-407 -560
921 270
479 946
-123 495
879 -704
527 -567
-66 511
540 239
-964 -519
-536 145
317 -346
-406 -359
212 -18
-702 301
854 56
500 -847
-498 943
140 266
-980 595
610 443
-705 659
-243 -469
-207 -853
-613 784
349 -830
909 -23
-338 -775
597 702
-923 32
416 808
576 281
911 267
732 411
-615 468
899 713
-47 114
-222 527
230 30
-249 631
914 -321
-831 -478
557 -394
885 -945
182 29
-984 903
-578 -63
561 -779
-456 163
-184 -752
980 -254
-54 130
-945 -26
-365 -889
568 327
915 -627
758 491
-520 -549
876 285
362 -913
80 -574
-586 411
215 -479
750 -217
-442 -927
-47 -703
-809 -882
-602 -575
584 488
176 -79
555 188
803 -376
298 740
-159 -356
-526 -46
-315 362
-533 161
-534 168
573 169
906 -153
-399 -975
992 -49
-661 -281
142 821
309 859
-958 -490
-759 580
614 -448
998 -632
-563 -834
-972 904
457 -975
523 -1000
419 93
147 623
649 -995
-832 830
-804 166
-73 92
534 -965
-709 178
824 -821
689 85
-367 -665
884 590
268 322
-895 312
849 -197
-985 112
-107 -616
-523 676
762 810
-82 45
151 -500
297 -899
-250 399
123 333
-478 -26
76 -710
206 -651
785 -817
-898 -258
933 705
671 -460
580 49
779 119
113 215
195 707
423 318
579 501
467 366
480 -288
429 -38
-966 369
-95 -469
810 -789
-150 -426
295 -350
-51 -257
343 -658
-237 -358
561 -716
243 13
109 -763
-723 -962
-36 -742
-542 217
-787 508
-100 938
980 -958
-29 827
-992 240
149 232
-523 589
269 502
603 599
-129 643
605 810
644 -290
9 -717
653 -877
-982 -122
-515 -709
796 606
720 121
-709 211
-689 -216
997 394
-887 -609
-781 313
-182 -682
810 101
-321 -185
-549 -876
-496 636
-216 595
-667 875
-318 -868
48 857
-587 -661
-375 313
-556 175
-61 -689
-244 -502
401 -966
1 -996
-207 -506
763 423
-553 131
742 -575
-162 -699
546 946
257 137
531 -163
25 -765
61 -997
788 675
122 244
388 -537
-909 749
698 -718
-397 665
-198 345
800 599
535 13
271 -744
-496 -250
295 -769
635 -74
-260 399
-689 -318
753 775
-124 -60
175 95
-57 86
733 920
-489 455
-128 -831
228 809
-887 301
202 647
-990 -791
-312 -88
396 103
-555 -965
-317 -663
34 127
576 -1
-134 -610
-30 -163
488 -842
-995 305
-495 182
64 200
530 -324
-956 357
603 521
-89 -51
-754 -340
-926 -321
133 -919
988 959
565 -442
959 -556
683 451
297 -440
-101 600
3 -719
427 -717
-986 116
679 -786
-622 885
-721 -737
-439 669
269 -159
-960 -937
62 -563
-52 -152
-520 -904
-908 722
-177 -390
12 -617
-107 886
305 -209
638 -269
-816 -305
664 353
782 -970
-952 417
502 -632
666 802
-192 106
-324 595
391 -923
-778 455
-790 458
569 -951
53 -104
975 863
-160 -359
-919 502
430 996
964 315
810 -530
828 -388
-219 -262
528 596
