100 200
61 19
44 6
96 26
66 10
27 12
85 34
73 15
66 35
86 15
42 17
58 51
79 19
77 67
73 38
79 59
15 11
19 18
38 20
84 69
20 17
95 73
52 26
56 55
62 35
17 1
45 8
28 25
64 25
97 21
23 12
92 67
44 38
57 23
64 23
53 24
58 32
97 22
61 14
32 13
76 1
80 56
70 65
74 31
86 9
71 59
99 14
57 17
67 8
78 8
87 74
96 81
19 9
94 32
61 60
87 24
51 7
34 8
70 26
82 36
98 72
71 4
44 5
87 55
96 91
89 30
97 26
25 4
81 62
70 51
62 15
48 43
66 15
71 71
82 75
70 54
76 59
98 16
83 26
94 71
55 41
30 20
80 3
69 61
72 69
27 25
24 17
49 48
95 50
62 2
85 16
31 11
88 50
93 17
91 68
97 79
45 33
19 8
100 36
78 29
90 48
93 19
83 70
26 23
51 22
45 37
92 68
97 56
61 43
68 46
86 52
47 6
84 33
34 12
63 4
48 23
89 34
76 14
75 73
81 7
41 14
75 68
33 33
78 78
79 76
37 1
39 25
92 11
53 30
80 15
43 4
25 11
65 56
32 29
62 26
74 24
62 31
86 42
60 12
79 43
89 47
32 14
77 56
65 53
94 4
77 33
81 1
80 63
69 25
88 29
100 59
85 54
12 1
81 17
64 49
29 20
76 73
83 82
42 25
80 52
87 72
90 37
78 27
85 17
60 44
36 19
98 90
71 63
98 44
75 27
87 8
64 37
43 23
9 4
97 87
98 23
69 66
46 22
97 97
73 10
73 22
99 33
86 34
37 16
46 9
44 36
84 5
63 58
66 52
38 13
97 12
60 25
51 50
59 41
59 14
10 1
51 2
44 4
76 48
100 49
84 34
