100 197
64 61
95 23
73 63
53 25
82 36
38 22
91 86
85 12
96 50
98 10
83 63
72 21
47 11
66 37
15 10
68 46
85 22
98 89
31 26
76 54
50 40
78 59
79 11
75 66
34 8
100 19
80 56
55 7
90 2
38 20
100 34
86 67
90 22
21 8
32 17
93 11
67 18
76 42
29 7
59 17
24 12
80 75
99 24
29 24
92 1
71 42
28 23
97 12
93 46
67 14
97 61
31 7
65 1
49 47
80 26
87 36
45 5
26 21
99 41
13 8
13 1
36 29
90 29
32 9
60 6
100 43
46 2
70 36
97 90
40 33
99 51
84 51
89 53
83 73
34 9
80 63
78 7
66 44
87 42
75 19
87 52
93 63
57 53
92 29
83 81
60 4
13 3
77 48
91 2
33 12
67 16
16 14
46 8
92 36
93 3
87 29
84 62
85 33
60 12
73 33
99 61
54 11
52 11
88 61
70 20
65 54
63 20
38 10
42 37
100 90
99 30
79 18
92 58
61 17
95 76
58 7
87 81
40 6
91 49
74 15
12 11
72 58
57 39
49 22
58 22
51 50
89 71
56 35
88 80
39 38
79 73
55 22
95 68
79 61
14 11
73 5
53 34
37 8
77 47
30 9
39 37
95 58
96 44
94 71
53 33
84 38
88 72
59 23
81 24
69 54
44 28
41 39
71 67
53 10
84 15
55 4
57 46
52 18
48 9
85 49
59 30
76 10
89 48
75 29
90 34
43 39
81 26
92 44
78 26
76 26
86 63
94 26
96 61
73 28
92 55
29 5
96 70
85 62
59 49
85 40
62 29
72 9
31 8
82 41
92 47
73 48
99 64
5 2
83 68
82 54
67 58
68 55
88 28
24 19
100 40
100 20
57 27
