100 118
80 40
12 4
80 63
27 3
14 13
72 44
100 41
30 13
72 25
83 36
76 26
88 86
86 50
82 46
80 69
15 5
23 12
55 46
74 22
85 45
67 17
50 17
12 10
34 10
43 43
29 16
99 9
33 28
93 51
26 7
71 65
55 54
99 53
82 63
86 9
74 58
60 5
57 13
35 16
97 78
84 35
74 8
87 73
39 3
80 24
84 27
93 38
54 48
96 1
92 61
54 9
89 82
33 15
61 19
63 34
14 5
80 71
84 58
99 98
99 26
64 6
82 65
35 22
84 17
95 70
86 8
78 33
66 17
87 34
73 69
67 5
73 61
75 71
98 74
78 12
93 78
72 7
47 45
83 32
73 6
67 37
72 49
99 67
64 17
41 11
76 39
55 53
94 58
45 16
90 7
87 33
58 12
30 24
94 76
60 3
11 9
41 10
95 71
95 51
37 10
75 47
46 42
97 57
99 86
38 29
80 61
98 83
90 75
29 19
61 43
71 22
81 23
62 24
96 22
17 10
54 26
57 41
94 16
