2000 2000
1638 388
1971 1145
1226 491
1878 860
1964 1492
1230 74
1220 968
1518 1205
1897 1102
518 43
1244 827
1487 597
1349 472
1500 1209
1821 344
456 33
1773 1172
915 879
1776 610
1934 1191
1932 516
1516 478
1650 559
688 573
894 799
1055 74
1327 583
1352 181
899 475
1195 412
1328 402
1955 999
1672 153
1073 468
1920 1706
1923 312
1438 1375
1573 295
1179 563
1357 810
1573 1201
1748 726
607 87
1431 23
915 227
1251 685
1934 1605
1000 93
1303 953
1905 318
886 400
1795 180
1649 1249
1935 498
1351 1173
1555 1217
1666 43
975 787
1932 1308
1604 277
1835 67
1132 410
1336 428
1190 1190
1898 1610
1499 1224
1605 769
1292 655
1446 679
1110 674
438 337
1384 1370
1432 221
337 254
1323 379
1793 818
1713 524
1697 1397
628 540
1669 1191
1983 534
1970 1615
1714 954
835 79
1963 1506
326 220
1298 566
1938 1556
1062 344
1655 1352
103 11
973 478
768 198
1314 1245
1406 1138
1541 942
370 40
1837 26
1363 554
1850 925
1046 130
1133 760
458 438
1821 366
1691 1186
810 62
1266 240
567 372
1165 57
1412 740
323 90
1370 615
1927 1325
1155 996
1382 405
1548 9
265 71
681 591
652 195
1717 149
1682 399
746 276
1949 1928
1685 726
1470 302
486 290
1290 302
372 121
976 596
1145 152
1944 245
1683 233
709 13
873 504
1920 1471
1697 691
902 635
1901 236
1615 1276
1746 588
1528 1106
1783 906
1705 1496
1290 352
1724 1467
1941 700
1819 1527
1811 1002
1613 1144
922 615
1514 1266
1657 972
1761 1327
1392 892
1350 1207
1548 793
1586 270
962 456
877 834
1517 814
1541 377
1254 189
1892 229
1165 586
895 359
1847 574
1584 267
335 30
1940 1660
887 664
1587 583
1167 478
715 258
1077 840
1621 935
1902 642
898 106
314 28
1549 1232
1191 592
1562 366
1755 121
1651 1007
1307 179
1620 1045
1675 291
264 247
1587 938
1977 1271
1224 570
247 238
1404 1038
1620 353
1723 693
1921 245
1372 990
957 632
1637 478
1796 592
777 669
1437 747
1698 387
1551 1430
1681 1010
1623 797
1141 586
1969 1240
770 28
920 461
1293 1166
436 355
1958 1252
106 29
1478 898
1299 698
1830 32
1197 830
1534 801
1457 286
1909 533
1607 1601
1611 837
1685 575
889 602
1889 206
160 58
1285 864
1290 761
1546 1517
1998 1753
1638 318
1643 446
1642 717
729 124
1938 1734
1636 1019
1926 1650
1777 484
533 151
1773 20
920 317
1409 502
1469 425
1481 878
1582 744
1440 1355
1705 341
1781 111
1793 226
1741 1326
1419 1026
729 211
1534 277
1720 779
1927 853
1067 859
1225 148
1606 728
1379 850
1258 148
1968 347
979 80
1491 770
1828 471
1717 1330
1313 1036
612 321
1202 752
1534 102
773 665
1487 777
1428 351
693 397
1816 323
642 102
1932 821
998 869
1810 1558
1959 1056
994 722
1895 778
923 513
1824 19
555 250
1581 1124
1644 1523
1705 1026
1231 948
1813 263
1469 580
1461 1105
1630 663
933 638
1643 1463
1682 620
1611 1212
507 122
1805 1779
948 670
477 21
1964 1705
1335 934
608 183
1123 410
1532 1488
1137 959
1757 73
831 498
518 483
1033 42
75 1
528 128
1780 1574
1414 503
719 268
967 456
1930 1428
1901 1007
135 5
1053 922
1612 1396
1928 440
1198 800
1793 1324
1607 1549
1154 377
724 660
1186 818
353 65
1731 1062
1598 1177
1146 768
854 404
112 73
1941 1071
662 539
1187 759
1100 140
1186 676
1804 1410
1768 1292
1195 946
1150 165
977 816
1745 1267
1743 644
1826 1671
1039 447
1772 1317
971 527
1811 1131
1894 1040
1642 660
1161 645
1482 905
676 337
1716 452
1769 9
1304 976
1480 1014
1340 877
1847 819
1196 174
1126 452
1586 455
736 343
944 433
1387 789
1303 560
1836 1218
835 705
1694 153
1022 645
239 62
792 758
1628 1203
954 337
1748 22
1584 1236
1701 759
1484 811
1373 600
1683 657
1434 1026
1868 1840
1142 26
1907 1637
1595 1036
520 86
1034 62
1632 1108
807 681
1276 813
1291 899
1332 1
1796 205
441 55
1087 902
261 236
1031 971
1557 1290
1438 1187
739 234
865 748
1118 211
1619 708
907 486
1751 1073
1193 951
1654 1319
1019 931
1191 132
1952 558
1944 1310
1875 495
1865 332
620 33
873 46
854 336
356 177
1631 610
1260 97
1762 536
1641 892
1252 16
621 476
1773 21
1742 1702
1836 859
1550 911
1876 764
1470 201
1061 1051
1038 557
1208 384
1189 839
995 16
1901 1715
1925 419
1754 776
954 938
1778 349
876 297
1148 276
1943 1465
1217 540
1130 189
1819 1702
1404 986
1124 503
338 298
950 45
159 9
415 45
1606 81
1731 33
1087 708
1512 195
1253 564
1473 1279
261 2
1577 1571
905 237
165 73
959 88
1514 960
1317 96
1272 343
1852 255
816 366
1415 601
476 433
802 313
905 439
1618 1529
1871 587
1886 370
1768 1096
387 144
1195 1118
1924 975
1647 859
1357 454
1735 1699
711 409
984 916
1770 1599
1595 985
696 615
1551 157
1690 1141
980 428
996 613
1186 637
1824 1563
1970 490
96 5
927 193
1762 1169
1230 779
1695 175
422 291
1377 745
477 249
1942 1910
161 132
1817 1146
131 96
842 542
561 339
484 397
1607 1450
324 220
470 460
1604 942
1538 736
1755 275
862 22
1941 27
1168 134
1278 496
1979 118
1656 104
1118 310
1581 166
1487 1037
1900 716
1971 455
1814 962
1693 1322
1289 1180
1173 458
540 85
931 791
1562 1372
1436 1360
992 695
943 632
833 235
1774 121
1942 850
1301 1214
796 53
1694 1626
321 115
1461 554
625 535
1576 212
503 335
699 94
1929 133
1564 783
1583 1377
849 234
1952 9
1528 1324
1260 859
428 294
512 385
1201 478
1618 1380
1560 714
425 314
1472 216
334 260
1144 1076
1787 1139
1950 1933
1807 1047
216 214
1115 879
1490 138
1963 1637
1077 444
1661 308
1911 1770
919 259
1567 685
1196 451
1624 1503
1261 999
1485 1038
596 343
931 295
477 475
862 233
1996 299
1861 115
1148 1023
1129 598
1589 47
1700 351
244 83
2000 1243
1875 1095
1165 567
1083 986
801 253
1675 1216
1815 688
1666 246
1450 1289
1889 912
1767 1001
1764 439
1453 514
1305 1235
1494 1369
1918 1048
1580 1488
1179 758
962 821
1855 882
1732 412
1681 327
1172 767
862 379
883 605
1802 1182
683 140
635 589
1597 433
782 207
408 377
1734 1458
1926 920
1594 716
629 289
1039 179
1211 698
1292 1100
216 104
1595 1524
1796 751
719 683
727 14
795 709
1462 222
400 157
1411 87
1637 55
1932 1809
851 389
1787 1510
1852 1850
1854 114
1677 387
1721 1646
163 65
1953 131
1093 442
1479 1432
574 155
1532 165
1480 548
1062 927
1773 1466
1527 776
537 440
1964 64
1338 212
1755 1405
940 432
1978 968
1017 438
621 235
1254 299
1722 79
1184 1063
1683 927
431 320
939 61
1971 1712
1729 374
785 198
1207 1058
1482 66
1987 1340
744 598
1851 1007
1714 230
910 780
1354 656
1880 438
918 284
1766 1086
939 789
1599 1324
1048 536
1556 1144
787 244
1611 1406
1909 871
1677 1226
1594 642
890 117
1327 404
1165 695
1239 703
1794 1037
1486 481
1807 670
67 46
622 586
1396 817
1831 177
1735 432
1511 222
1967 1283
1180 731
1450 452
1308 1040
1611 231
1806 1787
866 43
1299 954
1609 22
1391 328
1727 349
578 84
1266 1034
1411 1152
437 144
634 201
238 197
1304 390
1852 1471
1210 89
932 726
1039 638
336 235
646 225
690 259
1217 715
1952 890
1422 129
1617 10
1937 95
300 92
1796 940
1360 1228
1006 651
1714 340
1442 745
1009 160
1975 620
647 587
1802 429
643 468
1813 666
891 122
1782 1230
1557 1304
1888 964
1448 191
247 233
1896 1888
1157 306
1669 1107
1766 462
1585 1106
976 578
589 66
564 65
1626 8
1462 1171
1453 864
1803 1377
1536 570
1918 1071
1184 758
1505 1150
578 196
790 684
1142 134
1813 622
600 189
1274 727
1981 688
1087 85
1885 199
1818 514
849 728
1583 975
1842 26
709 402
536 292
1594 1125
1539 649
760 250
252 93
1788 1301
787 302
1472 792
1983 988
1518 1051
988 564
1601 366
1122 796
1091 509
987 684
1988 585
872 132
886 375
1453 121
1079 1011
1792 1231
1863 953
1340 660
994 768
1671 1052
1522 1011
1971 376
1690 744
1829 782
1581 756
1985 387
1259 834
1795 1692
695 121
857 38
1597 1279
1103 162
596 593
1500 494
1463 578
1171 537
1819 24
1360 137
1397 380
1714 904
1493 431
1541 335
356 9
1821 89
1957 1459
1875 23
1435 389
1654 1299
1158 794
1882 1015
1919 426
1624 838
940 940
1118 832
1801 1663
1857 386
1069 244
1638 761
1894 306
492 339
1217 500
1617 1517
1147 259
1690 814
533 349
1203 928
1851 665
1915 1860
1942 716
713 366
1867 1045
1938 1328
1246 886
314 292
1855 1169
1451 1307
197 31
1095 678
1197 744
938 689
131 64
1416 308
1981 1081
959 277
1340 427
1482 1269
1500 1097
547 182
1889 1476
1121 586
1695 1572
1476 1296
452 204
1728 1318
824 480
1119 165
477 246
933 572
1682 1627
1967 690
591 410
1522 993
1406 1333
956 424
1148 653
1628 893
1405 1322
674 615
1531 1103
1913 494
475 90
1951 159
972 278
868 664
1163 126
1361 644
737 153
1533 678
1053 231
1871 731
1873 1357
1665 1510
1285 305
1682 221
952 427
1410 1343
1029 681
938 15
1447 359
879 828
1710 704
1960 402
1932 983
1579 74
1865 1390
1795 1311
801 165
1481 574
1504 698
1019 108
1770 881
1829 1327
1984 90
890 371
412 364
1605 857
1280 691
1804 1381
1687 1440
1060 810
1605 1074
1859 873
940 322
1161 729
1075 821
465 344
974 523
1899 1487
1009 219
1218 322
813 327
1960 1929
1345 130
1768 233
1708 880
1104 573
1828 1255
1598 251
1207 8
1997 38
1847 1460
413 392
1072 1066
1160 777
1027 277
1633 1296
487 41
1882 327
1530 1431
1603 1236
794 461
1512 768
649 101
1133 949
1604 506
1860 62
1627 1401
1046 235
1932 1474
1291 1175
1777 1218
1123 933
1727 1479
1432 1008
1543 401
1843 1020
1788 227
1334 787
1342 1016
1781 766
844 583
924 902
1341 740
1836 869
1390 166
1784 1081
1290 1289
1656 1019
1326 1195
1310 257
1089 730
1621 232
1696 187
1601 1524
1173 121
1075 648
1780 1087
430 305
1630 536
1311 342
1645 77
1253 493
841 759
1466 1465
984 119
1568 1124
529 173
815 70
1700 380
1416 813
343 260
1696 438
1916 1161
873 317
1497 397
1432 91
1702 604
1065 500
1332 1110
1398 357
1410 1017
277 112
1245 781
2000 1981
778 278
1864 528
1043 914
1935 838
1997 1535
1987 1443
1642 1266
733 524
1518 1286
1767 1693
1737 712
1858 1818
1909 314
1785 230
1715 626
1843 1066
1328 542
1536 580
1385 1248
980 304
1844 1729
170 74
723 150
1914 1634
1393 705
1852 1508
1607 90
1526 941
1655 556
1119 679
1616 121
1038 1033
816 513
1910 1469
1510 277
570 224
1149 404
915 704
1279 276
1880 886
1867 737
1376 286
970 919
1266 881
1100 584
1999 1358
1468 505
1097 103
1650 55
1908 318
1623 503
1041 69
1142 463
1648 1117
1556 1164
1953 308
1465 224
1597 387
1597 83
1823 333
1651 1117
1525 293
1771 28
1754 1202
1077 923
422 241
1728 832
1406 682
1231 59
1975 749
872 46
1664 770
1069 883
1744 1730
737 558
1769 1233
1658 190
213 144
1849 296
1825 1171
1332 1214
588 253
1970 91
126 79
1789 416
270 148
674 227
1101 761
1984 174
1999 881
714 378
1931 1521
1648 707
406 215
1037 534
944 428
1051 269
1602 83
1249 1237
1564 522
324 308
1794 1090
1565 643
1694 1561
1589 434
1217 1158
1354 80
1838 1223
872 305
503 230
1617 949
1911 1671
1979 1704
1808 527
1630 1542
1249 691
1904 208
1564 1201
1517 1075
974 441
396 392
1557 428
1362 1268
1895 271
1920 454
1207 1202
1067 664
1073 765
1687 348
1745 863
1457 1403
1668 988
1002 218
1447 8
1137 571
273 92
1779 808
676 86
1331 728
887 368
1782 1417
1885 1019
1572 1093
1777 1713
434 147
473 470
1152 964
821 365
1802 1466
1433 1090
1492 743
1784 540
217 143
500 84
1167 993
1369 899
753 253
1332 1074
1962 1590
867 32
1199 924
1921 1019
1224 566
1247 389
1598 6
1927 1632
1913 1301
1088 97
1593 1548
1011 40
1383 150
1748 199
1570 747
1554 4
1122 321
1843 1259
1645 838
1735 1320
1637 569
1106 846
169 98
1476 644
1431 761
1947 1101
1328 1238
1697 1504
1828 1415
1246 144
512 366
1755 236
1013 397
1833 1243
193 147
1164 979
1229 348
1600 411
870 640
1982 1449
1765 224
747 525
1784 1038
1623 494
683 67
1366 1345
1255 1097
1777 1229
1275 351
1529 614
1380 163
1371 778
1811 632
819 667
769 339
1185 1007
888 594
1332 39
431 331
1614 118
957 760
1845 141
1139 1027
749 263
484 295
1912 1029
1170 363
1401 1190
1352 85
1207 230
1591 777
1897 1611
621 4
1951 1316
1987 1218
509 121
229 193
1410 883
1831 1703
1719 52
1610 348
1767 1220
1734 731
936 766
1934 1263
1460 850
940 471
1286 565
681 63
1960 1099
1787 1756
1794 113
1251 1162
989 158
1914 1339
1197 142
1673 235
1945 578
1241 1133
935 832
881 126
1916 251
1621 1576
1936 1709
1084 815
789 772
1681 495
1662 348
875 729
1393 336
277 124
1563 501
1623 543
1637 738
1632 190
1964 1150
1529 912
1678 606
1475 1141
1792 342
1945 182
1431 698
1489 933
843 470
446 419
1596 564
433 237
1077 539
1604 1565
1920 1747
883 567
1804 1197
961 844
1298 522
1935 1109
746 405
1343 951
1720 137
1825 1181
1957 1109
1710 1050
1764 1025
1054 986
1987 735
936 188
796 679
1240 874
1139 735
1859 1351
943 642
1424 1391
1578 584
760 626
1772 273
1481 1084
1981 416
1779 1518
893 494
514 470
1905 799
1185 1014
1500 464
1127 798
1166 285
1125 660
1459 582
1647 1528
1920 726
1152 485
1453 502
1022 731
1014 335
1550 541
1082 325
1326 1288
1212 290
1678 82
1431 122
1432 602
1614 1527
1922 1606
1822 1488
1753 394
1725 284
663 217
577 337
1928 1279
983 832
174 96
1087 716
1565 829
1942 330
1497 859
936 469
1315 1034
1659 902
1675 1164
1065 383
1184 1075
1859 673
1960 699
898 328
1622 33
658 77
1146 290
496 189
1906 1126
1475 776
612 319
1835 807
1855 1724
495 101
973 660
529 499
635 129
1287 295
1596 1473
966 129
1933 1017
1552 245
1537 32
1564 377
1413 393
460 320
1002 494
960 810
487 229
1572 1281
1362 1120
1341 1075
1109 263
1471 236
1785 161
983 48
1689 1455
1639 481
1204 732
1298 1213
1010 917
1555 491
1088 617
1829 975
1929 1671
1965 1701
1589 941
771 83
1803 418
1281 104
1284 451
770 157
1858 1752
1935 1180
1776 1392
1634 1592
1873 1330
1321 565
1858 543
1873 138
1596 648
869 766
892 805
1884 188
1846 512
1598 1146
1647 1496
1185 1145
389 306
640 175
1582 1416
1051 899
847 690
241 31
676 513
306 100
1244 508
1228 57
1819 243
1613 927
1579 1543
1902 1423
1860 988
1895 1618
1713 23
1884 128
1169 901
1587 1204
1653 194
1579 179
660 119
1155 1134
1931 1686
1271 647
984 951
1395 406
1463 258
1774 129
822 206
1857 164
758 361
806 654
1274 865
1008 462
1947 245
1924 1792
1793 1050
392 46
1297 676
351 338
1426 446
1923 1322
219 72
496 356
1564 1388
738 227
1106 68
1810 1284
724 64
1555 545
825 579
719 459
897 17
1669 952
1481 217
576 544
1584 1007
1994 1464
695 424
491 432
1554 644
919 78
1772 1225
1867 1058
1951 488
1951 1092
730 687
340 309
1861 761
1459 1238
1184 197
1139 176
404 361
1864 1851
1738 486
1751 433
1891 1227
1586 1450
1489 771
1595 139
1002 584
1986 1104
97 55
698 352
1459 1203
1486 1199
931 54
1048 1032
796 305
806 252
919 193
1345 524
1536 1299
1251 98
1390 279
1209 479
1269 62
981 910
1433 1177
1228 144
1385 384
1706 1637
1037 429
516 507
1097 711
1128 1084
271 36
1918 455
918 102
1368 908
1771 590
1380 1292
1882 1292
336 27
911 111
1455 1212
1869 8
892 5
153 11
223 104
1076 1034
1163 1137
1396 1019
843 97
1149 788
1037 486
1345 1273
1320 1227
1992 1335
586 332
357 115
1479 920
1267 850
1182 285
1822 960
1361 1298
406 325
1696 967
1791 1654
1857 1342
793 66
1321 462
1134 673
1203 341
905 493
1981 1672
1358 1102
526 196
1897 744
1534 774
804 671
1589 969
1020 789
949 808
1565 1404
1929 1483
1529 792
1783 457
1391 906
813 412
1669 715
1390 886
1386 539
1657 701
1883 1050
1032 149
656 61
1918 71
337 141
1794 1270
455 252
845 635
1715 545
1363 238
1201 295
853 327
176 170
962 6
1777 884
143 4
1916 1660
1638 602
1883 671
1195 144
930 426
1573 118
1546 183
1011 9
1903 271
1597 1512
1817 1110
901 496
1476 750
1556 16
1695 1225
1987 1918
1365 635
1204 317
1615 43
778 692
1971 1198
1242 1130
400 67
1019 33
1842 1457
1619 221
1893 1263
163 37
1667 245
1231 1206
1481 1272
940 909
388 145
1580 69
1620 238
1963 1314
1464 1244
1303 11
1759 564
1899 1559
468 191
1865 259
1853 192
1346 931
1516 1095
1406 628
715 555
1916 1442
716 442
1747 1670
328 236
1886 1536
1422 1319
1771 250
1510 1136
1096 688
1008 971
1768 1121
1843 1455
1296 1195
1405 1019
1328 1202
414 344
1495 326
779 358
1399 1152
852 29
988 284
1786 1753
1959 47
1629 356
878 47
562 371
1951 724
1629 965
1817 760
1653 414
1334 565
1642 379
1873 10
866 483
634 402
872 211
1187 761
105 41
1996 620
1859 621
1499 667
990 837
1006 635
1941 242
2000 418
1902 1512
1125 1028
1327 171
1606 736
1484 206
1292 501
890 661
1167 978
1956 1711
1604 1041
1967 165
1634 745
1288 1257
465 295
1640 1110
1099 935
573 463
1975 384
1729 551
1396 496
491 260
1695 1555
1524 387
1499 298
1811 831
1158 1077
1666 1359
610 455
1666 762
1317 943
1171 857
1442 372
1142 107
871 191
1784 1614
889 715
1894 245
1235 1143
944 366
1686 1037
1698 1348
1830 494
1916 1494
1384 278
1287 1097
1808 680
1694 240
1728 873
1786 1283
878 173
1981 395
1597 498
1408 969
1554 65
1144 421
1233 497
1715 269
1608 977
453 138
1321 122
1694 1108
819 524
929 138
1991 863
834 411
722 695
1590 271
906 385
1519 196
964 194
1174 235
1356 1063
1264 81
937 103
480 267
982 781
844 158
1725 884
332 235
562 23
969 780
645 109
493 474
1694 668
272 207
1401 145
487 286
1748 840
1618 258
722 154
1376 459
1918 466
600 327
1501 1358
1020 974
1677 1644
323 308
1593 195
1540 1143
1123 449
1019 418
1882 964
751 420
1949 1789
1809 1373
708 703
1331 1079
1058 69
705 158
319 43
1521 1005
517 43
1530 1464
1918 549
1920 1320
1678 1555
1121 287
1112 47
1166 1068
1743 1028
492 319
1810 508
1577 579
782 340
1735 437
566 411
265 150
1143 907
1874 126
1438 574
889 372
1349 347
1930 962
1554 1505
1933 1713
1185 113
1389 782
1596 1334
1891 977
1740 834
1988 1967
723 483
1849 1107
475 26
1358 1058
1441 1114
1235 468
1707 534
385 104
1617 57
1083 12
778 500
1174 177
1866 159
1997 1240
353 139
67 67
582 562
1503 1448
963 506
1527 283
1510 231
1234 1147
341 45
1407 857
980 486
1265 1090
1463 564
1033 718
175 82
1734 1236
1796 570
1940 392
1207 346
1801 883
1605 921
1620 955
1278 51
1993 98
1873 1847
1818 1615
440 149
1241 991
1472 675
1574 26
963 239
1952 777
1780 1423
603 123
1851 862
891 210
1874 802
1652 294
1993 1492
1450 1448
1005 575
1022 972
1261 275
1613 179
1854 82
1668 1246
1519 367
1524 345
1044 967
1768 114
1553 513
1430 557
1874 356
707 521
1668 433
242 22
1383 864
1874 1313
1870 514
1652 1269
1830 1580
486 137
1085 580
1354 1331
1986 707
1873 1206
231 146
1622 1184
736 274
1671 996
1051 786
1680 1437
1991 726
1943 472
1593 1277
1849 1103
1773 1685
1734 613
386 355
1041 911
469 60
1653 191
1384 389
962 214
1958 1766
1495 998
1912 276
757 390
1221 452
1387 916
1319 875
635 298
1979 30
1428 1214
1945 1393
1740 831
1075 449
1526 824
1616 210
1717 1526
937 731
1718 932
1655 219
1140 792
1994 1084
769 408
1160 113
1790 452
1134 621
1301 553
1396 986
1870 1135
