80 88
55 47
77 37
80 52
38 4
78 57
60 43
75 18
67 9
19 5
67 33
28 8
61 40
24 12
68 29
60 4
65 10
31 8
68 54
75 37
50 45
77 7
50 39
79 22
32 23
76 39
65 33
42 13
67 46
25 21
67 63
31 18
66 54
33 30
73 2
12 6
69 65
65 7
33 15
48 39
11 10
2 1
49 13
29 6
50 35
59 22
48 33
72 34
65 51
59 43
40 35
75 24
72 13
24 9
77 15
68 64
63 35
76 37
64 15
49 37
67 39
17 2
78 6
12 10
79 37
76 47
71 23
69 60
21 19
39 3
58 20
33 1
53 18
49 33
53 25
60 29
72 38
58 55
54 41
26 3
24 17
66 23
58 56
45 27
69 13
50 13
59 3
43 11
68 28
