100 75
75 57
69 43
49 23
99 33
36 27
53 50
61 11
81 63
73 26
97 30
98 52
55 23
86 28
89 71
17 9
39 32
67 16
65 23
89 58
87 44
84 80
69 8
94 93
49 13
62 58
18 7
43 35
72 40
84 60
77 69
98 39
66 32
72 60
18 13
81 34
94 13
94 12
42 22
88 54
95 33
95 82
54 47
85 33
87 29
89 72
96 5
52 1
81 26
54 52
58 3
86 64
65 2
73 62
87 53
97 91
74 26
91 7
35 4
49 33
99 18
34 20
95 41
43 1
76 27
98 96
41 11
78 50
91 44
58 29
95 85
19 17
83 5
92 65
94 2
81 13
