100 1000
51 23
85 9
92 87
95 80
78 43
32 28
90 16
73 46
68 68
96 53
73 24
71 59
100 40
62 23
72 54
65 59
94 66
85 69
76 4
42 4
95 33
40 5
66 21
62 36
91 17
82 44
90 43
97 37
79 37
82 69
31 7
34 6
72 66
100 99
99 21
72 41
34 4
37 32
74 36
71 41
55 22
79 42
22 1
90 32
87 70
73 26
33 5
25 15
90 55
85 27
83 19
50 44
92 76
82 77
80 33
96 8
51 15
96 74
56 39
88 88
99 54
34 18
28 7
49 46
58 10
91 55
45 26
93 60
80 78
90 36
75 49
80 24
93 19
3 1
67 30
93 87
27 24
13 11
77 45
84 44
75 34
82 51
67 20
99 56
42 39
67 59
57 5
90 79
54 30
71 16
45 10
55 41
87 86
73 18
29 20
80 79
49 30
83 68
84 2
70 30
82 31
65 5
40 9
63 20
45 14
25 5
97 40
94 18
25 17
89 55
61 19
24 21
82 14
38 15
42 27
58 23
97 95
64 27
71 15
85 78
65 45
25 3
97 3
41 37
92 38
65 54
32 25
83 48
40 25
39 35
97 96
77 58
43 39
77 32
59 3
57 18
98 72
69 25
96 52
68 59
99 92
66 33
99 83
82 46
45 34
44 34
87 59
91 69
61 58
89 45
53 22
53 4
82 61
63 50
71 33
100 98
43 22
37 20
95 52
92 47
45 32
39 13
98 14
32 12
62 58
66 4
94 71
96 60
95 45
86 49
64 39
64 23
82 13
73 42
72 8
87 54
70 70
93 5
38 12
100 63
85 33
18 11
22 13
30 15
90 12
89 7
93 23
80 27
100 89
28 19
64 19
73 38
58 31
86 10
32 2
78 7
57 2
58 38
86 67
14 8
40 26
64 34
57 42
57 43
80 73
27 25
96 57
98 3
35 33
44 11
53 29
86 14
82 53
72 14
50 36
47 15
57 23
10 5
89 84
72 55
92 51
84 70
55 33
99 28
48 27
92 41
29 3
26 9
17 14
26 18
79 13
77 33
69 57
94 35
55 4
68 54
88 10
40 34
100 83
70 57
39 20
96 2
69 59
34 14
75 16
58 36
83 23
89 28
97 82
64 62
37 18
93 80
61 29
99 76
67 33
89 34
9 5
27 6
63 36
78 48
29 7
89 16
69 62
92 73
41 39
46 22
32 20
76 12
81 46
26 26
49 1
85 57
61 11
99 74
32 13
46 11
89 67
20 17
50 35
96 15
86 37
25 10
28 24
94 36
37 28
88 25
25 14
60 14
31 22
81 24
83 83
40 36
64 14
91 49
80 20
84 27
40 35
69 63
97 59
77 59
95 49
66 20
38 19
75 51
94 94
75 39
81 31
83 29
68 36
80 70
79 7
67 34
67 3
53 53
85 19
89 44
98 15
96 86
85 13
36 11
5 3
94 7
93 38
57 7
100 52
87 65
21 12
99 70
90 73
88 16
22 8
77 55
65 32
93 18
38 6
91 88
71 61
74 26
34 24
66 19
91 30
49 18
75 53
27 10
45 2
89 39
68 52
97 65
91 33
95 3
81 66
88 23
74 13
65 37
44 43
59 34
57 20
71 63
95 39
88 33
85 67
91 56
90 30
95 76
64 51
23 13
48 25
95 72
40 16
86 39
95 21
45 16
99 3
72 52
79 41
47 16
91 66
91 8
86 27
53 3
95 1
59 42
25 21
81 21
69 41
70 23
57 25
82 18
41 3
92 58
81 20
97 76
92 61
97 23
97 64
15 15
92 43
61 27
92 49
12 4
92 5
62 21
78 12
93 86
66 1
84 10
72 61
65 7
75 36
99 13
69 35
61 39
51 21
19 11
18 3
15 7
87 7
54 34
92 31
87 50
92 11
88 63
88 70
61 24
44 39
59 25
69 29
54 44
90 74
54 51
86 56
52 26
91 38
83 56
93 70
84 54
23 10
97 80
8 3
83 74
66 43
80 71
34 31
85 66
62 26
64 61
36 28
71 53
42 28
70 46
22 12
98 8
23 1
27 15
46 14
75 42
11 1
78 8
99 31
42 33
67 43
82 59
94 50
97 32
17 1
95 70
92 18
54 39
80 12
91 81
52 32
37 17
30 16
82 54
86 17
47 27
55 1
64 28
97 69
64 41
98 6
73 19
33 32
50 50
87 3
44 3
56 44
43 41
48 2
87 8
85 60
41 34
56 7
21 5
85 25
59 46
78 47
89 59
54 49
56 34
70 41
27 22
93 65
71 1
37 31
63 1
40 18
56 35
59 32
31 3
57 19
80 36
92 19
50 12
55 17
20 1
84 4
98 34
99 1
76 54
82 11
100 50
91 83
91 1
76 53
77 56
91 10
39 39
81 71
84 33
46 13
83 35
77 9
87 78
59 35
9 6
34 16
34 2
5 2
41 14
97 92
94 25
58 52
84 76
89 76
75 14
5 4
56 20
68 63
99 66
31 29
38 24
85 70
74 29
50 19
62 56
88 84
84 42
86 45
93 31
73 16
65 15
66 52
24 7
70 60
98 17
74 28
93 58
71 14
60 2
26 7
94 37
45 38
63 61
100 39
69 54
87 53
92 39
55 21
100 24
59 19
66 30
33 29
97 49
46 16
60 52
51 43
72 64
80 58
51 33
74 55
87 29
82 21
58 26
14 3
42 5
55 54
41 24
57 46
83 13
93 64
35 2
80 53
66 25
95 68
93 10
30 9
6 3
28 17
59 57
86 57
78 2
34 13
66 54
67 51
90 15
92 7
17 8
70 36
53 1
45 39
75 37
100 92
52 18
43 28
65 40
74 16
57 34
72 60
61 42
56 13
95 4
89 50
52 44
51 9
24 13
78 51
43 13
73 47
69 60
67 11
96 89
55 40
86 51
78 1
94 24
99 97
64 2
85 11
75 46
94 41
46 29
91 54
77 50
43 37
27 5
71 31
91 32
11 2
19 6
35 28
48 5
45 30
63 49
78 32
87 32
88 58
34 28
79 22
67 35
66 44
98 33
81 12
79 57
88 2
57 10
95 24
80 8
74 70
42 23
75 12
45 28
79 66
43 38
100 46
97 79
99 89
46 7
91 34
67 8
52 43
86 54
82 41
72 11
98 25
52 31
80 77
76 72
27 7
20 16
17 15
88 13
61 60
85 3
61 41
97 28
76 56
57 21
98 12
25 25
89 69
88 74
84 15
90 88
40 29
63 27
97 2
59 33
68 50
56 4
96 4
73 28
68 24
32 31
95 81
71 7
35 14
35 15
67 19
83 34
89 40
58 28
85 61
55 6
89 19
41 22
92 64
99 77
48 21
61 55
76 35
85 58
74 71
82 48
28 13
84 73
52 20
67 45
24 3
34 9
80 65
70 25
98 68
77 67
95 85
17 13
4 3
95 9
52 14
69 66
86 19
80 64
97 13
33 6
72 31
67 61
40 31
97 70
57 17
88 4
96 95
76 64
79 32
50 18
81 63
41 32
79 51
77 62
32 14
88 54
97 94
91 59
82 4
58 22
39 22
91 82
98 56
97 30
56 43
70 40
61 18
100 23
89 57
22 14
51 19
37 22
84 12
51 26
44 38
14 13
51 48
60 38
77 6
95 43
75 55
55 45
78 66
71 32
60 6
61 4
98 29
68 20
67 10
84 36
33 12
59 30
88 62
85 5
57 38
26 3
49 45
63 26
41 33
69 58
48 14
84 65
95 66
47 28
86 21
14 9
89 71
33 16
99 36
37 4
93 46
52 40
95 75
66 11
79 26
60 35
73 34
66 39
35 16
98 74
87 45
28 20
62 3
50 39
56 3
97 72
93 37
55 46
90 9
56 31
74 17
86 40
56 19
77 42
12 2
92 36
32 19
81 28
95 64
76 69
62 54
70 29
45 3
87 9
69 68
70 66
44 21
90 31
51 4
28 25
60 13
77 39
16 10
47 8
66 60
98 78
88 59
42 29
78 53
93 81
89 36
93 33
100 57
75 21
15 2
86 64
99 85
94 19
88 51
76 7
79 14
91 13
64 49
78 68
73 45
48 3
61 12
80 9
29 28
86 70
49 4
35 6
76 67
84 13
68 56
94 6
96 25
85 4
76 6
98 60
94 45
94 63
27 9
55 49
27 3
100 43
37 15
76 50
94 40
24 18
83 40
66 42
93 59
61 50
86 68
29 29
42 34
85 48
85 71
86 69
71 70
56 55
36 31
73 49
54 17
77 19
52 3
37 25
25 13
51 51
93 35
91 35
15 11
79 49
20 7
77 5
94 90
46 17
83 20
94 68
54 6
100 21
49 20
66 16
57 45
46 25
76 26
96 78
90 53
65 33
66 51
100 91
89 56
81 37
71 43
15 9
31 25
100 75
83 15
41 15
11 10
44 22
23 18
15 13
91 42
68 6
85 77
52 5
50 5
97 47
65 64
65 41
77 49
44 13
36 6
91 63
80 31
96 45
72 39
10 9
96 13
60 49
29 5
14 14
42 11
80 75
