923
117 231
515 75
245 428
180 248
228 72
594 497
809 234
479 5
374 595
359 567
209 46
345 166
488 46
792 409
775 271
273 485
343 607
730 419
823 287
816 37
694 156
289 289
422 270
60 74
756 464
291 349
14 337
377 76
469 244
443 207
307 34
189 314
317 489
531 46
288 445
120 295
113 546
500 325
553 345
148 356
648 36
140 456
83 221
738 536
428 402
56 196
636 214
319 352
304 324
557 619
208 119
305 128
706 600
503 235
343 499
185 99
253 189
104 451
54 469
43 335
668 628
433 71
16 514
151 129
155 543
503 274
648 455
181 625
101 605
688 21
8 452
507 42
309 607
348 567
190 357
681 49
279 70
551 494
10 171
302 65
480 263
433 196
492 522
575 466
483 317
92 215
107 117
431 120
599 97
311 188
771 236
235 202
108 590
255 549
296 102
292 370
249 338
585 83
700 255
687 523
169 167
237 277
599 169
198 467
189 160
723 247
28 152
747 599
710 261
673 414
500 300
218 341
379 533
613 240
117 263
115 284
762 468
123 325
821 373
813 433
455 22
789 526
147 534
548 190
228 239
390 197
244 396
479 378
233 8
533 382
597 184
312 580
10 346
0 201
674 139
584 57
247 332
760 579
294 102
777 252
572 103
106 491
622 483
91 310
21 226
131 182
621 433
314 623
163 69
760 174
542 9
464 479
2 115
798 101
558 537
695 273
785 447
537 32
91 507
708 544
586 184
755 523
54 426
744 365
495 538
6 522
78 438
806 618
420 167
450 109
688 359
47 121
88 618
702 106
122 410
491 366
262 33
668 30
682 206
46 533
485 109
633 401
391 157
738 239
43 413
481 113
132 161
706 21
335 594
604 328
557 155
678 164
736 481
585 590
576 310
227 216
148 497
211 178
670 564
745 589
525 235
634 484
319 446
176 500
520 595
242 173
791 233
110 111
240 257
759 472
776 25
499 53
108 305
235 151
373 18
654 567
587 1
493 431
493 275
813 468
558 59
75 280
500 25
313 269
227 605
260 99
114 528
290 623
767 527
256 382
670 619
228 461
486 349
381 404
263 582
72 282
720 183
405 483
504 614
456 267
337 582
457 420
610 35
60 470
289 29
239 617
568 126
795 176
383 133
784 408
703 592
586 97
180 186
296 140
48 167
341 79
351 441
288 96
124 223
345 36
359 340
234 88
341 530
319 485
455 120
406 583
214 188
646 375
582 388
100 154
531 83
618 11
655 364
70 311
222 598
783 193
791 244
422 189
416 552
476 271
333 260
807 457
91 316
112 170
769 278
435 333
197 359
486 17
593 162
314 491
521 110
366 56
28 264
294 307
426 391
731 429
246 17
569 88
181 436
307 393
788 255
216 22
417 145
224 3
327 348
583 578
809 202
568 145
580 97
518 401
21 406
161 94
528 72
156 616
296 1
193 500
455 489
559 19
670 0
98 336
486 240
45 336
332 25
444 261
243 24
244 289
240 383
22 80
484 183
629 98
594 109
430 479
397 62
135 377
274 102
154 175
28 508
697 42
307 116
329 448
89 280
329 530
743 629
794 131
284 618
44 200
496 450
632 276
652 67
194 482
99 51
518 603
539 349
516 73
625 577
531 263
25 305
399 322
667 290
776 407
513 628
112 496
46 557
680 17
443 440
733 90
548 96
2 436
46 628
799 85
450 309
682 119
634 283
451 559
27 37
406 290
411 274
456 522
716 105
689 235
659 383
296 336
255 219
785 210
756 267
365 525
614 147
605 438
45 94
632 401
78 385
764 334
800 28
606 26
396 226
259 257
746 135
72 155
762 498
443 561
332 155
122 610
455 453
509 549
640 387
298 327
13 478
95 516
389 240
215 66
746 412
711 589
66 420
781 15
640 108
223 330
587 299
792 337
91 241
169 86
102 609
607 6
820 268
246 306
39 568
741 10
292 492
175 58
168 81
151 374
380 151
493 386
94 390
682 270
657 250
12 52
407 556
668 568
140 59
656 470
736 263
277 468
747 326
416 79
622 151
181 449
778 567
208 339
212 623
61 576
673 352
642 415
393 436
47 559
705 392
338 320
205 578
255 205
311 240
13 573
536 180
747 583
499 353
210 369
605 57
131 499
780 427
436 590
166 199
719 453
516 312
465 31
329 186
107 55
534 9
123 365
696 445
631 545
449 19
69 206
554 127
146 382
145 338
100 344
195 585
305 400
89 125
33 79
606 49
253 140
15 240
742 69
817 46
622 77
756 539
458 572
256 541
11 149
445 309
613 155
248 557
124 148
331 517
724 154
771 160
496 315
462 340
539 363
632 158
545 358
614 571
557 498
41 323
498 3
335 469
155 464
681 150
187 549
782 317
730 58
619 215
746 236
130 621
277 483
362 4
83 86
783 511
600 474
3 327
287 0
23 92
740 313
369 496
192 195
690 71
401 590
667 299
317 407
766 512
634 264
575 426
765 557
24 354
447 7
663 150
278 294
39 451
199 72
332 274
645 67
436 272
194 66
816 371
307 381
626 67
661 520
152 604
303 410
249 255
12 397
277 339
433 521
161 308
522 88
683 152
27 396
534 139
124 178
466 92
701 606
786 329
105 345
208 446
344 371
430 136
234 246
659 615
535 576
693 208
772 391
352 613
457 621
12 148
715 117
628 549
716 441
36 579
372 288
368 344
207 392
341 500
205 550
562 382
718 133
299 609
394 387
522 250
53 268
192 436
578 501
308 615
108 15
484 511
160 55
311 403
506 608
47 247
315 410
405 27
610 189
728 426
764 366
706 335
12 263
771 384
277 534
759 563
395 441
533 131
123 598
800 208
63 22
242 610
648 325
30 443
596 497
280 630
688 507
493 499
587 31
673 201
437 23
139 612
495 379
578 411
369 344
552 311
753 31
787 511
65 211
184 90
297 140
70 336
122 72
231 211
697 300
90 280
810 325
497 123
645 362
240 579
480 225
792 406
634 357
138 61
59 163
529 180
168 156
42 132
451 509
820 443
72 314
195 27
589 288
400 276
253 171
611 53
433 409
265 551
82 224
148 423
329 369
188 153
208 282
806 431
49 362
632 171
487 541
358 198
231 145
551 629
133 497
715 43
660 331
412 234
297 224
211 148
270 182
405 134
752 137
515 444
474 623
421 135
452 520
221 510
628 301
412 207
633 398
549 563
624 614
504 203
480 204
654 500
593 33
173 241
88 211
489 281
577 440
417 161
635 125
236 614
743 221
184 438
784 501
162 79
331 276
391 613
710 248
276 456
296 311
100 295
439 532
396 551
166 548
629 599
285 498
716 52
717 438
722 233
83 515
561 64
179 274
11 517
776 501
146 24
637 4
378 462
214 353
719 146
389 109
180 599
48 578
791 614
764 546
800 572
329 274
350 60
547 84
409 488
776 44
475 383
342 33
9 297
320 515
578 454
34 12
280 614
326 168
559 520
213 447
649 571
333 83
542 161
74 518
141 82
148 420
679 66
776 207
156 615
352 294
687 397
539 610
331 583
55 618
467 78
558 439
314 124
597 148
728 294
356 419
521 44
587 108
173 487
712 219
338 9
497 542
784 164
384 133
146 80
753 299
198 510
689 23
152 43
738 297
467 338
503 333
114 541
138 478
521 524
376 566
507 514
551 162
645 52
183 360
173 11
17 66
592 145
390 525
569 60
601 147
799 206
22 191
40 9
666 261
400 469
355 604
560 272
818 432
430 402
182 323
513 264
734 415
694 523
748 73
223 140
10 293
320 12
96 372
601 413
507 254
320 413
31 47
19 70
818 37
756 106
169 621
374 374
266 110
466 464
305 346
719 320
72 443
450 603
441 397
93 560
797 509
812 79
698 358
635 532
272 167
664 34
745 371
383 310
586 507
496 38
0 485
777 503
78 134
812 205
320 615
44 289
370 318
679 144
398 590
83 243
351 563
161 566
110 618
403 591
305 395
573 421
54 440
552 358
224 250
722 356
312 622
421 604
509 76
381 490
258 491
467 16
150 600
296 557
764 419
652 20
233 15
216 279
244 481
747 42
161 476
60 71
237 228
371 234
547 294
323 296
657 601
752 598
125 219
366 453
112 606
585 169
190 576
460 141
377 620
79 273
63 498
389 141
354 600
708 404
181 375
707 98
482 539
322 18
539 511
659 43
240 470
221 528
22 404
143 468
69 397
643 528
281 181
266 396
