7812
420 519
43 361
391 184
51 494
274 101
78 191
131 688
350 579
323 287
240 440
247 236
172 162
340 654
13 456
10 308
126 301
226 655
299 163
77 340
268 195
201 257
111 6
55 548
263 197
264 629
141 59
179 496
449 104
193 864
424 395
329 468
326 229
314 488
212 76
150 83
96 530
10 786
246 245
320 380
154 544
23 119
105 397
150 318
275 758
165 491
110 83
97 248
53 296
60 698
221 215
401 343
194 407
95 117
121 724
276 679
373 121
120 32
341 711
252 51
77 524
239 616
228 354
120 566
66 584
160 703
70 720
235 194
142 294
441 252
309 374
311 375
65 183
388 81
393 243
227 195
73 204
77 608
285 208
434 281
368 331
87 461
64 58
114 465
366 392
459 554
200 332
243 586
38 469
335 512
417 509
106 400
286 604
256 594
259 720
289 475
27 594
279 613
101 633
191 480
46 680
27 503
225 856
127 292
90 5
40 746
394 244
461 865
329 816
321 514
400 374
296 244
120 592
399 286
95 818
446 86
347 196
454 370
336 771
107 74
393 378
453 44
115 808
241 842
451 549
71 28
256 150
256 395
81 630
22 469
392 777
348 487
251 465
199 375
121 196
211 680
299 337
257 88
98 387
90 6
261 730
31 368
357 422
93 509
141 547
333 547
341 414
326 508
284 296
64 277
100 360
261 311
114 746
112 234
340 437
25 228
426 243
425 34
12 39
190 368
294 264
101 234
224 210
451 714
145 733
412 547
198 619
83 33
190 798
188 655
79 70
112 673
195 864
347 54
155 403
384 558
229 851
50 499
291 718
332 120
441 762
234 538
66 832
320 445
362 434
293 403
415 544
445 42
193 778
268 147
395 427
268 687
18 815
30 433
152 341
451 207
115 32
17 21
350 602
174 81
6 328
77 391
254 78
26 521
72 354
123 267
208 200
57 55
41 682
174 865
192 27
221 678
107 518
303 492
424 11
361 315
373 43
449 370
34 341
457 29
390 176
61 106
188 722
380 597
287 842
358 591
284 63
176 181
335 175
441 202
44 791
49 594
198 207
162 690
256 647
160 501
383 438
378 103
81 593
160 784
245 181
307 553
350 28
268 768
89 14
110 336
110 637
82 806
365 533
375 461
355 634
334 740
63 781
47 626
362 607
295 526
67 356
418 303
53 589
190 92
23 88
257 631
397 728
421 142
353 757
346 659
84 515
209 579
392 754
81 449
355 543
200 27
243 32
330 860
82 279
14 621
49 167
389 527
388 403
284 598
350 195
360 80
287 90
173 149
320 30
215 111
451 53
280 852
177 413
65 231
248 176
24 235
274 168
394 31
224 856
217 799
325 323
161 835
23 796
136 762
245 523
223 373
118 15
220 82
54 635
384 761
407 524
219 821
364 572
68 853
48 98
111 445
315 840
197 402
46 530
101 692
140 611
317 640
158 788
279 313
153 837
200 560
390 346
409 864
136 64
453 244
393 357
77 841
433 358
374 347
91 471
290 568
414 19
44 292
291 726
120 747
369 280
102 263
386 799
144 841
366 60
152 755
219 762
235 104
176 516
392 459
214 807
142 214
174 417
404 794
66 834
153 598
385 711
439 52
409 623
5 554
288 216
142 493
305 219
171 708
329 228
100 135
329 41
305 709
6 103
208 189
152 577
108 414
110 215
313 25
368 814
284 496
31 360
42 692
166 681
24 774
4 667
248 100
19 638
430 317
249 821
25 245
36 69
39 620
118 235
192 303
344 623
17 444
102 375
156 27
142 816
413 818
437 778
41 606
408 9
230 464
275 701
262 386
343 579
248 663
32 709
165 771
20 159
419 548
252 753
216 634
419 23
22 764
208 240
245 704
262 295
152 539
64 466
371 403
174 440
327 663
317 31
333 852
57 749
283 465
207 276
7 271
282 522
353 492
211 643
97 611
229 227
125 70
319 431
83 834
201 96
278 96
173 203
206 570
311 427
29 479
142 30
238 759
221 448
55 73
278 691
269 573
143 13
355 719
142 382
338 241
460 29
195 150
54 852
141 228
190 443
158 124
436 744
111 238
137 738
364 440
190 245
256 329
175 338
247 333
143 112
421 276
80 322
274 680
227 412
376 715
16 27
392 289
332 629
99 185
193 772
345 642
412 419
456 236
338 767
62 19
177 725
319 315
420 768
394 330
126 792
444 495
15 648
377 291
169 277
218 498
364 544
388 14
82 0
454 478
431 544
391 527
385 390
415 192
32 540
72 54
279 435
105 194
34 699
256 568
395 255
445 540
61 147
457 430
366 862
322 283
433 427
208 82
52 248
302 458
141 427
226 21
340 498
402 440
318 619
332 40
276 129
71 52
167 321
144 88
288 100
247 440
297 303
71 303
49 562
171 598
155 790
143 778
178 298
312 519
407 361
28 90
60 705
55 186
417 733
403 630
311 776
241 83
377 660
335 324
75 252
120 15
94 224
54 370
437 805
122 775
106 72
45 222
212 841
76 412
222 587
329 661
369 267
91 831
452 446
107 817
138 601
380 482
316 695
0 476
262 866
334 424
101 37
422 629
247 704
365 339
455 196
289 452
110 377
28 658
329 630
303 425
455 394
212 568
446 150
293 752
305 716
309 675
111 739
440 145
208 793
347 81
243 532
228 514
51 123
307 744
99 226
184 680
368 163
272 188
373 44
159 63
31 682
356 603
108 172
356 823
269 323
286 183
388 256
416 34
2 58
32 744
228 392
91 669
293 542
443 23
105 153
368 504
349 290
277 222
14 214
176 750
423 686
267 690
334 33
218 732
373 800
297 771
97 496
175 52
279 672
6 362
62 645
158 237
189 432
273 52
453 250
109 306
318 681
456 384
175 59
89 165
430 171
382 292
166 125
64 122
367 146
375 817
171 114
123 579
88 643
416 210
438 223
65 415
228 751
91 686
381 401
178 448
353 185
318 865
297 664
6 277
402 606
293 639
47 284
6 207
435 565
425 413
341 588
90 399
179 791
334 518
353 398
295 185
402 467
57 526
100 342
223 460
307 456
458 513
179 390
114 720
84 237
79 728
267 102
260 687
108 538
44 11
321 400
382 733
221 822
108 554
424 322
291 212
167 715
412 399
136 769
88 495
214 857
203 745
75 102
105 442
39 35
420 198
423 202
312 255
456 369
102 258
136 611
419 643
56 390
84 781
34 162
307 686
421 493
440 768
20 295
370 163
15 16
298 114
9 107
326 86
65 375
118 220
258 377
405 247
383 602
166 201
257 36
401 168
338 82
37 662
25 126
26 105
88 659
270 32
26 12
374 427
215 837
25 793
100 103
276 470
406 866
105 136
74 120
68 217
200 331
437 245
396 48
53 367
157 588
111 784
205 315
303 839
200 214
308 97
454 786
115 673
453 129
379 250
260 527
414 44
447 681
89 756
45 591
385 275
409 571
397 713
61 750
188 359
132 611
457 469
240 170
278 824
252 199
371 653
417 253
58 87
214 819
1 640
23 226
405 651
156 515
105 363
72 475
428 450
203 203
82 45
152 322
74 695
430 122
117 606
159 262
16 248
85 603
295 411
232 479
394 36
72 306
130 658
275 427
433 756
373 433
419 704
116 43
419 840
104 368
441 866
158 805
131 830
161 139
105 556
448 390
317 366
58 779
195 784
301 351
453 839
84 8
146 139
407 152
38 281
231 109
419 192
317 64
236 54
267 722
419 225
198 815
254 821
337 392
293 265
225 830
327 469
251 637
362 503
376 134
141 804
117 786
61 415
302 610
85 809
105 554
112 509
177 155
208 5
188 181
125 4
327 836
353 81
263 251
459 317
59 623
37 241
10 849
446 718
21 106
228 676
139 795
249 282
124 366
287 83
333 743
324 226
28 148
430 554
112 519
7 564
284 463
156 767
110 815
437 611
215 391
29 537
317 172
253 593
95 432
17 263
48 539
135 840
201 475
299 447
112 725
183 662
215 692
34 167
407 325
440 841
94 778
18 88
411 164
156 401
92 89
164 460
177 844
147 362
106 73
173 35
46 811
449 209
454 523
311 301
273 347
43 464
200 468
112 813
77 205
38 148
447 467
332 199
210 47
176 821
330 192
259 537
409 722
12 762
235 141
353 163
137 485
154 203
51 614
211 445
104 255
7 544
110 358
9 139
364 236
187 208
105 198
44 682
77 56
363 20
19 476
231 101
294 341
159 676
402 724
51 52
338 295
380 534
340 316
194 851
113 128
448 481
89 228
194 348
71 762
319 0
213 210
135 113
78 194
266 269
387 823
203 16
358 317
162 708
314 478
71 334
348 364
201 640
131 828
245 710
378 136
366 482
321 126
46 142
286 510
334 642
94 142
216 398
87 247
460 154
397 325
276 712
262 586
337 533
255 122
40 319
185 299
79 452
132 412
39 754
195 222
350 51
104 521
204 567
219 319
398 850
431 201
22 596
290 150
356 377
208 767
276 460
1 69
33 461
344 430
177 573
130 605
299 727
426 23
160 205
284 249
349 429
350 655
236 435
331 781
275 617
407 724
216 300
455 413
211 690
317 514
239 130
184 808
242 631
271 829
141 310
461 597
435 735
41 391
87 460
91 840
224 557
383 160
393 380
373 354
337 677
390 693
327 516
271 2
348 401
288 232
214 729
287 810
219 109
181 317
432 614
81 233
451 601
212 127
369 234
196 488
448 791
9 141
184 196
461 378
396 824
383 556
124 139
326 292
79 498
263 497
33 282
86 624
266 86
144 50
134 630
124 57
362 587
381 33
175 534
3 417
457 4
437 590
402 417
32 701
58 265
168 406
78 681
170 841
19 356
401 92
53 732
341 842
342 714
411 143
52 7
254 626
406 827
208 332
146 504
321 645
231 250
361 155
151 704
40 827
338 21
88 65
393 853
311 247
323 784
103 252
116 600
192 436
231 45
56 661
237 584
124 454
252 130
25 285
461 727
233 601
307 325
142 796
442 300
241 643
39 537
19 585
339 853
135 135
141 775
182 119
290 419
385 180
157 523
192 461
443 789
374 196
235 268
253 185
224 219
454 176
16 29
366 539
49 343
180 606
80 497
226 340
406 601
402 117
285 78
25 482
60 368
343 761
330 678
277 436
370 76
460 266
175 763
94 48
309 586
226 355
422 212
108 827
210 311
103 703
456 34
323 703
326 268
181 633
433 119
195 498
72 296
390 306
361 396
35 12
254 519
335 209
168 590
31 450
232 784
83 500
420 416
273 289
104 331
1 492
303 577
352 766
252 49
150 810
305 39
444 352
223 444
245 483
158 831
312 490
240 117
205 436
283 298
170 93
38 459
377 255
219 721
177 168
255 182
171 558
50 769
207 709
106 449
9 65
122 417
107 62
338 60
173 599
8 684
49 188
196 385
239 464
411 583
424 833
442 778
79 781
143 599
360 351
443 859
447 509
294 46
412 485
312 724
406 261
197 729
348 156
403 825
270 793
250 150
113 610
74 36
234 594
359 138
310 52
128 570
83 177
453 616
222 412
89 594
88 53
316 112
201 106
206 404
205 522
130 212
214 257
310 660
74 17
63 168
421 684
303 137
408 715
125 463
418 35
428 437
193 611
195 515
67 146
265 201
123 536
315 523
245 809
131 694
238 530
458 314
154 35
137 390
254 827
140 368
288 337
398 861
78 148
454 2
376 481
191 562
49 240
57 294
215 294
273 181
284 621
201 547
29 14
20 475
284 687
52 156
454 107
362 211
356 578
458 445
151 312
215 589
400 55
24 401
98 616
167 455
205 380
214 671
1 218
354 431
452 176
18 545
61 747
36 542
185 180
286 517
385 307
24 275
77 399
32 758
128 599
26 780
174 170
225 93
123 244
32 236
378 59
367 185
323 620
415 832
305 472
255 143
265 181
281 164
19 315
417 840
234 353
65 45
145 796
220 610
252 659
148 798
214 11
45 360
399 100
414 63
408 236
67 724
348 442
66 748
229 731
92 754
458 260
58 189
32 510
193 473
6 170
347 368
106 505
340 340
413 123
172 39
374 308
230 265
265 558
77 798
50 341
398 563
425 223
357 502
102 211
96 60
10 157
43 407
250 216
299 435
221 559
248 691
155 82
272 225
439 144
401 412
108 235
319 120
166 814
52 472
170 595
426 359
205 48
147 423
383 562
62 657
107 414
337 714
172 147
169 453
74 356
33 528
414 525
396 40
321 237
291 322
207 43
215 668
132 825
128 122
218 597
265 390
431 504
100 747
262 392
411 399
19 303
30 412
20 243
298 132
173 425
233 26
265 862
119 236
187 182
109 821
21 7
424 716
208 81
183 172
287 472
29 772
24 69
151 650
210 807
283 531
253 555
381 687
227 816
214 418
356 270
47 562
70 779
427 831
411 559
62 53
276 238
100 61
302 353
412 347
131 846
210 20
276 508
280 122
306 636
46 421
386 152
302 347
380 210
174 568
280 160
74 148
12 419
416 627
202 432
294 768
220 454
80 148
232 393
270 130
206 866
335 226
214 420
324 306
311 420
180 371
317 838
312 453
449 618
163 651
437 618
137 303
251 652
173 675
385 370
137 234
88 21
288 438
296 525
432 32
87 632
37 862
414 632
370 268
96 847
256 615
120 763
76 489
101 267
394 625
391 59
174 831
95 203
340 674
304 709
307 671
91 767
112 225
138 731
212 546
415 730
106 813
51 219
88 346
44 434
307 362
0 52
356 344
223 8
120 78
236 621
73 812
348 644
142 284
274 188
212 240
392 37
289 204
123 294
338 542
151 98
169 482
13 844
113 371
339 256
29 208
131 693
214 718
453 526
358 36
179 752
327 202
454 640
1 205
419 107
311 62
300 531
355 804
353 374
171 96
185 555
107 362
220 612
326 778
134 744
331 662
459 728
135 864
376 344
227 809
61 427
123 543
123 307
460 606
33 39
299 173
129 66
330 497
219 612
402 803
71 293
373 326
69 531
278 275
333 772
428 779
11 722
461 3
114 641
286 302
153 690
26 505
299 78
417 88
47 748
30 802
404 774
376 359
233 509
3 59
145 182
324 185
139 176
246 862
71 400
371 151
333 756
246 36
455 414
146 514
2 308
435 480
272 74
144 786
143 213
15 227
43 408
296 784
315 684
100 431
442 560
227 144
73 320
94 753
388 841
422 866
38 128
269 488
437 171
180 230
210 197
310 338
164 295
336 297
20 699
270 342
337 294
405 542
176 87
178 150
400 325
209 303
393 559
61 398
319 710
35 703
266 56
405 778
381 217
154 10
384 176
242 361
425 112
326 34
205 137
326 454
143 302
406 633
103 449
240 446
4 491
317 743
111 20
384 660
410 661
35 839
95 44
310 538
145 597
189 151
326 722
299 726
371 342
383 856
443 527
188 583
357 798
323 540
127 45
187 737
228 157
403 372
151 849
365 749
165 427
16 154
229 578
55 353
165 605
358 850
122 569
458 271
13 224
172 448
18 813
423 482
20 40
360 320
182 72
303 794
442 313
289 350
108 173
295 647
459 279
276 394
162 635
299 157
172 339
32 317
1 863
136 742
63 264
111 776
310 406
215 784
238 376
128 482
360 625
280 317
374 113
173 537
158 793
253 411
208 52
415 770
300 551
303 297
36 566
312 78
277 275
429 96
438 377
234 772
318 856
52 537
171 294
33 789
95 645
254 496
456 334
86 274
57 217
211 438
325 808
11 598
137 866
373 232
308 126
124 188
320 328
7 10
250 206
444 806
152 215
101 172
277 240
157 66
188 739
62 294
156 497
102 534
312 692
63 560
209 382
456 402
70 781
324 635
196 634
152 506
139 317
125 116
257 59
423 628
339 387
392 167
203 268
138 239
263 102
40 750
423 509
83 406
0 836
266 524
145 171
94 591
49 510
432 544
132 171
401 726
82 856
453 188
241 656
135 686
127 245
360 709
262 271
329 636
71 240
201 477
302 99
437 807
354 36
427 595
460 55
78 23
314 720
447 278
224 568
24 189
253 133
176 495
282 111
327 805
90 136
361 837
391 459
202 284
4 94
345 630
117 76
157 775
249 593
419 432
348 120
299 608
225 59
71 796
194 0
59 17
140 787
273 476
403 15
328 523
385 181
401 612
231 139
311 445
385 526
205 547
289 735
194 185
413 127
132 659
213 847
353 16
298 616
347 320
211 74
118 616
261 691
92 188
234 69
359 196
89 416
171 530
95 179
372 353
113 269
316 639
319 702
14 79
105 51
345 319
143 77
440 284
223 158
429 531
137 771
324 796
257 426
425 820
183 423
371 654
347 699
395 648
354 566
95 716
241 502
232 738
137 419
262 202
170 649
35 6
283 690
377 112
144 98
420 429
423 311
8 382
415 504
219 806
372 558
292 330
236 424
193 82
276 701
442 283
271 435
193 422
422 183
390 77
432 616
338 783
271 439
446 359
295 372
160 860
215 66
32 743
186 169
241 163
208 170
345 636
305 726
305 523
323 312
299 29
180 777
456 177
149 85
435 150
338 833
365 768
69 690
217 101
273 844
24 682
68 801
443 711
445 201
188 341
203 115
239 684
202 48
403 355
397 675
100 610
346 827
417 581
57 731
280 790
64 521
439 663
339 389
392 125
460 128
192 191
286 620
214 54
421 158
248 786
226 863
250 299
349 30
152 224
249 737
118 537
217 320
77 508
260 132
140 123
344 80
227 657
66 865
27 864
338 149
129 742
347 52
88 290
144 73
327 546
241 360
103 303
46 594
219 335
420 659
153 577
129 150
30 135
449 689
218 751
60 202
443 641
166 227
323 262
439 41
118 810
38 508
234 9
250 368
201 680
352 155
42 265
22 234
218 267
120 653
123 817
282 798
291 472
42 674
87 409
338 589
65 620
75 450
301 28
286 195
259 516
88 64
363 683
438 813
86 138
256 239
134 252
257 757
331 131
154 409
392 381
247 516
108 672
405 638
149 547
61 581
165 354
325 702
236 572
184 773
125 460
228 402
79 354
172 533
382 636
345 205
416 774
339 577
65 413
204 734
276 31
208 201
184 352
460 591
243 109
15 120
78 203
55 112
194 732
97 710
453 320
146 301
256 662
339 570
420 281
66 802
274 198
256 99
19 41
280 288
42 130
18 15
37 178
244 313
106 304
122 721
284 50
188 113
250 532
383 348
339 337
34 172
334 833
237 859
384 77
392 400
112 776
339 749
17 634
129 113
61 526
414 291
200 239
12 402
176 94
87 365
117 116
43 626
18 470
361 468
450 63
412 531
398 589
110 307
412 634
184 187
100 285
230 304
398 661
118 705
198 157
272 713
196 543
35 75
375 282
450 824
431 118
220 378
202 764
458 302
458 251
110 584
438 320
123 866
258 710
430 229
244 632
393 673
31 736
36 794
49 526
274 396
71 275
7 132
153 105
243 130
4 695
40 650
175 183
116 866
23 451
432 610
334 752
142 824
213 862
406 781
93 658
347 493
358 252
0 522
293 763
225 813
342 29
302 801
243 36
172 502
249 685
365 229
404 578
221 25
389 530
39 747
235 74
120 545
440 438
381 69
126 568
286 178
328 426
295 693
272 564
305 659
388 323
328 158
270 608
134 87
78 413
152 142
379 403
266 689
184 373
450 36
389 763
252 510
105 770
410 173
282 685
16 305
74 489
159 395
411 587
163 90
44 275
10 85
68 691
83 702
240 586
440 546
205 665
142 788
19 86
453 728
29 442
31 446
123 303
60 254
385 638
239 306
182 572
392 181
443 470
89 833
38 195
73 364
453 401
261 821
379 732
327 563
23 13
248 759
200 827
362 0
189 428
70 759
436 482
358 770
288 301
425 206
271 407
417 375
106 99
250 511
88 167
43 857
441 862
35 149
302 536
20 858
139 239
326 88
372 359
160 512
291 640
376 704
435 327
161 539
116 344
211 647
390 546
124 770
206 152
399 123
347 221
308 601
459 335
37 301
99 511
59 692
189 809
222 124
214 272
41 849
457 556
453 72
87 717
451 593
62 618
232 659
31 587
381 547
312 444
417 796
9 724
236 507
203 755
159 75
249 380
238 23
424 675
50 649
455 389
91 564
422 130
105 297
414 248
201 100
321 310
314 189
7 863
57 202
301 656
387 612
333 826
438 802
321 307
320 735
177 244
317 792
105 158
427 100
410 220
101 173
48 810
237 504
322 713
64 240
274 143
433 335
2 120
112 242
182 43
428 292
82 378
44 725
269 451
174 371
16 506
252 599
53 345
132 619
225 507
426 768
39 37
24 343
356 847
343 683
270 151
53 695
382 177
46 664
23 780
302 85
111 443
100 845
341 490
166 12
424 280
237 697
285 71
262 490
357 155
168 239
422 516
18 557
459 399
60 803
171 394
269 477
192 735
58 744
254 302
102 69
327 244
344 683
28 297
402 322
201 651
424 180
180 198
358 750
222 224
310 40
0 552
211 744
135 301
404 695
53 214
374 138
171 775
59 486
272 614
223 377
302 423
33 422
326 743
401 710
98 209
293 748
168 231
237 82
410 435
168 675
410 627
163 220
58 681
37 497
371 718
394 70
99 324
116 374
167 202
65 167
412 364
144 632
300 225
27 517
8 676
165 119
338 656
420 500
51 96
123 582
242 104
334 304
85 83
151 667
1 820
132 401
427 416
90 807
405 469
111 226
51 214
76 92
343 291
360 769
454 179
255 145
98 686
187 152
360 27
239 796
30 66
206 193
37 197
84 587
28 656
60 791
370 669
203 618
202 774
51 623
263 744
206 641
322 524
45 98
320 298
100 151
227 47
382 623
266 470
214 291
272 418
246 42
1 396
99 126
396 700
421 277
185 239
400 229
223 666
107 602
319 81
228 489
91 352
193 193
278 505
49 429
292 803
147 206
83 667
442 152
185 382
21 588
141 117
82 668
434 247
201 237
166 460
42 35
333 507
314 194
450 675
202 45
305 31
273 178
338 267
387 129
124 857
376 491
84 537
85 101
146 788
330 118
116 311
335 173
120 391
136 58
310 207
383 560
26 409
162 100
4 325
371 768
286 30
114 689
403 740
300 431
53 670
294 742
65 434
2 706
133 601
51 585
373 461
382 5
98 380
210 508
44 823
391 580
206 780
197 331
53 446
53 652
268 359
371 613
78 521
172 759
173 663
157 103
186 258
162 416
4 180
281 431
431 464
99 336
43 241
456 381
147 487
318 611
74 861
345 520
47 414
184 192
417 336
13 314
173 533
181 756
172 107
20 363
231 160
195 413
127 672
232 584
102 619
126 110
423 659
173 404
281 392
231 705
153 354
164 826
232 657
371 687
58 400
279 361
58 703
318 55
116 654
186 607
260 376
332 539
459 509
54 497
258 32
17 316
211 425
390 513
179 614
77 514
169 644
384 713
341 726
454 93
297 464
81 182
126 728
130 7
454 70
45 699
98 494
303 454
283 839
212 367
321 552
56 116
210 188
209 186
413 862
221 241
289 632
201 431
151 105
256 253
189 777
321 354
129 299
1 3
216 177
151 526
244 718
11 284
160 376
85 625
68 380
94 231
198 309
9 698
5 636
420 204
121 283
7 736
448 567
312 808
172 218
412 84
441 226
46 765
73 161
315 496
94 24
116 55
351 294
189 791
384 499
159 675
394 443
349 572
427 378
237 688
405 409
441 70
436 762
233 861
98 721
204 744
16 58
449 864
32 777
253 582
295 271
213 34
144 541
415 469
245 575
323 805
97 257
388 73
299 290
364 303
382 315
365 192
101 671
389 21
117 206
325 333
399 103
253 406
329 819
332 417
152 411
45 75
253 819
423 464
142 633
321 17
390 296
403 490
34 12
223 581
53 234
356 199
62 520
233 669
300 799
79 298
153 44
341 155
195 678
225 12
440 520
281 441
137 743
427 216
406 840
37 283
314 817
281 746
42 535
87 424
250 140
11 395
252 789
423 491
444 436
268 6
347 736
337 796
435 8
256 729
139 306
337 668
166 244
454 109
108 132
238 359
85 155
115 108
122 738
367 68
55 272
111 94
443 92
392 373
348 129
101 455
12 444
194 17
58 177
204 236
263 492
175 707
172 478
143 156
118 802
349 254
195 751
187 213
248 1
461 474
450 453
263 200
176 37
246 10
442 712
386 589
349 510
6 455
408 255
219 260
373 671
185 20
117 324
307 387
203 849
357 648
429 292
391 317
284 804
374 501
272 441
240 387
8 752
301 289
450 411
104 421
326 256
374 110
458 603
78 385
15 458
19 488
58 576
92 446
241 495
328 569
304 766
286 730
109 250
362 863
427 289
106 851
459 20
443 757
152 112
320 279
404 542
51 164
218 572
77 814
372 701
84 605
330 447
368 240
250 767
439 532
336 547
448 554
43 333
357 652
322 305
163 723
436 321
46 376
272 853
67 239
262 324
173 807
68 788
297 505
363 283
202 163
232 407
168 641
54 815
264 429
168 210
137 768
22 535
102 750
406 808
340 341
302 325
444 855
189 374
445 824
391 172
133 538
138 103
392 320
230 536
348 782
52 453
131 221
222 621
458 469
446 78
267 611
198 781
215 419
376 824
347 687
64 454
422 554
166 260
391 206
427 506
384 469
62 697
227 245
384 546
451 222
40 200
212 75
46 276
322 498
240 140
362 189
91 190
451 397
133 22
42 385
313 436
179 716
407 601
228 136
3 499
276 131
149 139
362 2
419 321
3 332
387 636
461 169
6 11
231 406
97 605
358 410
3 780
12 305
451 379
253 746
77 278
284 439
368 28
251 349
86 611
225 139
27 797
393 585
137 563
149 151
340 344
289 715
321 60
339 461
389 350
424 316
410 125
329 384
159 831
375 216
7 37
121 656
251 619
120 757
332 239
364 769
363 826
64 221
444 810
320 209
140 565
30 709
429 346
92 320
445 283
117 638
308 149
81 9
232 217
280 778
380 190
180 852
281 203
75 505
41 576
252 473
240 833
50 333
336 19
111 58
16 103
94 277
359 428
95 821
385 648
336 373
373 746
166 543
382 609
422 92
371 856
137 377
225 599
90 415
204 757
266 34
49 392
245 231
365 377
213 852
378 802
178 675
341 598
433 180
53 816
154 147
113 582
58 501
78 609
353 470
83 607
241 664
334 350
433 438
316 845
112 583
300 172
404 310
284 433
421 746
150 576
304 706
242 610
257 479
178 374
99 189
188 377
317 187
119 102
54 108
104 726
105 496
383 296
199 223
121 663
423 795
38 462
162 297
315 411
444 154
452 613
218 262
345 280
327 87
277 391
15 655
38 419
181 467
290 0
362 824
457 223
328 559
167 503
436 159
163 342
209 265
284 273
428 322
93 44
279 137
72 437
157 784
161 464
187 610
324 786
280 847
230 374
218 481
275 429
66 94
15 508
415 535
341 463
67 129
387 201
232 232
282 759
326 106
453 518
374 863
61 272
299 795
461 185
285 65
16 708
360 154
230 571
113 439
157 636
361 330
175 408
297 703
105 391
89 90
410 195
55 739
43 31
236 521
369 741
272 343
113 653
194 100
199 797
363 40
290 134
417 563
392 407
445 66
451 3
169 26
64 293
77 680
15 342
77 148
297 397
381 780
24 347
293 158
231 38
297 192
233 552
247 291
208 736
322 619
173 832
300 168
42 449
156 657
324 420
392 290
291 352
210 468
207 44
40 153
8 794
278 302
138 535
145 826
9 675
13 861
14 837
329 810
421 462
171 22
110 367
391 209
41 518
379 833
28 158
199 126
267 704
70 317
339 442
295 293
412 447
207 68
203 510
453 253
180 734
434 742
419 668
341 314
78 324
226 803
15 646
438 230
247 855
349 147
35 98
263 479
250 3
360 99
14 315
247 147
3 585
105 316
252 796
434 714
28 64
149 438
193 553
373 524
20 327
179 319
243 698
292 779
223 257
193 121
180 274
300 674
169 812
153 327
181 825
128 425
331 116
130 164
285 784
106 327
322 78
89 29
336 208
49 784
345 664
75 281
376 472
442 732
353 412
259 629
24 645
167 639
187 365
339 288
237 555
191 48
8 313
298 650
134 140
38 710
155 4
335 492
351 842
238 267
239 582
350 428
451 268
336 463
147 789
26 50
386 219
199 316
190 772
389 603
409 512
53 676
374 296
457 774
95 208
62 484
326 350
216 319
279 513
403 278
319 675
313 673
371 600
166 517
458 405
3 282
392 845
325 565
66 642
119 396
332 810
365 270
284 453
239 441
209 509
157 459
291 52
36 377
378 752
343 730
416 76
291 593
427 338
304 537
346 863
303 542
65 173
21 122
220 183
129 298
290 784
291 692
96 747
351 549
399 93
146 94
431 288
109 794
149 642
459 515
169 210
456 593
12 652
237 714
131 393
38 386
54 390
74 434
426 492
423 449
135 699
206 541
117 717
260 302
69 397
345 33
167 28
48 263
223 735
320 284
293 457
114 392
435 374
250 632
122 225
2 55
351 20
246 853
152 598
0 745
235 462
345 442
136 636
247 641
287 673
101 518
313 367
6 705
421 7
220 644
389 327
8 289
143 486
33 277
455 296
324 188
457 456
170 37
196 107
389 40
308 441
206 45
187 123
72 176
111 57
82 822
60 487
420 363
60 826
282 666
291 797
351 564
28 306
23 301
409 552
331 622
455 227
196 281
278 776
146 274
50 108
34 257
216 594
25 449
43 85
117 851
356 482
243 793
330 58
66 815
57 183
151 12
212 90
390 384
196 671
458 145
117 65
374 273
159 218
189 260
242 673
19 201
211 235
185 127
10 39
1 196
416 284
139 28
255 95
384 88
393 111
150 657
253 492
129 236
152 254
199 255
396 607
442 421
99 347
420 751
199 678
459 158
392 197
295 140
18 756
113 452
336 264
27 434
347 135
224 138
63 675
298 15
403 710
401 140
58 45
169 122
159 561
452 682
395 311
288 156
220 295
267 316
185 360
242 228
388 448
438 308
263 152
27 860
127 392
460 485
424 856
32 792
209 423
79 536
327 574
218 530
66 527
122 752
326 592
58 720
171 725
328 621
300 369
338 107
134 18
207 467
2 138
195 724
82 380
139 412
21 859
453 268
281 159
39 734
258 80
105 816
444 841
82 441
215 853
77 388
272 543
444 254
67 500
319 287
452 470
342 208
310 1
283 328
321 296
157 835
103 670
198 196
82 127
281 530
48 367
343 716
439 492
48 670
132 343
130 619
446 74
339 293
197 0
192 141
16 116
137 706
309 414
442 243
157 566
134 122
447 316
132 837
238 483
392 0
356 360
9 679
203 784
318 115
79 507
434 396
266 422
180 428
446 312
377 290
328 481
118 641
195 614
327 772
412 633
100 192
276 78
358 705
144 349
308 73
135 105
445 168
131 466
258 621
344 242
7 397
90 489
244 465
159 769
223 413
132 303
249 581
360 525
83 664
217 289
366 696
128 27
301 638
310 635
141 658
137 715
241 262
398 359
229 229
214 81
362 573
203 420
221 244
369 358
30 608
203 0
278 445
387 135
430 551
328 62
259 659
216 639
246 642
80 356
8 640
120 617
268 763
452 579
295 412
384 353
419 775
369 473
210 409
451 459
156 636
374 792
268 645
229 657
220 590
294 602
129 769
53 621
218 55
371 344
424 687
56 513
404 787
166 423
246 261
210 481
49 707
458 165
183 695
381 702
388 725
104 748
128 552
385 107
59 512
128 157
148 383
154 57
461 756
419 283
179 435
346 166
74 454
280 545
441 402
52 527
280 816
64 824
437 297
260 799
254 60
132 836
24 312
56 104
222 26
136 623
5 310
50 646
60 699
265 446
439 748
306 543
246 770
375 82
357 393
253 800
93 688
179 239
328 391
243 699
155 382
259 260
438 103
459 244
390 677
38 496
257 490
255 483
266 629
353 651
308 340
220 357
322 429
171 507
402 731
309 317
430 390
211 9
176 489
71 368
457 674
385 183
373 192
201 77
319 553
80 14
202 263
338 5
231 309
67 310
148 415
339 724
149 718
3 710
429 563
356 519
219 615
202 146
376 723
354 356
321 604
400 158
288 155
226 552
252 564
166 472
258 438
412 427
143 757
142 212
356 287
221 796
356 536
75 757
38 379
310 524
29 832
94 859
322 673
345 88
262 534
228 194
353 567
86 213
242 388
373 107
155 411
6 838
151 290
246 850
36 58
108 196
367 571
453 519
222 204
363 34
295 339
371 183
288 61
138 167
352 626
193 93
339 405
333 302
335 136
366 780
412 361
192 294
343 464
133 365
374 311
317 161
14 830
268 62
253 839
114 621
301 10
171 661
143 516
309 432
172 421
242 561
152 237
350 319
247 482
310 642
192 793
28 663
319 269
125 127
458 569
26 861
365 463
87 652
34 583
171 846
300 738
243 361
304 238
247 319
394 590
63 602
454 49
256 204
20 119
155 795
96 344
369 605
68 727
19 574
39 176
458 404
62 74
118 740
119 98
339 335
164 677
324 759
276 517
90 281
93 263
163 295
106 837
57 736
119 758
364 29
85 123
130 828
51 238
460 447
58 241
110 474
449 682
418 325
160 101
160 239
139 219
148 331
122 445
366 531
293 3
32 688
326 298
373 643
215 660
331 618
339 582
251 496
215 549
235 575
6 600
162 55
420 759
384 421
149 37
45 120
444 405
87 529
207 112
203 32
166 59
64 346
349 155
131 767
273 405
393 184
157 61
368 674
182 783
111 17
342 359
103 19
252 404
391 765
50 585
170 153
324 150
413 623
224 5
377 599
124 570
379 10
373 391
71 280
108 807
438 286
61 72
53 372
41 22
19 291
234 406
275 367
413 51
52 393
63 545
274 771
319 639
38 211
12 275
128 602
23 187
412 105
386 833
213 21
160 498
216 592
261 659
148 301
408 497
109 534
179 290
143 796
195 204
223 447
256 275
143 850
175 251
227 252
92 626
262 241
344 499
17 711
38 865
57 493
374 326
360 854
23 221
290 396
42 510
27 798
139 865
419 834
356 221
246 553
170 557
316 648
114 325
79 524
291 764
445 219
317 590
98 659
41 135
310 767
347 854
159 339
31 827
269 567
147 83
455 386
422 591
229 389
166 362
195 239
58 203
360 319
204 306
290 631
413 833
334 845
3 25
165 776
222 118
53 79
21 459
36 261
212 520
437 74
327 388
108 155
178 536
238 468
349 304
457 566
266 615
420 449
223 508
246 418
181 641
430 235
438 568
52 833
224 686
230 591
183 713
406 402
349 610
83 447
218 416
327 812
75 500
156 450
104 448
390 246
55 456
43 475
217 384
423 502
259 701
39 13
184 618
129 156
207 82
161 516
316 8
226 624
370 403
149 772
125 553
62 304
237 348
283 218
305 12
177 660
26 496
258 96
5 326
116 538
250 452
376 286
193 587
113 10
280 130
430 173
449 337
358 180
444 778
283 243
70 208
312 655
119 59
175 5
5 315
97 160
198 132
254 135
15 666
158 756
99 10
75 611
92 843
393 267
318 440
156 2
401 474
119 821
303 504
158 452
223 22
60 523
178 207
334 639
380 673
438 447
384 308
379 499
199 622
424 859
369 9
56 520
180 203
357 772
194 470
22 377
330 856
368 584
461 534
84 318
238 856
40 626
338 750
17 2
310 860
210 558
396 716
328 707
159 134
12 376
362 668
92 215
167 416
264 212
163 318
291 285
53 100
308 561
413 660
138 469
5 626
48 758
34 76
349 713
294 684
425 32
414 70
71 353
293 725
271 153
409 718
163 705
304 854
449 193
320 506
131 244
324 760
399 293
368 20
425 602
79 709
443 844
114 255
445 50
413 686
266 355
381 8
362 55
249 94
68 693
201 184
135 343
131 494
275 76
215 99
289 579
61 288
257 154
73 745
36 648
461 814
345 343
101 292
130 720
268 34
158 350
7 129
82 705
150 773
155 208
456 685
458 463
67 848
381 776
404 273
362 350
119 410
230 724
255 90
16 208
375 734
354 569
295 860
164 237
299 82
79 373
296 279
244 513
319 725
391 610
432 405
355 826
460 157
145 187
205 710
89 133
393 120
310 367
393 290
386 390
54 752
122 787
44 29
396 546
45 715
10 625
42 38
179 513
363 325
246 458
409 421
378 856
383 865
330 840
253 200
429 734
93 860
269 108
340 640
31 770
289 241
197 801
377 258
322 587
288 721
213 306
423 396
151 21
225 700
389 614
168 654
82 577
86 462
397 187
378 128
148 826
375 675
70 583
264 789
184 495
399 575
187 242
393 148
333 660
163 690
279 863
87 235
374 249
357 545
360 644
451 690
359 136
235 279
193 347
361 864
341 722
30 414
450 476
284 159
14 116
7 485
185 52
38 70
38 528
36 322
336 862
387 207
353 596
275 68
87 544
171 696
140 57
50 838
199 244
417 258
89 310
340 858
10 818
45 818
23 541
168 301
9 596
461 806
312 209
278 222
181 651
113 629
246 66
288 708
329 796
78 745
415 709
363 5
197 382
115 836
116 539
343 649
306 130
94 782
34 845
25 760
161 503
86 825
424 493
327 627
301 612
316 654
344 345
416 524
78 773
319 756
210 818
323 821
131 732
336 220
54 788
425 81
434 413
151 224
438 662
345 260
151 88
410 157
334 180
329 838
416 224
65 758
392 480
294 494
445 439
458 565
219 14
306 0
107 855
181 182
319 638
236 15
294 679
343 482
67 337
157 37
407 469
51 340
291 430
109 573
225 786
60 512
438 246
102 602
389 84
186 220
118 151
388 568
11 545
388 811
84 114
311 603
236 400
147 247
124 56
236 627
429 258
355 509
274 451
175 812
350 177
142 837
399 811
56 714
450 725
199 785
319 394
362 63
153 659
422 206
279 681
342 452
138 853
187 106
362 656
297 377
182 343
423 376
401 425
201 630
163 355
272 481
150 710
266 657
394 638
69 431
296 133
360 663
286 253
311 611
447 865
368 294
175 210
450 423
244 239
260 182
342 681
367 659
368 682
278 487
121 121
133 426
138 343
254 168
451 272
77 195
69 849
53 635
423 110
233 551
216 549
31 321
241 693
451 436
352 97
366 510
311 593
259 240
300 324
225 271
124 777
292 221
435 147
123 81
153 332
402 816
165 46
110 30
26 154
264 13
108 248
288 169
400 412
202 466
137 369
115 625
193 596
120 476
28 722
385 196
419 539
183 526
199 713
320 585
47 707
79 391
127 595
423 117
343 599
448 72
373 454
226 292
145 355
220 567
188 417
452 462
385 764
243 739
282 834
408 54
4 298
365 458
16 299
346 326
417 333
277 739
438 168
225 621
285 865
10 546
426 855
404 755
423 536
177 841
421 548
294 540
179 51
81 97
309 487
143 6
86 58
350 627
294 748
194 698
439 415
233 422
126 15
119 93
230 398
287 72
150 594
359 269
110 16
376 599
330 317
200 72
172 694
430 583
113 645
193 491
91 254
114 611
206 321
272 435
91 822
329 365
82 660
30 370
24 835
134 716
345 225
329 182
387 547
440 823
59 268
317 179
367 630
371 67
321 713
387 855
371 431
4 121
150 647
314 510
3 241
276 226
357 814
371 100
380 458
12 813
331 65
161 85
80 463
190 862
253 806
266 23
242 554
17 648
58 678
197 683
92 390
167 85
21 821
450 348
188 517
154 787
29 519
258 779
119 470
159 167
262 565
314 310
197 611
446 695
100 678
402 852
242 579
344 539
259 788
184 554
318 449
352 160
286 281
458 110
329 179
128 499
223 372
404 771
352 860
143 583
41 213
41 122
250 857
65 592
397 333
456 109
118 778
361 313
22 859
356 57
36 267
416 723
340 690
152 19
113 748
414 767
134 704
80 372
330 207
241 304
96 175
422 495
232 417
156 419
278 628
51 12
76 631
376 197
284 524
135 331
363 329
454 486
61 864
435 328
260 602
399 78
37 602
190 735
285 858
134 852
330 170
171 302
115 833
22 494
7 361
87 115
237 290
102 222
66 169
93 414
397 366
92 527
317 26
26 226
290 184
37 43
88 376
108 448
109 333
459 126
243 49
10 258
224 502
198 497
440 855
81 7
420 211
303 255
303 697
147 16
239 188
389 184
132 684
398 202
335 604
409 150
67 644
383 441
273 114
16 20
252 189
282 645
362 637
381 359
252 698
31 617
288 292
282 450
69 543
411 597
266 150
34 98
128 214
149 143
165 785
9 667
226 41
172 703
110 4
56 802
99 720
371 278
275 312
433 139
400 214
56 441
386 545
269 67
30 706
214 583
56 644
121 554
393 827
55 470
304 520
444 496
31 834
359 260
151 369
240 469
414 183
342 596
159 466
233 142
214 589
7 560
279 524
213 33
85 98
166 37
269 118
182 553
300 427
173 275
132 729
105 712
162 409
318 724
211 616
178 337
127 350
320 689
237 699
101 161
184 866
313 639
382 639
156 768
223 766
356 437
169 634
22 621
450 108
408 132
102 830
393 743
298 416
356 128
332 631
40 682
424 499
174 296
263 737
333 325
145 176
189 556
430 201
49 74
105 221
364 846
204 445
48 51
199 374
307 385
22 531
104 28
299 88
153 48
233 430
76 326
95 214
294 75
233 286
281 680
43 811
399 760
22 318
116 843
314 365
392 128
233 836
384 475
301 423
80 132
409 860
250 241
460 83
303 687
105 629
65 612
179 360
9 481
61 447
337 816
414 65
302 757
314 223
155 11
7 508
54 782
173 28
369 484
339 223
291 548
84 402
390 483
52 332
347 608
398 218
442 88
208 202
425 690
398 827
70 480
175 537
234 231
392 361
172 185
330 839
184 575
143 164
240 338
421 472
131 679
75 218
55 582
314 692
210 109
62 408
74 124
281 517
127 760
164 152
165 21
353 345
4 734
5 127
68 478
73 83
130 664
29 509
423 829
207 281
323 685
120 263
410 526
249 744
10 314
76 768
338 520
74 572
337 471
187 847
182 328
335 100
448 594
8 657
90 159
91 728
59 761
256 1
298 526
60 627
110 46
29 170
142 72
248 289
192 770
431 677
139 647
162 461
446 250
351 533
7 471
218 846
144 674
58 660
179 58
72 419
262 721
167 444
195 416
333 437
227 689
10 375
379 491
235 659
416 399
67 579
342 0
358 166
93 418
15 23
114 4
98 395
266 487
340 779
49 318
137 497
254 686
431 528
200 861
80 211
127 319
189 324
396 757
342 619
118 806
436 377
94 718
283 382
439 421
20 352
56 218
237 66
242 832
3 436
186 103
401 457
51 851
276 335
437 639
389 453
284 292
444 239
252 396
274 106
155 767
318 763
383 30
458 234
191 123
386 441
410 612
304 438
161 824
163 39
181 34
42 352
431 4
361 643
234 319
150 176
119 25
299 66
63 566
56 275
436 547
100 593
3 773
330 473
293 23
449 33
402 244
244 665
413 58
9 168
397 88
12 56
33 848
232 7
193 242
283 375
307 284
268 565
281 726
430 72
109 585
237 514
273 438
29 604
137 5
427 262
342 651
339 354
239 510
365 44
359 507
221 322
330 262
111 462
410 838
350 791
144 49
190 710
133 158
71 829
336 810
179 434
312 125
440 468
102 783
163 314
315 443
54 452
193 10
166 633
226 131
255 203
97 163
85 424
45 210
191 768
292 92
40 282
45 585
424 301
297 170
262 811
112 550
246 605
155 747
172 101
92 148
11 316
89 143
245 311
265 124
146 640
15 296
37 449
255 846
207 83
216 197
377 533
16 104
329 597
406 32
346 77
184 188
448 64
438 635
78 282
247 396
441 358
361 819
275 422
66 480
137 765
197 515
296 146
64 691
415 661
181 431
398 609
101 445
460 132
341 694
141 297
50 805
402 773
289 704
35 247
281 140
420 725
437 446
12 611
92 542
372 544
412 213
60 763
335 368
326 108
35 21
4 82
368 705
179 758
296 317
284 538
14 784
101 157
63 609
292 439
276 727
221 149
284 314
313 148
234 271
295 668
436 47
15 115
330 830
422 180
20 738
185 354
300 719
12 391
440 525
149 304
399 41
202 33
308 234
91 451
184 50
180 665
129 234
308 614
133 783
276 714
391 88
429 649
324 147
348 513
347 437
191 205
333 494
440 249
263 112
360 698
188 564
420 228
129 233
197 410
129 194
227 856
391 431
46 764
392 632
59 153
380 800
85 490
349 508
57 764
228 788
443 631
329 854
361 590
270 516
261 130
134 828
275 799
29 290
87 802
324 566
22 853
292 404
348 702
161 545
201 576
165 213
371 199
92 187
3 579
316 652
88 515
11 790
124 586
212 163
265 227
42 838
13 40
240 360
449 178
397 846
211 573
198 865
279 108
264 109
243 146
443 315
238 733
115 417
90 645
426 124
340 384
108 86
175 431
232 863
37 410
286 639
415 667
351 603
85 134
331 200
288 110
77 237
101 106
314 831
30 108
197 168
262 163
207 380
346 390
141 106
298 700
314 629
301 724
103 832
290 482
183 101
401 60
160 828
58 240
44 363
364 811
422 24
381 367
39 308
280 221
297 335
454 193
14 247
296 405
191 584
443 578
149 482
459 798
137 0
414 477
149 669
340 279
153 430
284 138
233 73
17 709
57 106
418 376
302 833
352 420
22 397
224 108
260 118
246 78
318 730
184 122
26 811
231 596
267 788
189 854
377 513
69 555
399 323
182 729
128 770
122 85
383 750
125 57
281 93
430 61
130 410
19 390
30 303
65 704
236 349
355 580
412 521
242 752
295 214
309 88
434 779
363 506
417 806
363 739
107 503
37 613
202 37
133 654
29 726
116 518
443 46
287 227
331 36
38 607
460 673
158 242
81 834
160 481
288 736
202 225
452 740
114 471
441 712
440 844
113 499
232 817
408 403
4 50
401 374
317 771
316 293
221 620
324 55
56 189
327 17
5 721
257 591
411 737
288 741
211 97
392 839
121 471
349 733
36 2
304 804
254 704
83 825
247 272
136 428
30 39
253 845
198 620
341 188
166 61
337 650
297 309
121 836
401 689
218 212
135 708
289 85
435 61
338 181
247 188
266 438
358 620
163 675
452 610
293 236
316 315
253 525
208 448
312 70
221 684
149 254
378 254
43 689
310 167
23 779
318 492
49 801
4 300
396 540
140 647
119 412
235 416
2 418
279 220
217 129
305 238
11 348
446 247
36 97
34 823
256 788
62 244
81 249
169 315
372 96
355 280
51 436
368 162
436 461
275 163
372 669
307 525
37 841
71 746
80 246
288 412
404 587
415 434
350 217
200 244
375 575
195 105
95 545
5 844
27 338
422 564
305 401
379 546
443 108
368 4
124 313
384 586
70 536
235 100
101 196
156 324
29 744
4 302
175 158
24 776
64 402
82 735
227 591
342 576
112 107
185 286
8 90
420 702
22 165
67 517
457 220
454 405
188 342
201 215
451 671
368 692
208 629
427 525
352 608
343 488
212 395
108 775
169 758
406 11
110 185
140 591
198 719
15 496
104 701
150 656
253 858
66 107
81 590
76 851
233 214
99 296
150 508
268 75
94 77
71 422
375 407
0 340
253 184
172 472
127 55
56 462
144 476
326 552
70 626
39 560
134 85
342 69
387 628
433 574
322 222
377 864
169 743
295 244
360 372
143 150
123 171
429 866
105 538
161 547
74 282
429 465
129 642
209 322
451 767
240 674
334 131
332 607
155 729
228 441
217 178
118 479
100 355
108 48
185 429
21 726
158 311
15 302
420 552
386 821
286 684
66 51
11 135
156 507
114 752
352 275
40 47
73 395
337 795
105 773
372 260
335 523
266 337
400 515
385 784
249 11
184 183
315 136
219 381
294 322
433 604
411 595
89 16
92 171
235 417
166 623
306 208
212 743
326 448
383 121
253 780
164 269
49 26
233 835
145 531
71 519
183 668
184 378
88 641
410 396
28 35
412 793
324 765
404 182
332 527
79 293
365 121
425 840
208 73
189 58
453 657
175 446
319 497
98 50
432 719
86 287
226 335
92 617
210 248
227 321
184 664
40 713
349 123
155 257
339 303
139 790
200 211
77 132
136 511
431 178
46 305
237 336
443 155
120 29
95 657
412 631
252 613
339 28
95 18
338 541
49 744
388 329
436 122
364 203
383 335
58 233
54 552
429 186
25 112
353 820
325 255
453 153
166 58
307 807
25 713
17 54
57 68
20 322
154 670
239 846
187 493
50 69
59 8
104 572
199 625
416 535
432 18
240 645
114 324
379 232
384 416
419 374
419 582
94 352
298 496
47 455
16 544
226 417
171 515
58 199
121 839
0 599
219 724
360 726
196 15
129 307
357 172
86 449
403 631
81 175
164 95
160 555
405 521
414 199
37 133
296 585
289 345
207 386
267 835
268 864
57 285
434 488
307 289
126 357
312 361
382 354
181 357
88 104
40 526
125 459
448 710
166 487
285 48
337 793
194 800
384 232
95 58
177 14
216 99
377 197
312 553
47 400
9 832
459 27
178 252
206 817
375 382
451 84
281 492
344 621
260 537
14 341
128 50
26 605
216 845
367 453
146 222
444 9
347 313
263 705
441 460
95 24
246 702
34 579
302 734
433 231
427 461
83 537
174 71
220 670
229 680
393 718
411 453
457 644
444 33
344 810
332 723
330 602
183 152
317 766
47 323
348 860
397 590
301 77
45 792
251 386
159 763
443 26
64 422
54 91
93 851
200 775
274 251
190 466
300 766
284 592
238 577
114 710
415 571
158 510
211 194
140 441
250 669
44 651
438 420
63 84
165 668
396 245
305 686
12 521
109 215
46 279
318 496
282 139
147 744
14 176
455 537
163 540
344 177
149 830
360 45
356 53
230 190
45 90
90 810
96 783
322 72
122 493
98 184
389 752
115 26
328 306
274 592
149 104
285 841
79 355
196 477
187 650
140 537
357 151
393 80
422 286
310 608
228 260
178 835
26 645
192 758
115 177
48 704
438 508
76 378
144 728
96 662
93 824
69 856
420 134
435 200
421 824
123 392
285 628
264 42
140 664
134 680
17 705
199 193
346 129
358 711
337 705
427 661
150 598
307 230
28 693
275 300
224 715
320 484
188 710
421 70
118 404
225 807
461 608
12 849
356 840
194 369
273 14
126 274
331 160
182 477
191 24
413 675
67 540
28 316
267 573
160 603
398 271
122 819
408 22
379 511
5 840
63 421
90 450
247 625
407 100
385 243
190 386
188 386
271 521
235 108
46 658
223 228
131 779
260 362
44 307
432 740
8 419
205 599
195 861
333 491
86 854
439 575
432 601
458 74
181 640
224 232
65 201
97 169
38 154
101 316
305 856
276 552
209 675
7 463
431 214
215 601
427 536
272 632
145 400
215 23
392 849
385 503
373 150
314 133
328 471
295 617
90 687
104 848
62 309
303 217
316 609
410 664
285 802
394 416
185 367
28 678
203 454
259 615
355 272
220 161
110 677
7 690
248 593
32 7
64 158
288 104
309 383
325 478
40 594
444 786
336 377
64 813
192 679
409 700
130 537
144 24
302 65
87 760
93 421
301 434
294 549
248 153
141 267
233 433
274 128
316 631
219 363
57 402
243 723
338 10
448 586
29 460
314 863
43 764
106 248
294 89
141 782
134 844
362 744
194 39
152 547
142 636
415 628
115 616
444 863
183 151
173 55
305 583
412 371
167 120
429 543
154 48
202 228
74 337
326 14
409 202
43 501
393 477
299 267
170 835
243 203
291 296
271 75
188 436
78 695
76 480
252 768
121 773
215 524
229 123
155 689
406 285
374 402
457 599
23 646
170 387
401 162
429 12
352 412
161 515
444 666
95 614
130 463
405 454
256 133
135 422
74 466
279 282
172 394
158 541
217 722
108 747
136 488
218 792
323 635
109 652
208 535
326 723
153 445
84 118
284 32
221 758
246 273
95 823
339 80
31 99
406 300
214 232
229 704
397 59
221 483
99 95
190 249
301 857
341 504
119 591
68 456
380 428
162 238
5 363
303 327
282 360
211 449
218 662
141 842
37 807
115 313
415 331
171 310
346 99
382 817
331 248
387 832
12 240
238 704
208 215
365 286
322 269
200 294
9 216
245 491
368 728
81 194
232 826
121 494
299 697
238 167
436 803
59 344
157 665
296 578
280 666
207 109
209 515
206 678
1 796
84 818
417 686
273 843
359 606
195 49
253 276
192 772
310 486
342 92
115 204
285 59
19 764
428 728
199 252
407 693
265 571
218 451
351 544
185 786
67 790
376 440
121 506
427 34
241 80
398 799
270 436
290 138
323 154
327 192
41 804
236 708
73 424
227 18
309 545
297 10
220 489
144 407
189 758
67 850
78 451
377 720
14 184
442 484
203 679
296 595
213 776
11 651
12 575
288 185
212 439
148 738
341 353
7 663
349 32
348 711
222 779
357 43
286 554
324 223
275 362
120 429
228 642
249 503
162 533
73 133
415 739
328 165
140 41
233 256
17 458
108 454
298 822
106 647
413 789
419 779
338 645
220 201
232 827
15 152
380 141
313 706
115 560
295 852
202 763
408 558
301 257
315 388
339 160
141 751
357 178
55 665
246 141
450 178
356 111
13 710
247 785
139 645
458 201
234 787
62 336
41 660
386 403
319 131
252 785
38 447
283 543
269 520
52 370
436 853
439 407
423 600
45 509
266 574
403 567
10 41
341 856
401 433
390 831
295 247
116 232
248 65
34 438
14 566
344 11
112 57
192 483
371 136
68 64
201 310
385 659
139 78
15 191
89 450
113 24
107 475
432 414
188 629
445 418
149 790
286 372
320 359
88 223
318 264
293 718
417 691
157 206
23 487
394 7
132 51
89 252
181 518
204 518
334 724
338 727
2 819
218 531
416 709
293 453
315 74
184 573
38 143
330 518
321 717
279 441
422 779
59 717
101 785
82 9
414 780
130 729
223 35
222 574
355 359
314 409
90 692
113 802
210 813
188 394
363 543
394 794
54 421
298 171
141 704
439 248
86 555
244 653
234 224
285 322
134 148
353 671
145 162
286 196
354 706
354 453
342 758
29 268
189 584
165 631
412 27
329 807
42 693
350 606
346 164
18 34
288 503
132 5
214 814
365 37
387 816
412 313
393 700
379 189
451 338
399 322
59 77
66 614
112 593
145 623
63 160
234 175
400 72
275 306
230 247
359 272
116 139
299 506
87 135
141 848
106 863
149 379
365 797
333 469
353 438
453 702
364 45
444 670
377 221
341 418
436 344
360 612
424 389
374 446
278 455
304 519
67 614
227 828
257 254
189 112
146 477
196 604
184 332
30 12
442 324
116 124
280 422
229 318
166 437
262 195
291 523
296 231
45 819
2 273
280 232
426 74
166 411
61 590
95 487
100 83
43 255
146 112
225 859
303 572
135 171
34 275
421 782
45 158
93 799
138 519
95 631
358 708
179 634
177 412
361 701
235 543
447 189
395 374
106 644
439 48
234 52
254 178
290 554
339 704
427 714
235 105
344 461
133 71
266 609
449 156
231 296
255 679
350 218
445 280
312 260
435 627
29 827
453 439
131 74
71 778
110 563
368 392
354 634
393 592
427 755
224 721
285 862
137 39
334 693
186 148
440 502
110 191
33 581
340 798
304 713
121 92
151 770
282 81
172 270
90 734
447 822
307 565
455 815
195 235
438 492
66 238
339 383
395 546
331 447
138 121
130 840
348 812
283 541
167 817
335 865
417 261
136 803
430 343
26 351
139 249
453 157
244 819
386 230
416 641
81 632
341 251
461 441
411 806
96 838
261 234
123 228
15 516
71 272
195 231
293 489
108 858
451 208
251 238
390 388
16 186
189 461
271 837
266 679
108 213
3 398
100 820
160 23
78 412
28 254
103 414
51 643
0 639
359 360
309 486
417 67
356 791
398 702
106 114
168 812
188 191
92 28
254 699
124 740
90 591
445 626
328 524
212 426
239 163
16 255
122 628
351 272
39 784
132 363
282 267
460 58
140 682
49 746
2 713
366 559
281 192
36 620
224 747
34 141
194 158
327 250
60 676
162 566
37 428
374 125
308 503
243 141
459 358
188 220
300 533
235 549
313 562
434 237
426 778
149 770
52 806
44 158
176 461
188 365
239 323
314 554
36 350
154 114
55 645
208 594
363 37
278 199
132 779
118 743
77 788
457 63
112 825
186 778
21 153
174 418
152 799
374 17
9 811
368 437
237 139
53 32
248 245
225 466
245 520
60 819
230 598
308 270
22 692
289 306
105 588
15 275
301 489
301 18
437 566
15 690
322 104
17 788
75 643
147 148
213 727
200 792
194 161
91 304
169 293
152 87
248 426
157 532
408 554
311 716
183 13
289 299
103 631
414 317
108 785
158 426
249 477
176 443
399 690
105 60
268 605
87 604
185 254
114 705
446 683
205 13
85 38
131 634
330 644
211 151
301 415
429 582
319 187
294 224
2 616
295 838
131 321
366 446
179 300
229 105
205 645
97 793
69 79
84 126
324 181
113 76
258 792
195 291
368 381
96 786
67 189
282 240
267 106
412 180
388 7
312 573
334 136
56 628
319 604
337 707
277 149
48 136
450 283
439 278
425 634
34 605
225 369
199 437
263 411
346 81
300 371
241 147
274 798
199 149
229 583
80 822
325 270
349 340
211 590
358 856
161 188
52 516
457 292
194 163
169 479
318 215
115 641
412 509
309 571
379 239
22 705
119 239
105 62
25 314
406 705
5 744
308 370
174 617
146 549
187 790
402 391
293 557
321 365
159 386
215 21
357 152
194 633
367 32
77 78
182 240
319 264
437 253
241 855
428 269
419 68
351 707
332 571
191 615
74 73
63 366
419 371
143 187
434 634
213 361
254 559
227 162
339 784
145 652
271 490
117 582
331 616
360 236
403 293
22 823
347 823
426 446
441 336
405 677
379 450
317 228
60 2
384 520
182 725
370 225
313 74
290 253
331 550
306 266
163 837
62 738
224 74
47 17
302 391
47 66
18 162
77 840
253 527
174 623
278 511
398 842
380 43
414 294
93 660
272 851
306 607
271 814
288 116
307 383
91 830
125 597
156 290
299 693
461 160
312 221
157 556
200 722
385 110
367 259
40 832
360 192
170 439
427 138
88 445
249 122
231 429
350 36
44 758
361 134
290 186
197 326
449 486
423 598
373 91
373 265
333 121
149 153
286 378
38 831
458 562
367 268
252 369
270 3
353 253
372 66
456 132
390 855
172 258
419 555
46 127
239 799
313 399
452 105
296 11
145 820
84 409
34 856
79 132
346 583
202 799
344 677
186 788
453 614
242 136
224 187
291 722
365 86
239 859
457 631
46 729
446 249
148 15
459 266
111 577
194 228
243 860
144 775
385 608
86 761
40 596
168 838
427 794
455 599
417 668
375 323
268 290
13 521
385 475
419 816
40 418
358 787
135 189
413 502
188 64
344 821
274 803
300 852
136 284
303 793
31 529
400 44
46 810
12 155
408 19
220 828
436 660
20 503
428 349
230 723
297 89
365 447
441 329
274 359
308 775
311 51
2 272
246 525
408 550
289 14
429 354
336 858
301 566
299 297
165 669
299 302
77 261
322 773
69 121
9 164
314 623
84 248
145 215
71 834
306 568
373 254
438 411
435 446
112 693
127 673
247 354
249 769
22 482
191 219
397 420
405 160
410 22
195 426
188 482
213 838
123 63
38 539
409 560
386 164
431 15
305 647
198 718
298 75
379 706
285 101
196 661
447 577
58 303
173 310
111 112
333 394
246 583
167 180
435 495
313 581
129 249
409 470
78 274
4 377
221 344
445 812
230 812
339 589
309 758
54 40
5 6
433 319
136 273
64 7
421 281
30 191
347 684
425 853
66 677
340 57
258 708
104 430
12 11
57 191
300 657
388 430
206 334
155 136
159 353
435 551
32 163
36 440
255 687
328 252
388 362
250 101
214 856
456 573
326 766
451 286
66 342
348 625
57 490
124 0
234 287
89 542
358 351
50 644
437 860
11 47
441 797
68 654
166 54
39 355
443 827
38 290
287 139
342 421
441 319
445 482
379 310
419 17
350 746
65 307
433 317
454 330
213 540
182 166
98 666
72 538
346 512
149 549
361 432
19 232
198 788
143 562
430 266
459 205
415 81
234 415
331 514
390 503
242 99
180 107
211 682
341 285
136 349
158 802
310 424
60 67
179 670
277 394
293 33
347 149
74 263
219 385
143 128
197 400
158 683
324 357
399 803
23 518
67 840
4 175
451 193
175 487
430 625
380 23
270 53
343 125
21 800
191 865
3 145
102 187
198 485
103 104
129 860
292 126
83 532
93 514
383 666
355 323
286 97
76 189
268 160
400 552
289 436
207 104
169 759
219 138
180 564
103 458
155 264
356 465
392 145
140 674
214 512
453 432
270 768
168 822
324 311
275 760
102 120
156 427
419 175
148 775
228 210
130 209
416 414
260 58
433 23
271 322
190 358
10 520
435 216
195 201
159 14
197 71
21 308
380 656
255 76
248 145
379 404
406 292
224 585
363 233
129 839
261 265
345 428
57 353
137 469
254 461
312 351
167 255
397 125
392 222
325 161
246 20
46 688
45 28
284 509
253 706
170 532
425 73
441 268
437 777
92 480
239 850
250 345
59 522
185 615
362 517
227 171
323 408
177 850
115 244
213 174
352 235
387 741
184 590
438 137
81 840
204 502
107 655
280 753
227 20
166 435
299 590
225 33
389 121
176 614
134 521
456 574
425 859
38 560
280 779
135 760
285 758
161 45
415 330
169 352
273 217
88 117
427 765
380 376
230 704
262 266
136 556
273 848
68 775
355 697
328 643
139 50
419 35
351 117
332 791
65 744
257 294
300 387
59 792
27 113
344 601
59 126
29 705
134 474
337 512
317 725
4 574
317 726
29 558
459 710
114 304
61 470
358 331
47 547
239 831
132 85
216 602
17 393
351 240
452 726
166 582
162 653
290 357
201 199
208 850
287 618
318 521
143 502
90 626
157 866
83 783
100 658
253 129
354 470
104 862
327 256
234 441
99 432
190 866
64 584
453 847
179 335
116 280
57 699
192 525
389 465
37 419
255 74
109 758
290 774
316 261
388 834
219 518
253 151
228 99
273 657
376 633
308 212
206 761
317 624
319 54
23 10
275 330
189 98
103 412
387 347
348 152
84 144
35 425
402 40
119 699
44 63
43 239
403 804
171 716
213 62
29 23
344 181
309 759
76 244
88 326
80 715
268 345
405 685
421 411
234 141
15 492
128 260
124 6
360 633
245 96
392 369
193 321
174 354
370 728
4 572
439 689
37 52
421 617
200 473
120 67
134 357
408 16
385 204
236 183
336 735
303 270
147 813
454 604
107 866
292 97
455 774
2 5
93 199
265 502
195 131
243 542
313 553
73 511
219 237
193 724
237 763
384 746
324 138
377 147
137 811
290 132
223 467
367 293
320 781
14 518
220 445
358 342
215 672
313 180
149 710
254 838
318 253
174 210
309 27
354 808
205 828
165 291
349 165
139 177
235 857
436 408
292 183
235 45
315 149
175 722
303 192
103 12
176 521
253 542
281 601
36 275
451 440
228 459
157 187
402 147
230 99
62 518
27 135
255 103
278 646
129 774
410 212
308 264
22 802
32 722
31 513
196 28
289 565
95 93
405 476
341 282
245 585
111 185
390 600
88 677
53 163
429 583
83 503
197 694
85 320
45 395
114 363
271 403
360 22
281 826
1 807
107 429
236 41
417 829
195 37
253 716
263 537
280 385
112 306
268 14
29 335
35 377
219 654
45 416
31 188
138 273
143 769
168 30
407 629
396 591
152 170
370 366
152 299
193 764
101 611
29 108
25 594
337 557
84 714
21 820
372 617
340 547
396 617
263 458
133 136
173 852
2 481
244 248
133 610
282 39
90 859
258 644
61 90
335 481
355 217
147 387
257 617
277 747
120 797
84 167
404 338
396 71
25 242
43 433
68 740
220 219
252 270
352 823
401 245
288 42
226 22
312 214
273 267
448 865
123 256
230 774
207 257
337 35
84 371
327 158
167 633
430 87
277 11
425 692
331 442
131 804
310 237
343 516
422 162
82 760
137 850
388 474
328 717
64 645
449 294
346 718
231 342
326 166
317 863
209 594
278 560
55 125
203 189
327 650
132 525
146 455
378 298
118 115
394 847
317 25
171 419
41 744
401 703
306 344
274 161
350 32
447 226
184 312
97 528
223 483
60 379
120 502
415 740
45 848
178 421
232 185
117 745
125 327
62 397
135 155
98 583
188 446
73 46
238 395
314 127
441 212
305 136
452 322
411 41
185 428
56 421
312 246
175 433
118 436
377 106
122 414
370 197
168 608
384 517
3 36
250 431
437 663
290 487
79 333
258 814
445 259
330 648
135 434
436 466
382 802
76 343
443 257
119 177
188 851
274 605
335 184
264 366
128 399
192 115
361 681
343 763
201 64
194 793
155 694
9 781
461 688
308 551
342 642
310 476
182 856
41 553
184 666
382 706
22 626
396 354
212 561
241 328
401 693
157 228
428 732
349 679
118 206
341 565
102 758
1 84
375 312
255 470
118 499
79 346
308 300
366 817
295 35
431 183
125 450
15 101
196 141
123 300
445 634
315 172
356 215
274 445
303 373
111 24
214 851
243 12
160 148
212 96
133 327
303 601
296 697
459 427
270 771
400 668
440 617
60 441
115 441
113 782
80 566
395 36
419 835
372 509
396 173
55 648
343 312
280 601
299 226
48 362
372 794
269 698
19 269
79 75
67 70
258 820
59 74
99 749
191 418
48 251
194 175
2 71
19 183
125 182
228 559
151 488
234 136
251 368
415 156
291 819
249 413
341 340
98 582
409 545
3 685
351 361
355 487
130 151
42 271
418 565
51 769
92 616
124 75
179 464
335 421
177 72
68 446
201 852
141 14
326 170
60 154
184 218
127 164
44 678
48 519
311 439
439 63
248 213
430 586
345 858
386 11
436 775
125 397
436 521
300 53
321 431
195 758
271 273
71 821
47 366
69 179
120 38
393 483
89 403
116 166
43 99
203 818
196 7
202 320
112 782
115 327
89 44
7 216
433 372
451 316
223 92
19 443
411 51
82 611
317 492
19 411
115 13
19 564
348 468
431 151
314 819
302 307
374 367
154 560
263 7
216 584
302 356
169 489
300 629
287 283
271 748
21 487
411 701
29 291
442 471
205 238
351 21
62 670
215 544
379 374
402 748
60 264
346 412
370 674
61 527
120 620
283 265
150 385
75 834
126 794
219 780
407 424
460 88
126 354
189 169
7 251
175 155
115 316
254 708
263 837
404 266
366 138
330 439
271 239
458 341
6 230
298 446
293 689
213 561
117 439
191 245
386 643
255 92
222 841
35 148
157 711
231 573
437 532
138 421
247 847
293 140
362 721
154 192
55 157
91 625
296 302
389 330
276 842
40 252
289 591
376 560
47 832
365 817
180 281
220 844
273 434
170 382
430 374
242 825
144 798
385 437
130 850
390 571
100 47
80 587
350 70
263 611
242 20
455 840
394 697
351 737
220 273
313 100
419 843
417 713
361 753
400 249
331 757
327 636
439 294
207 235
226 196
214 56
368 235
437 69
165 636
325 776
280 157
414 312
16 390
354 529
195 314
288 339
195 355
83 296
265 700
337 127
78 339
247 213
396 438
144 509
291 315
343 186
96 697
45 307
289 515
408 677
215 54
343 346
202 193
126 206
48 139
59 550
294 86
99 422
28 106
218 811
281 494
387 72
132 259
181 227
145 526
211 185
105 605
291 100
322 463
335 717
456 690
121 4
332 531
281 801
265 866
261 185
448 745
325 474
100 94
52 529
90 463
345 406
295 433
228 240
261 648
32 81
33 747
420 3
325 34
448 489
216 375
390 50
89 421
318 803
83 133
338 495
138 93
82 147
451 562
314 132
174 327
53 694
114 609
120 511
323 380
120 529
102 644
119 725
183 652
390 598
243 392
38 14
299 319
8 109
181 180
414 580
201 229
107 692
212 832
157 195
66 633
427 457
378 322
361 500
354 541
392 235
123 352
70 470
452 797
25 634
247 582
454 14
67 280
60 817
412 7
215 575
370 495
223 303
143 465
144 739
174 28
45 256
60 250
437 733
309 137
187 445
248 521
369 201
195 123
339 388
240 163
285 597
311 187
352 354
241 162
65 766
363 642
299 532
239 595
407 853
145 378
68 257
265 135
101 664
147 163
145 693
335 706
17 193
68 766
449 666
273 827
165 504
338 29
366 826
77 571
334 600
371 726
384 642
271 669
109 530
430 21
24 317
434 674
94 423
157 353
251 802
277 721
84 176
398 81
393 347
89 550
122 350
199 643
379 485
271 117
252 685
81 19
73 127
461 230
322 63
386 563
427 287
357 166
406 284
278 847
260 116
332 541
27 235
437 55
228 436
54 550
230 375
48 538
348 235
159 172
349 522
206 619
374 850
391 63
54 793
20 554
201 593
111 424
4 600
211 104
24 265
46 264
148 480
369 472
16 859
29 495
180 170
309 385
12 257
319 788
300 400
281 619
247 856
256 383
303 718
311 366
344 280
442 352
150 824
125 554
260 704
212 246
301 321
69 479
64 688
384 65
394 106
410 313
248 833
107 434
97 658
7 243
316 817
325 775
366 104
404 115
317 644
238 778
298 236
96 313
15 738
326 506
16 649
138 602
302 865
95 434
125 513
117 477
75 466
353 663
441 253
37 706
312 420
59 489
13 44
399 764
293 37
106 324
192 638
157 398
80 755
434 568
26 392
93 433
448 494
352 322
179 526
447 715
11 392
19 641
320 492
455 574
100 219
75 750
99 434
54 290
404 410
366 315
328 591
121 575
71 691
75 221
259 332
37 556
363 687
199 686
140 503
18 189
311 310
237 391
216 621
190 692
310 529
157 225
270 376
310 795
34 700
86 534
83 252
329 69
243 776
304 150
291 425
355 122
456 234
427 665
372 162
146 538
263 826
190 63
450 576
411 630
207 824
233 47
358 225
32 865
83 861
255 794
326 728
379 755
243 829
413 716
91 458
267 61
454 515
92 214
67 115
425 157
262 4
201 112
289 451
75 339
406 766
117 433
457 437
235 323
224 858
230 451
350 365
124 407
342 108
254 588
313 405
141 247
106 136
132 670
337 494
384 692
227 598
87 305
367 21
380 162
458 112
20 536
23 522
250 82
324 171
90 388
75 562
211 224
368 780
174 431
114 108
11 51
125 172
325 304
370 275
208 549
148 284
247 727
22 211
223 452
79 777
146 827
375 65
240 733
258 602
88 523
418 434
426 832
404 678
79 188
302 836
109 684
454 278
440 315
316 265
423 131
36 762
342 614
334 234
19 171
366 107
29 760
115 488
158 183
409 379
278 368
291 327
